,ids
0,1364189098194464769
1,1364178617614360581
2,1364176674745647104
3,1364174556966113282
4,1364149333357117440
5,1364149088913080323
6,1364141495415164928
7,1364139651796242436
8,1364127622272319489
9,1364063657643098112
10,1364062514825342976
11,1364060582895353856
12,1364031645221867522
13,1364016420850434049
14,1363997974813155331
15,1363997262301564931
16,1363992183246901253
17,1363989921564942338
18,1363989656157777920
19,1363986609826332674
20,1363984990552395777
21,1363978274536386562
22,1363976837911748615
23,1363965810482495493
24,1363964903317454849
25,1363958799497895939
26,1363955004781064194
27,1363954068226519049
28,1363950148259368969
29,1363948865725095937
30,1363947304001146883
31,1363943851715670023
32,1363943537893658628
33,1363940706717466628
34,1363929335707676682
35,1363915272164438019
36,1363913636062887936
37,1363913273662439424
38,1363857588014710791
39,1363818481947467777
40,1363794971632017412
41,1363740132801732610
42,1363634146283843588
43,1363633740749148162
44,1363617042105008129
45,1363606709516857346
46,1363597754149335043
47,1363584585486004225
48,1363574114884157445
49,1363563812725673987
50,1363562751004663811
51,1363557711284228097
52,1363556467039756288
53,1363547203181174784
54,1363545155610030080
55,1363538433097035779
56,1363532460227776514
57,1363531642766299136
58,1363527249853632516
59,1363525603459297284
60,1363511666470707204
61,1363508066671603712
62,1363506210704666629
63,1363503555173351424
64,1363495363089489922
65,1363477158321156101
66,1363461590427832321
67,1363451601969627139
68,1363443709141016579
69,1363435773999992834
70,1363410028145893376
71,1363382432922238977
72,1363283902077538312
73,1363282708118536193
74,1363281924739973120
75,1363225060555784194
76,1363224921145540609
77,1363224782108524549
78,1363208865421160448
79,1363203287407882240
80,1363197554909937679
81,1363196044981522432
82,1363094260292210688
83,1363045663685160961
84,1362917693347749892
85,1362912731213541377
86,1362883732139573248
87,1362883063445921795
88,1362816530514337794
89,1362791227377262592
90,1362763385167884290
91,1362759090867437571
92,1362758093134774273
93,1362754921687359490
94,1362751684691316755
95,1362748862843285505
96,1362735513296392194
97,1362727750495313920
98,1362726566200029184
99,1362725929609551874
100,1362715236105678848
101,1362703412769480705
102,1362692519948144642
103,1362556671030145024
104,1362522292614488070
105,1362521995943043076
106,1362510426081288193
107,1362472466237579269
108,1362458874348007424
109,1362450823415005196
110,1362447550918385675
111,1362433696566026242
112,1362428706229268482
113,1362406544906858500
114,1362404363394818050
115,1362401566934917130
116,1362401452761694208
117,1362400253153009668
118,1362378212660170754
119,1362345023300399107
120,1362287754424508416
121,1362168803774377985
122,1362159228304166914
123,1362155837570088960
124,1362144476421124097
125,1362137335836651523
126,1362114344163631106
127,1362107836751306759
128,1362102717460713474
129,1362099746509324292
130,1362091638177292289
131,1362089334510399493
132,1362088879667478530
133,1362069579305000963
134,1362050921019146244
135,1362025146048016387
136,1362021271052169231
137,1362017942825820160
138,1362014810926436360
139,1361989950284169217
140,1361987019585572870
141,1361985199605694464
142,1361894030246821889
143,1361826474425262081
144,1361814970875465728
145,1361812092945379335
146,1361808864816091140
147,1361800561675415552
148,1361791562804568080
149,1361791366053974034
150,1361782132683767814
151,1361774999045103618
152,1361774903360442376
153,1361768902733266948
154,1361768045543378945
155,1361766818839486464
156,1361766399945940993
157,1361747533215727620
158,1361745216185786376
159,1361741614314586114
160,1361738970900611078
161,1361731898461069321
162,1361731360923205632
163,1361727580202745859
164,1361727413290434561
165,1361719375200419842
166,1361718064929210378
167,1361717007406821377
168,1361716077085020165
169,1361716058420375555
170,1361715066761052164
171,1361673578207453190
172,1361667993755922434
173,1361630794079494144
174,1361630265970458626
175,1361579453671964676
176,1361457341233836032
177,1361447306218901504
178,1361441234670268420
179,1361402952204890113
180,1361400289803313157
181,1361399344671453186
182,1361396089572753408
183,1364206837155958784
184,1364203842615844865
185,1364199345017470976
186,1364188858305380354
187,1364186611857129474
188,1364183745247518728
189,1364180648613842944
190,1364180574718615552
191,1364179510262915078
192,1364179150093905924
193,1364174553786814464
194,1364174451882012674
195,1364174407560794118
196,1364173635129376768
197,1364171964139634688
198,1364171636405121025
199,1364170627356196865
200,1364170386095673345
201,1364169585231036419
202,1364169425281253385
203,1364168924225536003
204,1364168145674641411
205,1364166761512390660
206,1364165667805609984
207,1364164977129644033
208,1364164091691040770
209,1364162929076109314
210,1364160420488044544
211,1364159551902273536
212,1364158209368469504
213,1364157131373608962
214,1364156871519698944
215,1364156807309123587
216,1364152367466299392
217,1364152025324392449
218,1364151988737425410
219,1364151859875872772
220,1364151154129649664
221,1364150735064215553
222,1364150284222672898
223,1364148703297159168
224,1364147827308457987
225,1364147732076756993
226,1364147350713884672
227,1364146592727654402
228,1364145658853212161
229,1364144966021361665
230,1364144334052950022
231,1364143638289281026
232,1364142544041500674
233,1364142333533552641
234,1364142293897347072
235,1364140751970533382
236,1364140441252298753
237,1364140287543623691
238,1364139870768267265
239,1364138354783223812
240,1364138149480398854
241,1364137792494858241
242,1364137412826431495
243,1364136403408465920
244,1364135363292385281
245,1364133846854336514
246,1364133802063376385
247,1364130851886428160
248,1364129916300763137
249,1364129789649555458
250,1364129371146100736
251,1364129327730802689
252,1364128256094535684
253,1364127981128601601
254,1364127962266755072
255,1364126822338875392
256,1364125625204830215
257,1364125452818874369
258,1364125416005529601
259,1364125101743108098
260,1364125006842724354
261,1364124723173613569
262,1364124697781280768
263,1364124552431812610
264,1364124507062083586
265,1364124414393131008
266,1364124323628335105
267,1364124260856459264
268,1364124227293618176
269,1364124028676538368
270,1364124027766398976
271,1364123954575720449
272,1364123917707862018
273,1364123722983030785
274,1364122901838987264
275,1364122878715822084
276,1364122860051136514
277,1364118355557376008
278,1364106257687265280
279,1364105872071405568
280,1364104839408586754
281,1364104572634095617
282,1364104296476852226
283,1364104220832636929
284,1364104176507056132
285,1364104070345207814
286,1364104018310672388
287,1364103923078893568
288,1364103888551477250
289,1364103816065527812
290,1364103732850544641
291,1364103716245303296
292,1364103624255807490
293,1364103594841145344
294,1364103354612387842
295,1364102909437304832
296,1364102773160239106
297,1364102676020133890
298,1364102577923760128
299,1364102433249628168
300,1364102258661687298
301,1364101905417457666
302,1364208121376362498
303,1364203414691983360
304,1364203280046391301
305,1364203055902818306
306,1364202082409021446
307,1364200096150278144
308,1364199072593231872
309,1364198081491836928
310,1364198035354505223
311,1364196854578225154
312,1364196103239958534
313,1364196090057281541
314,1364195344939106307
315,1364195276311982080
316,1364194601477799939
317,1364192910640578560
318,1364191831588810754
319,1364189966184706048
320,1364189622646018052
321,1364189223595765761
322,1364188412375412740
323,1364188134280486914
324,1364187760895082499
325,1364187653646737411
326,1364187206152241154
327,1364186032674078724
328,1364185971386966017
329,1364184854741606403
330,1364184777042120705
331,1364184582342533125
332,1364183922322640896
333,1364183683868078083
334,1364182179551526916
335,1364182133292605442
336,1364182075667021830
337,1364180945151082502
338,1364178928072548353
339,1364178354077765632
340,1364178031540137984
341,1364177495495487491
342,1364174934914777088
343,1364174553786814464
344,1364174322206654464
345,1364171872091398147
346,1364170996450795520
347,1364169280636542976
348,1364167351130861570
349,1364167319870652419
350,1364166189719687169
351,1364165971905286144
352,1364165907271024641
353,1364165852363390976
354,1364165202200174592
355,1364165020779741187
356,1364162583985590277
357,1364162542294208512
358,1364162185543491584
359,1364161959218860035
360,1364160039519465472
361,1364158360766083072
362,1364156258945818624
363,1364156013469982721
364,1364155968062390273
365,1364154574450405384
366,1364153533650661377
367,1364152790348668928
368,1364152668776632328
369,1364151074089816067
370,1364151072684728320
371,1364150716848308229
372,1364150645834608645
373,1364150552402214918
374,1364150129306042371
375,1364149605043159040
376,1364149227794882563
377,1364146404608868354
378,1364146028400824322
379,1364145494184894464
380,1364144907951169537
381,1364143468575137792
382,1364141800521400325
383,1364141311809511426
384,1364141207312621569
385,1364141081932267522
386,1364140910842363915
387,1364140717795405831
388,1364140573943341056
389,1364140444939124737
390,1364140300004970496
391,1364139550159872000
392,1364137003093282820
393,1364136405488779265
394,1364136206007738370
395,1364135458674982913
396,1364135307285831680
397,1364134832293482498
398,1364134283745652736
399,1364134051687395328
400,1364132952821682177
401,1364132171783536646
402,1364131650339274754
403,1364131393274535939
404,1364130554900144133
405,1364130411769643010
406,1364130281427468289
407,1364129453098622977
408,1364126300156416001
409,1364125299777093633
410,1364125144973799425
411,1364124554025664512
412,1364123776892473346
413,1364123580209000448
414,1364123360045760512
415,1364123287714988032
416,1364123137303072771
417,1364122930591002624
418,1364122546057211912
419,1364122018409496576
420,1364120858906812418
421,1364120065755541505
422,1364119599936122880
423,1364119152382926848
424,1364118914230288385
425,1364118605210738688
426,1364118390579863552
427,1364118151772921857
428,1364117989830885377
429,1364117860612718595
430,1364117620287537152
431,1364117099480834049
432,1364115092917395456
433,1364112359955046406
434,1364112028005261312
435,1364111151622193155
436,1364110839247216642
437,1364110172499623937
438,1364108600784912386
439,1364108243035971586
440,1364108212346183684
441,1364107975946874882
442,1364107907919446018
443,1364107448819326976
444,1364107439835078656
445,1364105381677588480
446,1364105139309707265
447,1364104952759607300
448,1364103384022802432
449,1364103210705772544
450,1364101883737088001
451,1364101703906304000
452,1364101512310513664
453,1364101063155064833
454,1364100793020907523
455,1364099524935974913
456,1364099350541049856
457,1364099312834277376
458,1364098743432273927
459,1364098425613074433
460,1364098266737041408
461,1364096813045841922
462,1364096799003262976
463,1364096608586104835
464,1364095705896284163
465,1364093663614300160
466,1364092858614091781
467,1364092845393608707
468,1364092764699426817
469,1364091886479302656
470,1364091559034163202
471,1364089803936059396
472,1364088935308222470
473,1364087875139215360
474,1364086956523728898
475,1364084081588400128
476,1364083693099319297
477,1364081669007892481
478,1364080496754442240
479,1364080260346769410
480,1364079578193551360
481,1364076012288565254
482,1364074749220048906
483,1364073708160249856
484,1364072845031206915
485,1364072542835793922
486,1364070728606375938
487,1364069872259448833
488,1364069643099471872
489,1364069638833856514
490,1364069553471422466
491,1364069058329640960
492,1364068637389295617
493,1364068142276820992
494,1364067871052152833
495,1364067469988618241
496,1364067181978415105
497,1364067118245896192
498,1364066393117908999
499,1364064625474629637
500,1364064576619307008
501,1364064545908621312
502,1364064350709841922
503,1364061962804617216
504,1364061550215106561
505,1364059869620412419
506,1364059649692102657
507,1364059449959325697
508,1364059241598902274
509,1364058126866120707
510,1364055907961815045
511,1364055569447936002
512,1364055455715254274
513,1364055178413043714
514,1364052874376937472
515,1364047740364333057
516,1364045945474846722
517,1364045487503011845
518,1364045066126438400
519,1364044650810650626
520,1364044460569595911
521,1364043037991702535
522,1364043030857211907
523,1364042407457796101
524,1364042053492088833
525,1364041504365441024
526,1364040757959684100
527,1364040092726272007
528,1364032443431419908
529,1364031558919806978
530,1364025431121354754
531,1364017473171947522
532,1364013206289670152
533,1364007355508219915
534,1364003042111197184
535,1364002183822344201
536,1363989127323090947
537,1363984739363942405
538,1363982494706659335
539,1363982239957209092
540,1363981184355680258
541,1363978355389964295
542,1363978055878930438
543,1363975398539866120
544,1363971954076749826
545,1363969668793438213
546,1363966383302836226
547,1363964489893314565
548,1363964091497385991
549,1363949046755450891
550,1363944827595988992
551,1363941047701803010
552,1363939368067616781
553,1363752491553353728
554,1363622968086192129
555,1363399783810011136
556,1363271897128071171
557,1364209529496469506
558,1364208553502920705
559,1364208536910258180
560,1364208520246272008
561,1364208293233754112
562,1364208261856178177
563,1364207993970163712
564,1364207805624909827
565,1364207651593347078
566,1364207366246457346
567,1364207289213870081
568,1364207226311835652
569,1364207086574395398
570,1364206904285794309
571,1364206894785703939
572,1364206656561774592
573,1364206634822688772
574,1364206526978797568
575,1364206478144454664
576,1364206333076115460
577,1364206297936236549
578,1364206165714997252
579,1364206089961697284
580,1364206065030692865
581,1364205886571429889
582,1364205792640008194
583,1364205375050899456
584,1364205297699610626
585,1364205241739132935
586,1364205225406521345
587,1364205130359463937
588,1364205070611599361
589,1364205019118108677
590,1364205002772934657
591,1364204997840424966
592,1364204993440530432
593,1364204960636948481
594,1364204813362335747
595,1364204778922930177
596,1364204154839834630
597,1364204142407876608
598,1364203835196121089
599,1364203669282037760
600,1364203388565655554
601,1364203254322765826
602,1364203241886605314
603,1364203188329590785
604,1364202833818624002
605,1364202695888936961
606,1364202441437306885
607,1364202394821812224
608,1364202301687279621
609,1364202212277293060
610,1364201926158606336
611,1364201747162529792
612,1364201612391161859
613,1364201527615905792
614,1364201432593936385
615,1364201268076564480
616,1364201167987892228
617,1364201070608715780
618,1364200966988431366
619,1364200830933618691
620,1364200714000621568
621,1364200687702315009
622,1364200552624754696
623,1364200246474137609
624,1364200219982909444
625,1364200057214533639
626,1364200046145732611
627,1364199951593578499
628,1364199457718468613
629,1364199445253001221
630,1364199425149648897
631,1364199264415604739
632,1364199248754057220
633,1364198841923346437
634,1364198831198515200
635,1364198810994569216
636,1364198694418059268
637,1364198679981260802
638,1364198581343780869
639,1364198453333684226
640,1364198268289359873
641,1364198235083059205
642,1364197986855714818
643,1364197960880443392
644,1364197923786010624
645,1364197864826617856
646,1364197842445819910
647,1364197760539398145
648,1364197757527990272
649,1364197737877667842
650,1364197579479797760
651,1364197458717376514
652,1364197457857495041
653,1364197439528439809
654,1364197334842806272
655,1364197265649328133
656,1364197253225869315
657,1364197131591032832
658,1364197071667032067
659,1364196972131987458
660,1364196908282052609
661,1364196540324208645
662,1364196068083306497
663,1364196005411962880
664,1364195982553063424
665,1364195932682792960
666,1364195858653327361
667,1364195838977847303
668,1364195820564844544
669,1364195790680383490
670,1364195750918434820
671,1364195746657034246
672,1364195734912962562
673,1364195669880287239
674,1364195538627923968
675,1364195438992232451
676,1364195389612707845
677,1364195187057184768
678,1364195112935374850
679,1364194917476663302
680,1364194621308469250
681,1364194618368270338
682,1364194537179086851
683,1364194484867784705
684,1364194476193964033
685,1364194421097562114
686,1364194337433780226
687,1364194253086351367
688,1364194081853894661
689,1364194058663510022
690,1364193724109045760
691,1364193541128347651
692,1364193521247391744
693,1364193404830310407
694,1364193391647555585
695,1364193281907843074
696,1364193270318985223
697,1364193068136693764
698,1364192942836039681
699,1364192656407019523
700,1364192564459495424
701,1364192507773542402
702,1364192506934661121
703,1364192481940824069
704,1364192470226108417
705,1364192441339961348
706,1364192284955324420
707,1364192215212437504
708,1364191969493327873
709,1364191832222142468
710,1364191660373127168
711,1364191452704702469
712,1364191424779067392
713,1364191274031546371
714,1364190976651251712
715,1364190974394716162
716,1364190970993139714
717,1364190968291942400
718,1364190894077997057
719,1364190790994563072
720,1364190731955494914
721,1364190723839561728
722,1364190533963436035
723,1364190508998930435
724,1364190307462610944
725,1364190281218854917
726,1364190243709140996
727,1364190212797136899
728,1364190146367795200
729,1364190125995999233
730,1364190111085264899
731,1364190042277707780
732,1364189882948681729
733,1364189703461883907
734,1364189690388176902
735,1364189661686546434
736,1364189589385142274
737,1364189518987935746
738,1364189490382856195
739,1364189423320133634
740,1364189295452557312
741,1364189133216903169
742,1364189060609298438
743,1364188960914866182
744,1364188956066275328
745,1364188907114557442
746,1364188906032410626
747,1364188900147810309
748,1364188862373888001
749,1364188820091076611
750,1364188816525971461
751,1364188657721241600
752,1364188638913982464
753,1364188635361329155
754,1364188622115790848
755,1364188563169046529
756,1364188556588154881
757,1364188518705221634
758,1364188493585424384
759,1364188484458717186
760,1364188343576260614
761,1364188325867880449
762,1364188253306425351
763,1364188225061945347
764,1364188206661525505
765,1364188103607484416
766,1364188082518507521
767,1364188051631726593
768,1364188020296015875
769,1364187956702048260
770,1364187861621346304
771,1364187740317896709
772,1364187696852328448
773,1364187691957555201
774,1364187682956541955
775,1364187668846948352
776,1364187639759450117
777,1364187579424399361
778,1364187447609942016
779,1364187403838234626
780,1364187388361265165
781,1364187327921336320
782,1364187322066079748
783,1364187223818665989
784,1364187177039577094
785,1364187123142787074
786,1364187079819812867
787,1364186972647002113
788,1364186962920357896
789,1364186951696416769
790,1364186944339644417
791,1364186920323006464
792,1364186861271461890
793,1364186831772938241
794,1364186818934095873
795,1364186797333508097
796,1364186608568832004
797,1364186557142487041
798,1364186556957876225
799,1364186550821617664
800,1364186482727124995
801,1364186479845658627
802,1364186457968148484
803,1364186457548746752
804,1364186443812339713
805,1364186419959377921
806,1364186404180353024
807,1364186400476852228
808,1364186365961924608
809,1364186365336965121
810,1364186308151771146
811,1364186280918188033
812,1364186272714129408
813,1364186246130651137
814,1364186234961199105
815,1364186227348496384
816,1364186224567681024
817,1364186223712088065
818,1364186215780675584
819,1364186202191130624
820,1364186171006464002
821,1364186139326902275
822,1364186133647736839
823,1364186111686410246
824,1364186013887848453
825,1364185998008213506
826,1364185972783611908
827,1364185967565930500
828,1364185959999356928
829,1364185927489314816
830,1364185899131625473
831,1364185789375139844
832,1364185777631096832
833,1364185642922565633
834,1364185637096546307
835,1364185633128919043
836,1364185617957969928
837,1364185611247181824
838,1364185592532189192
839,1364185579420794885
840,1364185546436837378
841,1364185512257462275
842,1364185484717666307
843,1364185453512040448
844,1364185447820390402
845,1364185422012768259
846,1364185421513715714
847,1364185419705892868
848,1364185391583158277
849,1364185259168964608
850,1364185252726525954
851,1364185232744869892
852,1364185230899306499
853,1364185229901107201
854,1364185213383892994
855,1364185200381603845
856,1364185166374141955
857,1364185152038068226
858,1364185136640757760
859,1364185131754393601
860,1364185131586621440
861,1364185121818091522
862,1364185115262287876
863,1364185112611606532
864,1364185092596326403
865,1364185083406606337
866,1364185071280926725
867,1364185027731484673
868,1364185022576656390
869,1364184951613177856
870,1364184878741389314
871,1364184868335345664
872,1364184808511967233
873,1364184808423833603
874,1364184795190878219
875,1364184784713486344
876,1364184779533545475
877,1364184774894575620
878,1364184731122827270
879,1364184719349452800
880,1364184712659554312
881,1364184698226900993
882,1364184663372218371
883,1364184661954605057
884,1364184629075402754
885,1364184579356131329
886,1364184555842924545
887,1364184534728794112
888,1364184514860310530
889,1364184483575037953
890,1364184467682840576
891,1364184460984537089
892,1364184424624107524
893,1364184368470765568
894,1364184349487341571
895,1364184330982088706
896,1364184304327270402
897,1364184265936822272
898,1364184169023234051
899,1364184110839832581
900,1364184108918841348
901,1364184087402053633
902,1364184063507070976
903,1364184062647283713
904,1364184056267694081
905,1364184010440777729
906,1364183984826159105
907,1364183970150252545
908,1364183912738664456
909,1364183864260837386
910,1364183826499567621
911,1364183816202571778
912,1364183791263248390
913,1364183755276050434
914,1364183753275412486
915,1364183745079762949
916,1364183740319154176
917,1364183729837596673
918,1364183630436851714
919,1364183618311061504
920,1364183564422627328
921,1364183552938692613
922,1364183540242472961
923,1364183524773945345
924,1364183524526477313
925,1364183512220336129
926,1364183487348113411
927,1364183460164882432
928,1364183434214653955
929,1364183419920543744
930,1364183408486871041
931,1364183392603021314
932,1364183344754352128
933,1364183322126127104
934,1364183306246447109
935,1364183292686254080
936,1364183265192665090
937,1364183222465224708
938,1364183112851329028
939,1364183083080183814
940,1364183056064663555
941,1364183012540317700
942,1364183006546694146
943,1364182986472751104
944,1364182975479488513
945,1364182942591946754
946,1364182859171454979
947,1364182829849059334
948,1364182816364314627
949,1364182780687618055
950,1364182771434987520
951,1364182756880695304
952,1364182740866912257
953,1364182710869196800
954,1364182680707948546
955,1364182674735259652
956,1364182660172505089
957,1364182565444345861
958,1364182537728389123
959,1364182530434478080
960,1364182526655348738
961,1364182524231057415
962,1364182510788358144
963,1364182426159898625
964,1364182423110582273
965,1364182407717527554
966,1364182355058061314
967,1364182348879826955
968,1364182334224875527
969,1364182243506335746
970,1364182234023006208
971,1364182216897662978
972,1364182192662929414
973,1364182176124837888
974,1364182166607974402
975,1364182124241289226
976,1364182107296268288
977,1364182045635862528
978,1364182031006126085
979,1364182030917976067
980,1364181994108813312
981,1364181987662127104
982,1364181931710103557
983,1364181925263474693
984,1364181878014672900
985,1364181831755698179
986,1364181799715418112
987,1364181777645006851
988,1364181776176975873
989,1364181740475056130
990,1364181679745753095
991,1364181617930076162
992,1364181563353759746
993,1364181497691971588
994,1364181486132482048
995,1364181481543913473
996,1364181472668766211
997,1364181457699282948
998,1364181443069542405
999,1364181387427909632
1000,1364181378544390146
1001,1364181362312380425
1002,1364181348802527232
1003,1364181294754770945
1004,1364181294691868672
1005,1364181138537906180
1006,1364181117851549696
1007,1364181115246886912
1008,1364181041129390080
1009,1364181016710160387
1010,1364181012679385088
1011,1364180973265518592
1012,1364180971730395139
1013,1364180874493911041
1014,1364180868571557889
1015,1364180861525110787
1016,1364180831649095685
1017,1364180816063045634
1018,1364180722211311620
1019,1364180633283665921
1020,1364180608709259269
1021,1364180586747822080
1022,1364180571124097025
1023,1364180554913095684
1024,1364180408456392706
1025,1364180402118811649
1026,1364180396087402498
1027,1364180383261196288
1028,1364180277342449666
1029,1364180246577246211
1030,1364180238754840580
1031,1364180143753854977
1032,1364180139924414466
1033,1364180101693374464
1034,1364180098434424840
1035,1364180086379921409
1036,1364180079077687297
1037,1364180076779208705
1038,1364180067631382534
1039,1364179941269594112
1040,1364179917483745281
1041,1364179885577625609
1042,1364179855172988932
1043,1364179811594305537
1044,1364179804321435648
1045,1364179790660591618
1046,1364179788789936130
1047,1364179774105616385
1048,1364179723824283648
1049,1364179655834689538
1050,1364179626810109955
1051,1364179601375772673
1052,1364179537198776322
1053,1364179472572907522
1054,1364179434035642369
1055,1364179432165040128
1056,1364179425420603393
1057,1364179373201457154
1058,1364179343619084288
1059,1364179337482805250
1060,1364179269379883010
1061,1364179235972202497
1062,1364179235624144898
1063,1364179212383490052
1064,1364179211850829825
1065,1364179176803172352
1066,1364179137175441408
1067,1364179111770472451
1068,1364179103134453760
1069,1364179054405046272
1070,1364179014349430788
1071,1364179006141173762
1072,1364178970963509248
1073,1364178945663508483
1074,1364178941347561474
1075,1364178929792278529
1076,1364178928072548353
1077,1364178922179620867
1078,1364178894795001857
1079,1364178883042541570
1080,1364178877095047170
1081,1364178867343282177
1082,1364178793288658949
1083,1364178772526833664
1084,1364178753119793157
1085,1364178724770488328
1086,1364178678775742469
1087,1364178668487143425
1088,1364178666515795969
1089,1364178642289496064
1090,1364178610756714496
1091,1364178558604705793
1092,1364178556314648577
1093,1364178542632849408
1094,1364178537838739461
1095,1364178503495782402
1096,1364178475272318981
1097,1364178475213590530
1098,1364178468578164743
1099,1364178454367862784
1100,1364178401565806595
1101,1364178354493132803
1102,1364178293197590528
1103,1364178215812685825
1104,1364178207977730057
1105,1364178182014971905
1106,1364178178038710278
1107,1364178175991939073
1108,1364178158254252033
1109,1364178154789699587
1110,1364178085516627970
1111,1364178068382826498
1112,1364178063760756738
1113,1364178026125266947
1114,1364178007653556224
1115,1364177948195098626
1116,1364177919120203780
1117,1364177893601992704
1118,1364177889239986179
1119,1364177860827770880
1120,1364177843039723522
1121,1364177822026244098
1122,1364177789574873093
1123,1364177781349834753
1124,1364177750169423872
1125,1364177703772049418
1126,1364177641193033737
1127,1364177616647966720
1128,1364177594585907201
1129,1364177593608634372
1130,1364177580287553536
1131,1364177516374724608
1132,1364177513757442051
1133,1364177461345419269
1134,1364177423596740614
1135,1364177407985524738
1136,1364177402268631042
1137,1364177396929355779
1138,1364177380915445761
1139,1364177369116905479
1140,1364177346266333185
1141,1364177338179739648
1142,1364177283435679744
1143,1364177283225964548
1144,1364177245850505218
1145,1364177207132901377
1146,1364177180167708679
1147,1364177162459353088
1148,1364177148739731458
1149,1364177089658839044
1150,1364177064073572356
1151,1364177040027635712
1152,1364177032377208832
1153,1364176979562532864
1154,1364176945022435330
1155,1364176922855505920
1156,1364176862948302848
1157,1364176800331554819
1158,1364176784045006850
1159,1364176771759951873
1160,1364176764906459140
1161,1364176719087869952
1162,1364176716676136964
1163,1364176692340752384
1164,1364176691078328324
1165,1364176673516777472
1166,1364176665392340997
1167,1364176657385463808
1168,1364176642214670337
1169,1364176621314441217
1170,1364176610648346629
1171,1364176593938169857
1172,1364176575680438272
1173,1364176572706672641
1174,1364176539986853888
1175,1364176529245302789
1176,1364176523503284228
1177,1364176521406140427
1178,1364176518004563969
1179,1364176515123073029
1180,1364176492352126976
1181,1364176482378145795
1182,1364176471254786048
1183,1364176467127656450
1184,1364176466112622595
1185,1364176446051262466
1186,1364176439835308032
1187,1364176433640275968
1188,1364176433120239616
1189,1364176428271558661
1190,1364176400417230852
1191,1364176346197471235
1192,1364176298034270212
1193,1364176224285769731
1194,1364176198620823555
1195,1364176161513824258
1196,1364176159035060226
1197,1364176152236085254
1198,1364176142723387396
1199,1364176063060975616
1200,1364176062360469504
1201,1364176054080991234
1202,1364176046183055371
1203,1364176026679586818
1204,1364176021264728067
1205,1364176002667151360
1206,1364175972484931601
1207,1364175967133069314
1208,1364175944542539777
1209,1364175933670850564
1210,1364175914658127881
1211,1364175912464449536
1212,1364175908542820352
1213,1364175898984017922
1214,1364175868373962754
1215,1364175857091309569
1216,1364175853446451205
1217,1364175780910137345
1218,1364175761805041667
1219,1364175746726563840
1220,1364175738803531779
1221,1364175721443323905
1222,1364175707505573890
1223,1364175622826827779
1224,1364175615054798849
1225,1364175599045124099
1226,1364175598516658179
1227,1364175550005280768
1228,1364175549913047042
1229,1364175526773063682
1230,1364175469885669376
1231,1364175394333720578
1232,1364175348942987266
1233,1364175346573209604
1234,1364175337052114947
1235,1364175333847621641
1236,1364175317787684864
1237,1364175286300991489
1238,1364175272644378629
1239,1364175262330609664
1240,1364175251018498048
1241,1364175226708389891
1242,1364175202804981768
1243,1364175199613108226
1244,1364175180097060867
1245,1364175171536515084
1246,1364175165635067910
1247,1364175122085666817
1248,1364175090712268804
1249,1364175067467382788
1250,1364175065311567873
1251,1364175004481552384
1252,1364174978694979585
1253,1364174976547508224
1254,1364174972135088128
1255,1364174925045649412
1256,1364174849665556480
1257,1364174847983689728
1258,1364174832485756931
1259,1364174828421451781
1260,1364174826089435137
1261,1364174796452474880
1262,1364174776630181889
1263,1364174754345873414
1264,1364174749564350467
1265,1364174729888858113
1266,1364174725191262216
1267,1364174706614689795
1268,1364174695176802307
1269,1364174660208844801
1270,1364174645587542016
1271,1364174623961714690
1272,1364174620954353665
1273,1364174616902725633
1274,1364174599584366594
1275,1364174595004243969
1276,1364174553786814464
1277,1364174552402718720
1278,1364174494596804610
1279,1364174462711644165
1280,1364174435197083650
1281,1364174432063873025
1282,1364174407778861058
1283,1364174389013536768
1284,1364174367786205185
1285,1364174337637576706
1286,1364174336043724804
1287,1364174325516034048
1288,1364174294901796869
1289,1364174278636273664
1290,1364174240195489801
1291,1364174232909996040
1292,1364174223929991171
1293,1364174200722833411
1294,1364174191830908929
1295,1364174111782625282
1296,1364174104904015874
1297,1364174100688752644
1298,1364174094338580482
1299,1364174081487220737
1300,1364174073820020737
1301,1364174066932977668
1302,1364174061874610177
1303,1364173992039432196
1304,1364173983181078533
1305,1364173949974831105
1306,1364173944413184003
1307,1364173943683371013
1308,1364173916894289920
1309,1364173886431105025
1310,1364173837961723907
1311,1364173798736592899
1312,1364173793447534592
1313,1364173779174359043
1314,1364173748132282370
1315,1364173668037914628
1316,1364173624912072706
1317,1364173621657284609
1318,1364173616766726145
1319,1364173600287297539
1320,1364173578124558340
1321,1364173576664940544
1322,1364173546633756679
1323,1364173527423795200
1324,1364173429558108161
1325,1364173405596114944
1326,1364173402777530371
1327,1364173382816837634
1328,1364173354731724804
1329,1364173345047117826
1330,1364173324310507520
1331,1364173311119405059
1332,1364173285806772225
1333,1364173275761360902
1334,1364173274238885888
1335,1364173271852343298
1336,1364173271344836610
1337,1364173259978268673
1338,1364173255045767172
1339,1364173224259551232
1340,1364173213912211459
1341,1364173137282297858
1342,1364173129367629824
1343,1364173118097489922
1344,1364173106332524545
1345,1364173075324035073
1346,1364173059029098497
1347,1364173043698966530
1348,1364172991739944961
1349,1364172985129717768
1350,1364172951411654656
1351,1364172911226085376
1352,1364172840090624003
1353,1364172829315526656
1354,1364172817848295427
1355,1364172814085984259
1356,1364172802543284224
1357,1364172792149798912
1358,1364172777092239360
1359,1364172686386225152
1360,1364172675573297153
1361,1364172613984133123
1362,1364172581964808199
1363,1364172537228365830
1364,1364172515808075779
1365,1364172494773645313
1366,1364172461277908993
1367,1364172449022169088
1368,1364172441757618180
1369,1364172424716169221
1370,1364172333343268865
1371,1364172322865823747
1372,1364172297515499521
1373,1364172294592077824
1374,1364172273167523841
1375,1364172262212063233
1376,1364172258823045122
1377,1364172193790328833
1378,1364172190103535616
1379,1364172169324953600
1380,1364172161913679872
1381,1364172153961209857
1382,1364172138534604803
1383,1364172129994997763
1384,1364172076211466241
1385,1364172056791760897
1386,1364172052131966979
1387,1364172051846692864
1388,1364172044427005952
1389,1364172043047026691
1390,1364172016627167234
1391,1364172012130820097
1392,1364172000785235969
1393,1364171980266762242
1394,1364171941507121160
1395,1364171940664135686
1396,1364171935362523141
1397,1364171932955013121
1398,1364171931117846528
1399,1364171888449236995
1400,1364171884984750082
1401,1364171872624140290
1402,1364171869302235141
1403,1364171851862315012
1404,1364171850792763393
1405,1364171828575485952
1406,1364171826096726016
1407,1364171820518285312
1408,1364171820165906435
1409,1364171782794674176
1410,1364171772715745282
1411,1364171760086753283
1412,1364171733494882304
1413,1364171731339005953
1414,1364171718047264771
1415,1364171717028048899
1416,1364171708559671296
1417,1364171696102649859
1418,1364171693686722561
1419,1364171688976515074
1420,1364171686908682241
1421,1364171684555718658
1422,1364171683058376711
1423,1364171681091244032
1424,1364171673537290241
1425,1364171655476617216
1426,1364171653870211077
1427,1364171631464222722
1428,1364171625147625472
1429,1364171596810891265
1430,1364171581606477825
1431,1364171566645411841
1432,1364171564435013636
1433,1364171559825530881
1434,1364171558219100160
1435,1364171542897262593
1436,1364171525906178048
1437,1364171457111216129
1438,1364171454942691329
1439,1364171445467758592
1440,1364171426337615873
1441,1364171387213078528
1442,1364171357244776448
1443,1364171325099679745
1444,1364171249799340034
1445,1364171249103085572
1446,1364171233466740736
1447,1364171227548577792
1448,1364171213279547395
1449,1364171203074813955
1450,1364171198863728640
1451,1364171184238170112
1452,1364171137060659204
1453,1364171092911341571
1454,1364171066780827649
1455,1364171064931209219
1456,1364171059843448839
1457,1364171026112856065
1458,1364170974183239680
1459,1364170927454507008
1460,1364170919619493901
1461,1364170887709270017
1462,1364170885943472130
1463,1364170882709618688
1464,1364170832461918209
1465,1364170807895801859
1466,1364170774878310400
1467,1364170772793733125
1468,1364170763692040195
1469,1364170740644409348
1470,1364170727352659970
1471,1364170695580782592
1472,1364170694469246980
1473,1364170687330549762
1474,1364170675150274563
1475,1364170639138054144
1476,1364170597962498048
1477,1364170588324057090
1478,1364170570842128390
1479,1364170567142825986
1480,1364170557751713799
1481,1364170552542457858
1482,1364170552290729984
1483,1364170524964900881
1484,1364170516609835012
1485,1364170508254797827
1486,1364170477388910592
1487,1364170457197518850
1488,1364170430928588800
1489,1364170361005367303
1490,1364170352981639170
1491,1364170336124743683
1492,1364170267463925760
1493,1364170258467143687
1494,1364170219195883522
1495,1364170211482599424
1496,1364170208924033026
1497,1364170178171441156
1498,1364170165966036993
1499,1364170165290696707
1500,1364170130624806916
1501,1364170117286879233
1502,1364170096516747264
1503,1364170092460793856
1504,1364170068775624705
1505,1364170059313270786
1506,1364170053554499584
1507,1364170048068329475
1508,1364170047707619330
1509,1364170047594364930
1510,1364170032654204930
1511,1364170030242533377
1512,1364170027872751616
1513,1364170021514182657
1514,1364170019417059328
1515,1364170001582858243
1516,1364169994456551431
1517,1364169991285841920
1518,1364169987016052739
1519,1364169975712411649
1520,1364169975133528068
1521,1364169965998399488
1522,1364169953998471171
1523,1364169913477308420
1524,1364169907429138434
1525,1364169898415521793
1526,1364169895320162306
1527,1364169878765207556
1528,1364169839233929217
1529,1364169837795287040
1530,1364169808082829313
1531,1364169803385237506
1532,1364169783252557824
1533,1364169761924542465
1534,1364169715002863626
1535,1364169700482105344
1536,1364169689207877632
1537,1364169652096692230
1538,1364169640646238209
1539,1364169638662328320
1540,1364169617959182337
1541,1364169590587219968
1542,1364169585231036419
1543,1364169583419133953
1544,1364169578247577606
1545,1364169550556717056
1546,1364169519208497153
1547,1364169510044004357
1548,1364169378690981890
1549,1364169366602981378
1550,1364169344448684039
1551,1364169327709159427
1552,1364169327705001984
1553,1364169313771532293
1554,1364169266753392640
1555,1364169240958406656
1556,1364169233962315777
1557,1364169222360862725
1558,1364169203423526916
1559,1364169128181981188
1560,1364169088558374915
1561,1364169088260595712
1562,1364169022674251776
1563,1364168963421306881
1564,1364168959126298628
1565,1364168959101181956
1566,1364168942432968710
1567,1364168903472128002
1568,1364168878557954048
1569,1364168841010569217
1570,1364168813915353093
1571,1364168782881636353
1572,1364168747997687811
1573,1364168737084047362
1574,1364168736140328961
1575,1364168709707857926
1576,1364168686106537992
1577,1364168645748944901
1578,1364168640627695622
1579,1364168617483509763
1580,1364168617168879629
1581,1364168596096749569
1582,1364168587473264646
1583,1364168542363475969
1584,1364168534897676289
1585,1364168524692922368
1586,1364168521979211787
1587,1364168497731878914
1588,1364168482871533568
1589,1364168435551383552
1590,1364168430224605185
1591,1364168429121523718
1592,1364168422184153088
1593,1364168411840921600
1594,1364168370485100548
1595,1364168312788291586
1596,1364168311345467395
1597,1364168243263528961
1598,1364168214620614661
1599,1364168155275419648
1600,1364168145674641411
1601,1364168141153132544
1602,1364168085159243779
1603,1364168078255390729
1604,1364167983795482625
1605,1364167980515524612
1606,1364167976547717121
1607,1364167957908234249
1608,1364167929252700169
1609,1364167924743831552
1610,1364167877859934208
1611,1364167874244468737
1612,1364167862345162757
1613,1364167860885598208
1614,1364167798419775490
1615,1364167760905973761
1616,1364167733106135041
1617,1364167715817201664
1618,1364167653666009090
1619,1364167651103281152
1620,1364167596891856902
1621,1364167578764144641
1622,1364167533532749828
1623,1364167528587616260
1624,1364167489173786626
1625,1364167470316195841
1626,1364167466730086400
1627,1364167456810532864
1628,1364167428612235265
1629,1364167422857609219
1630,1364167403026939906
1631,1364167388619505665
1632,1364167377957568513
1633,1364167334475235333
1634,1364167268129775617
1635,1364167149883969536
1636,1364167144699740162
1637,1364167129831010307
1638,1364167095093714945
1639,1364167081965613063
1640,1364167069516910593
1641,1364167067633676290
1642,1364167026860777474
1643,1364167005683744769
1644,1364166975010856963
1645,1364166974289371141
1646,1364166958984355842
1647,1364166911983054849
1648,1364166904395530240
1649,1364166874716585986
1650,1364166832614170624
1651,1364166824405979136
1652,1364166792860618754
1653,1364166781389197316
1654,1364166755250294790
1655,1364166733976723458
1656,1364166726997409798
1657,1364166637159604232
1658,1364166616091660292
1659,1364166603743629312
1660,1364166572558925825
1661,1364166551725826052
1662,1364166517902950401
1663,1364166490702888961
1664,1364166471832784896
1665,1364166466526990337
1666,1364166455256883201
1667,1364166385702735872
1668,1364166378996060161
1669,1364166378505306112
1670,1364166372184498189
1671,1364166304844959747
1672,1364166285001637889
1673,1364166265225568256
1674,1364166254563573772
1675,1364166227329957891
1676,1364166126213746689
1677,1364166124821237761
1678,1364166119670636545
1679,1364166109369413634
1680,1364166105267380227
1681,1364166100087365636
1682,1364166095494651905
1683,1364166057750122499
1684,1364166039802626051
1685,1364166020915748865
1686,1364166019351269379
1687,1364165985146658818
1688,1364165966016483333
1689,1364165941806956547
1690,1364165874773610498
1691,1364165870872915970
1692,1364165863058907137
1693,1364165859451764736
1694,1364165859057541123
1695,1364165855626604545
1696,1364165853852430337
1697,1364165793697697795
1698,1364165782335283200
1699,1364165778258489346
1700,1364165777658642433
1701,1364165753486921730
1702,1364165739075239936
1703,1364165727004024835
1704,1364165725389266944
1705,1364165684901601281
1706,1364165671224041477
1707,1364165644145602561
1708,1364165626772733952
1709,1364165619785023488
1710,1364165570556477444
1711,1364165499957952513
1712,1364165460342767621
1713,1364165440621207552
1714,1364165430298959875
1715,1364165418869522433
1716,1364165396413227011
1717,1364165384660791298
1718,1364165371683610625
1719,1364165368219119617
1720,1364165354499551232
1721,1364165334773747712
1722,1364165330319380482
1723,1364165320320155650
1724,1364165280319045633
1725,1364165249503531015
1726,1364165244382306304
1727,1364165220583813123
1728,1364165185678770176
1729,1364165173645348868
1730,1364165087565668352
1731,1364165037699522561
1732,1364165026433675266
1733,1364164981055492099
1734,1364164977129644033
1735,1364164969626009602
1736,1364164951137542144
1737,1364164946834120704
1738,1364164946397954049
1739,1364164914257031169
1740,1364164861870145536
1741,1364164840894455808
1742,1364164825778188290
1743,1364164781557624837
1744,1364164774578290690
1745,1364164755531980802
1746,1364164749060096000
1747,1364164743452389378
1748,1364164739878821890
1749,1364164690314682373
1750,1364164685176729601
1751,1364164677253611521
1752,1364164661202018307
1753,1364164642961051652
1754,1364164637156118528
1755,1364164635755216896
1756,1364164630969520132
1757,1364164630604570628
1758,1364164629887258625
1759,1364164622383800324
1760,1364164605161988098
1761,1364164578284814337
1762,1364164554033364998
1763,1364164552414396418
1764,1364164530717270016
1765,1364164529400209412
1766,1364164522798239744
1767,1364164465453899782
1768,1364164464107524098
1769,1364164398399574024
1770,1364164394888941568
1771,1364164394175901696
1772,1364164374307475460
1773,1364164371224657921
1774,1364164313154539523
1775,1364164290555617284
1776,1364164185446363136
1777,1364164156732166147
1778,1364164131675398144
1779,1364164121139294211
1780,1364164118723313666
1781,1364164090353119239
1782,1364164087333212163
1783,1364164084170686467
1784,1364164078864859138
1785,1364164075106795521
1786,1364164051115376640
1787,1364164040717701121
1788,1364164026620669954
1789,1364164014553649153
1790,1364163967875248128
1791,1364163954445066243
1792,1364163928369020930
1793,1364163895255052291
1794,1364163824190955520
1795,1364163822160855041
1796,1364163786794561538
1797,1364163733510119425
1798,1364163728363651075
1799,1364163666141188098
1800,1364163639847096323
1801,1364163624265273345
1802,1364163609018925056
1803,1364163606011666435
1804,1364163576844410881
1805,1364163573908406272
1806,1364163570989211651
1807,1364163536562376706
1808,1364163515154657281
1809,1364163507189649408
1810,1364163498641661958
1811,1364163471508701191
1812,1364163467368935424
1813,1364163452181352450
1814,1364163445390737412
1815,1364163419616800772
1816,1364163399010107394
1817,1364163398854934533
1818,1364163381767401473
1819,1364163367351578628
1820,1364163333486759944
1821,1364163290553802752
1822,1364163257502695424
1823,1364163160069058561
1824,1364163147234476033
1825,1364163139483353089
1826,1364163120571236354
1827,1364163107921276932
1828,1364163088325443591
1829,1364163063730098178
1830,1364163047657508864
1831,1364163031865974792
1832,1364163030070800385
1833,1364163007618646018
1834,1364162997388795905
1835,1364162950353813504
1836,1364162929076109314
1837,1364162887921598464
1838,1364162867654762497
1839,1364162845102002176
1840,1364162780555796482
1841,1364162754718953474
1842,1364162730643648513
1843,1364162690864791554
1844,1364162601962381312
1845,1364162600938987521
1846,1364162596274917376
1847,1364162577685770241
1848,1364162568399511552
1849,1364162526985023488
1850,1364162525395365890
1851,1364162521284947971
1852,1364162499185106944
1853,1364162488502267904
1854,1364162422639104004
1855,1364162372076789761
1856,1364162316455960576
1857,1364162277109362689
1858,1364162211158126592
1859,1364162196318609409
1860,1364162154211983362
1861,1364162136277200897
1862,1364162112424148999
1863,1364162109110706176
1864,1364162105985892353
1865,1364162086138490881
1866,1364162036264013827
1867,1364162034171011073
1868,1364162009718169602
1869,1364162005729480705
1870,1364162002034315264
1871,1364161986632777729
1872,1364161986167267329
1873,1364161974406434819
1874,1364161959579570176
1875,1364161945574780928
1876,1364161932341690368
1877,1364161893145993221
1878,1364161878889480193
1879,1364161878587547651
1880,1364161859964780553
1881,1364161835272962057
1882,1364161820173475844
1883,1364161804369358848
1884,1364161802456735744
1885,1364161789190094848
1886,1364161776150077441
1887,1364161732671922176
1888,1364161731719790592
1889,1364161633497608194
1890,1364161632172138496
1891,1364161610948960258
1892,1364161595887259648
1893,1364161583300177921
1894,1364161559090655232
1895,1364161554132983808
1896,1364161545312358400
1897,1364161540732116995
1898,1364161538802782208
1899,1364161501930618884
1900,1364161500835938304
1901,1364161493894369281
1902,1364161482548785153
1903,1364161392014745600
1904,1364161384800546816
1905,1364161379347931138
1906,1364161358250598403
1907,1364161312956284929
1908,1364161247839674370
1909,1364161230177460224
1910,1364161213840707584
1911,1364161203233251331
1912,1364161196828614658
1913,1364161185831145479
1914,1364161138884284416
1915,1364161138125115395
1916,1364161135449112579
1917,1364161120542556163
1918,1364161119779225602
1919,1364161113391251458
1920,1364161110820159488
1921,1364161104088363011
1922,1364161097230647298
1923,1364161074661048324
1924,1364161074115842052
1925,1364161058118729733
1926,1364161044835430401
1927,1364161042989920261
1928,1364161031250059265
1929,1364160950295818243
1930,1364160939398987777
1931,1364160865902227457
1932,1364160810273157122
1933,1364160786982133767
1934,1364160785610637312
1935,1364160781890289664
1936,1364160774873178114
1937,1364160772662845440
1938,1364160755088695301
1939,1364160592106373123
1940,1364160572938461185
1941,1364160559126568960
1942,1364160532836732929
1943,1364160402981019653
1944,1364160392218476552
1945,1364160385369128960
1946,1364160354276769793
1947,1364160300979781632
1948,1364160297649455108
1949,1364160286832398336
1950,1364160268864016385
1951,1364160261054226432
1952,1364160249578536963
1953,1364160194150858753
1954,1364160153860395008
1955,1364160140585402368
1956,1364160066941771777
1957,1364160048977616897
1958,1364160034754732033
1959,1364160000160116736
1960,1364159998545321984
1961,1364159921839894531
1962,1364159897303146499
1963,1364159878927900674
1964,1364159784489005061
1965,1364159751265914882
1966,1364159733129740288
1967,1364159717908615169
1968,1364159692684025858
1969,1364159690956034048
1970,1364159674896023554
1971,1364159668701057029
1972,1364159667711201282
1973,1364159631350779905
1974,1364159629614321664
1975,1364159627752050689
1976,1364159622462988289
1977,1364159621582254080
1978,1364159613159886858
1979,1364159605258014721
1980,1364159593304252421
1981,1364159590452101123
1982,1364159543433981952
1983,1364159504087195650
1984,1364159469102501889
1985,1364159432989564929
1986,1364159412257103872
1987,1364159392959115264
1988,1364159350340788224
1989,1364159319567175682
1990,1364159309500866565
1991,1364159308083134464
1992,1364159272582602754
1993,1364159265926246405
1994,1364159222842355713
1995,1364159219109404673
1996,1364159183176822789
1997,1364159124494237699
1998,1364159114444746752
1999,1364159092013621248
2000,1364159089895497734
2001,1364159079711723520
2002,1364159033289166848
2003,1364159017803804673
2004,1364158983733469185
2005,1364158969518956546
2006,1364158966087958529
2007,1364158945103933441
2008,1364158939517095936
2009,1364158897599225860
2010,1364158870789251074
2011,1364158864820740099
2012,1364158799557386247
2013,1364158768985092097
2014,1364158765067624449
2015,1364158750148472833
2016,1364158729004998660
2017,1364158668984496131
2018,1364158662051266561
2019,1364158636931620864
2020,1364158620674449414
2021,1364158593180778497
2022,1364158503796035584
2023,1364158502269292551
2024,1364158497886265346
2025,1364158493830299648
2026,1364158476998557698
2027,1364158443913945095
2028,1364158443003731968
2029,1364158434673844224
2030,1364158391619321858
2031,1364158358023004163
2032,1364158350456406017
2033,1364158334178312193
2034,1364158324149809153
2035,1364158316964950017
2036,1364158276586385410
2037,1364158252053913600
2038,1364158230730006528
2039,1364158209355841540
2040,1364158208047259650
2041,1364158204352098305
2042,1364158198081609728
2043,1364158193488781313
2044,1364158191140040705
2045,1364158185045647366
2046,1364158080485834759
2047,1364158051268390917
2048,1364158004489256962
2049,1364158003721732096
2050,1364157994154475520
2051,1364157980330057729
2052,1364157977444384770
2053,1364157977440182279
2054,1364157976865570817
2055,1364157951586557952
2056,1364157945395740680
2057,1364157905172369408
2058,1364157883949191168
2059,1364157825430282243
2060,1364157765825015809
2061,1364157707641569280
2062,1364157702243561472
2063,1364157695197126658
2064,1364157681498529795
2065,1364157660032032768
2066,1364157654604648448
2067,1364157647088455682
2068,1364157559339438082
2069,1364157508483489793
2070,1364157492649943041
2071,1364157477965729792
2072,1364157451315126273
2073,1364157393429495813
2074,1364157320859709441
2075,1364157315449032704
2076,1364157297350557698
2077,1364157272579047425
2078,1364157261682266112
2079,1364157261472538632
2080,1364157248440832000
2081,1364157244405907456
2082,1364157175409618944
2083,1364157136192864256
2084,1364157122729115657
2085,1364157110238478345
2086,1364157095155744769
2087,1364157082304413696
2088,1364157078986719232
2089,1364157061521670148
2090,1364157024787984385
2091,1364157018538409984
2092,1364157013379407885
2093,1364157001748611073
2094,1364156948980129794
2095,1364156946614525952
2096,1364156945884721157
2097,1364156945389785090
2098,1364156898866561025
2099,1364156889068634114
2100,1364156867681939456
2101,1364156860291506180
2102,1364156854138515463
2103,1364156828905590787
2104,1364156825210408960
2105,1364156806239502340
2106,1364156800774340613
2107,1364156800275263490
2108,1364156798542962688
2109,1364156786618605571
2110,1364156771082903554
2111,1364156716745711617
2112,1364156705995653124
2113,1364156693354074118
2114,1364156690275463168
2115,1364156676753006593
2116,1364156646260412416
2117,1364156642653265923
2118,1364156640052789249
2119,1364156610579492866
2120,1364156588068659203
2121,1364156578547585027
2122,1364156562806292480
2123,1364156512881565696
2124,1364156506158096387
2125,1364156488328097793
2126,1364156447857266688
2127,1364156410242686984
2128,1364156380568031232
2129,1364156361488089088
2130,1364156307159339010
2131,1364156299534102529
2132,1364156276494766080
2133,1364156264230567938
2134,1364156249663803393
2135,1364156245939265542
2136,1364156239865917440
2137,1364156229329772546
2138,1364156196035448839
2139,1364156190419283968
2140,1364156164339040256
2141,1364156105648136194
2142,1364156102103990274
2143,1364156070260838401
2144,1364156000001998848
2145,1364155999108689926
2146,1364155998060109825
2147,1364155990141190144
2148,1364155989348519936
2149,1364155977373798400
2150,1364155968322428929
2151,1364155966816665600
2152,1364155893080809482
2153,1364155877645778945
2154,1364155791410880512
2155,1364155769034276864
2156,1364155724775972864
2157,1364155710653792257
2158,1364155674368888835
2159,1364155658870915074
2160,1364155648552927235
2161,1364155633012981761
2162,1364155622728601604
2163,1364155510845562881
2164,1364155500284248066
2165,1364155473751142403
2166,1364155444336410625
2167,1364155376388743168
2168,1364155336832253952
2169,1364155329781587968
2170,1364155324282904577
2171,1364155299792314368
2172,1364155184335716353
2173,1364155157911654402
2174,1364155126592790528
2175,1364155070196154371
2176,1364155034880118784
2177,1364155003238309888
2178,1364154983097241600
2179,1364154975648161792
2180,1364154943293321218
2181,1364154924007907330
2182,1364154912142196736
2183,1364154909952794626
2184,1364154891351060481
2185,1364154826930716673
2186,1364154804465991683
2187,1364154757754011649
2188,1364154664481136642
2189,1364154616594788353
2190,1364154587414945796
2191,1364154508318769153
2192,1364154498919374849
2193,1364154486768488448
2194,1364154482091831296
2195,1364154419231813635
2196,1364154413594648579
2197,1364154394187624448
2198,1364154386935652352
2199,1364154369961254912
2200,1364154366991757319
2201,1364154319482798080
2202,1364154309760479234
2203,1364154299677310977
2204,1364154213585063938
2205,1364154208702894080
2206,1364154206299578371
2207,1364154177048444928
2208,1364154153581350914
2209,1364154134568525825
2210,1364154121520099328
2211,1364154082630529024
2212,1364154059700240384
2213,1364154045397692416
2214,1364154017002176513
2215,1364153972404199424
2216,1364153965965959168
2217,1364153893459030018
2218,1364153892464975873
2219,1364153849242677249
2220,1364153843420975104
2221,1364153815159754754
2222,1364153780472840197
2223,1364153778425970689
2224,1364153774122672132
2225,1364153762131173377
2226,1364153731114278913
2227,1364153729864396800
2228,1364153686272925699
2229,1364153674168209411
2230,1364153670816985090
2231,1364153626336313344
2232,1364153590974152705
2233,1364153574582865925
2234,1364153537681309696
2235,1364153524754534401
2236,1364153469091917827
2237,1364153450142060546
2238,1364153440146964482
2239,1364153401655914497
2240,1364153398560497667
2241,1364153363198337026
2242,1364153361478656001
2243,1364153298123698177
2244,1364153267685646340
2245,1364153255127777281
2246,1364153228942802947
2247,1364153210404012032
2248,1364153159497711620
2249,1364153157467701248
2250,1364153109790998529
2251,1364153095316508674
2252,1364152980564566020
2253,1364152963468587008
2254,1364152944342491141
2255,1364152911710814208
2256,1364152896011575297
2257,1364152854806675456
2258,1364152809541754881
2259,1364152770283130880
2260,1364152675076616198
2261,1364152673029791746
2262,1364152579714936836
2263,1364152573469589506
2264,1364152559242539008
2265,1364152500295766016
2266,1364152499465289728
2267,1364152460789616642
2268,1364152448559042561
2269,1364152445958553607
2270,1364152436345233408
2271,1364152419907698692
2272,1364152416690700289
2273,1364152410353135616
2274,1364152359534931976
2275,1364152323916894208
2276,1364152291507507201
2277,1364152266111016960
2278,1364152180404596736
2279,1364152159114321920
2280,1364152142353883138
2281,1364152092739444736
2282,1364152072250281988
2283,1364152049353568256
2284,1364152008882675714
2285,1364151998178865156
2286,1364151960488804352
2287,1364151946383351815
2288,1364151934530318336
2289,1364151912824774658
2290,1364151911763574785
2291,1364151880381845507
2292,1364151838031941636
2293,1364151821430890502
2294,1364151793782030338
2295,1364151792431468544
2296,1364151758700875777
2297,1364151743454576641
2298,1364151733048467457
2299,1364151651960041473
2300,1364151625829515266
2301,1364151575351091201
2302,1364151534213292037
2303,1364151492857495553
2304,1364151490156384257
2305,1364151486930956288
2306,1364151480605933569
2307,1364151479863554048
2308,1364151477237866499
2309,1364151438180552704
2310,1364151430102347783
2311,1364151425148858369
2312,1364151354495803392
2313,1364151334799368195
2314,1364151333763379204
2315,1364151316008873985
2316,1364151142700171266
2317,1364151139462242305
2318,1364151107493199886
2319,1364151074089816067
2320,1364151072307236864
2321,1364151004938317825
2322,1364151003537412096
2323,1364150946121609223
2324,1364150915536728065
2325,1364150886134595587
2326,1364150865037316098
2327,1364150844623646721
2328,1364150814718255107
2329,1364150803880169480
2330,1364150765984579585
2331,1364150722552619009
2332,1364150716848308229
2333,1364150715833323520
2334,1364150704835874816
2335,1364150704219303936
2336,1364150679951007744
2337,1364150657557618689
2338,1364150645834608645
2339,1364150638259617806
2340,1364150631502667776
2341,1364150572010594308
2342,1364150546312146950
2343,1364150525445431296
2344,1364150481392701440
2345,1364150480952299525
2346,1364150448622567427
2347,1364150371099238400
2348,1364150325641416705
2349,1364150308956483587
2350,1364150301431910405
2351,1364150281576058888
2352,1364150246343868417
2353,1364150234859909124
2354,1364150221203267584
2355,1364150188932288513
2356,1364150183370588164
2357,1364150173371367427
2358,1364150126554603521
2359,1364150097983008770
2360,1364150096284246016
2361,1364150093516054532
2362,1364150057839325184
2363,1364150037329178627
2364,1364149966776774657
2365,1364149934866518016
2366,1364149922614943747
2367,1364149912217255940
2368,1364149903413415937
2369,1364149892776607744
2370,1364149885914787840
2371,1364149835948036096
2372,1364149797117177856
2373,1364149775289958402
2374,1364149766695899139
2375,1364149765991260161
2376,1364149711880540161
2377,1364149692976812032
2378,1364149631706349575
2379,1364149602442706945
2380,1364149596788846594
2381,1364149596667191299
2382,1364149521257795586
2383,1364149486717726723
2384,1364149448469839873
2385,1364149409081139200
2386,1364149408204533763
2387,1364149333357117440
2388,1364149319398490112
2389,1364149308740800515
2390,1364149300675100673
2391,1364149248930041856
2392,1364149194949296129
2393,1364149190901854213
2394,1364149118420017154
2395,1364149090196545538
2396,1364149079324975104
2397,1364149076112072706
2398,1364149075487182851
2399,1364149037369339904
2400,1364148999113039872
2401,1364148973162872834
2402,1364148879864852483
2403,1364148843122679812
2404,1364148808033181697
2405,1364148787644682242
2406,1364148777972609024
2407,1364148754128003078
2408,1364148735505268739
2409,1364148731914964993
2410,1364148720405786626
2411,1364148698310189058
2412,1364148606064865280
2413,1364148569251471360
2414,1364148552432300032
2415,1364148515824402433
2416,1364148495121317888
2417,1364148415354044416
2418,1364148307396820997
2419,1364148283896188930
2420,1364148265688653825
2421,1364148243530186754
2422,1364148233858072578
2423,1364148182352089100
2424,1364148181118971905
2425,1364148146830508038
2426,1364148108582649857
2427,1364148091771899905
2428,1364148042170060801
2429,1364148022511357955
2430,1364147984666136577
2431,1364147903263088640
2432,1364147855884222470
2433,1364147839723577352
2434,1364147819867701251
2435,1364147810090823681
2436,1364147809490984962
2437,1364147732076756993
2438,1364147723688157185
2439,1364147714188001280
2440,1364147663671820290
2441,1364147630385823746
2442,1364147623536578563
2443,1364147618083971078
2444,1364147598089740288
2445,1364147517223538692
2446,1364147514421706752
2447,1364147475444031492
2448,1364147426362277890
2449,1364147421698273280
2450,1364147412080721921
2451,1364147410382036994
2452,1364147406477131776
2453,1364147376135557120
2454,1364147350713884672
2455,1364147332930031616
2456,1364147286541008899
2457,1364147278341169152
2458,1364147268677435394
2459,1364147261480062981
2460,1364147259466780679
2461,1364147195734286338
2462,1364147068323962881
2463,1364147009570172930
2464,1364146979568295936
2465,1364146947859361792
2466,1364146914103590912
2467,1364146909649199106
2468,1364146829613551616
2469,1364146824693620737
2470,1364146820692197379
2471,1364146808893673474
2472,1364146805848608770
2473,1364146802786783233
2474,1364146788937195521
2475,1364146779164471298
2476,1364146732179808257
2477,1364146715629154306
2478,1364146705554427907
2479,1364146668766117889
2480,1364146593226776578
2481,1364146575681982464
2482,1364146556769861635
2483,1364146544707067906
2484,1364146518014521344
2485,1364146493943394306
2486,1364146459063549954
2487,1364146457641693186
2488,1364146441644625935
2489,1364146420224303106
2490,1364146401970704384
2491,1364146394261512194
2492,1364146382467137539
2493,1364146366486839296
2494,1364146358123438082
2495,1364146317786832896
2496,1364146273801154564
2497,1364146228980760576
2498,1364146218213928962
2499,1364146185284517888
2500,1364146165780996096
2501,1364146073036537863
2502,1364145977075113984
2503,1364145961208082433
2504,1364145906749214723
2505,1364145874880888832
2506,1364145845558468608
2507,1364145843897589760
2508,1364145745381777408
2509,1364145737496469504
2510,1364145695721144325
2511,1364145675064246273
2512,1364145635566485506
2513,1364145633976864769
2514,1364145618894151684
2515,1364145595225628674
2516,1364145580235100161
2517,1364145504645480448
2518,1364145425977073664
2519,1364145332817453058
2520,1364145298185068547
2521,1364145267302412291
2522,1364145253935157250
2523,1364145075983384576
2524,1364145061202640904
2525,1364145024636698624
2526,1364145013844824064
2527,1364144907951169537
2528,1364144897016659969
2529,1364144804016308226
2530,1364144798819639299
2531,1364144771888009220
2532,1364144764849950725
2533,1364144763574906880
2534,1364144763277111297
2535,1364144729697513475
2536,1364144711989137409
2537,1364144708759519232
2538,1364144691780943875
2539,1364144626479808512
2540,1364144619974500353
2541,1364144590098423808
2542,1364144479196823557
2543,1364144464063852548
2544,1364144368337174529
2545,1364144202255396864
2546,1364144165265768448
2547,1364144155585372160
2548,1364144040271351811
2549,1364144016451907589
2550,1364144015592091649
2551,1364183745247518728
2552,1364132958655897600
2553,1364106897524027393
2554,1364106700408651778
2555,1364106477271736320
2556,1364106422607306752
2557,1364106365082488835
2558,1364106365053132800
2559,1364106237886017539
2560,1364105768677634049
2561,1364105212487680000
2562,1364105108590653440
2563,1364105101099556867
2564,1364104626887360512
2565,1364104142378180608
2566,1364104095091593217
2567,1364104068940111875
2568,1364104028955754498
2569,1364103315894784000
2570,1364103199146340355
2571,1364102832434130944
2572,1364102701458612224
2573,1364102363095699456
2574,1364102256510062593
2575,1364101893757296645
2576,1364101680804036608
2577,1364101584679014405
2578,1364101152112054272
2579,1364101073242361857
2580,1364100948054986752
2581,1364100927557410818
2582,1364100468251774978
2583,1364100450505662467
2584,1364100311879585796
2585,1364100204820115456
2586,1364100103208853506
2587,1364100062591258625
2588,1364099876821360642
2589,1364099649041235968
2590,1364099610017472512
2591,1364099441519718400
2592,1364099039030108168
2593,1364098985363931138
2594,1364098751707680768
2595,1364098718060982273
2596,1364098702583955456
2597,1364098584254251009
2598,1364098574397689856
2599,1364098472283172866
2600,1364098276388143106
2601,1364098212508876800
2602,1364098210403344384
2603,1364098130334146560
2604,1364097985219596288
2605,1364097468875563009
2606,1364097292492566531
2607,1364097027043450880
2608,1364096698000277504
2609,1364096505188134915
2610,1364096486498316291
2611,1364095531962814470
2612,1364095290177912832
2613,1364095058547511300
2614,1364094904981479424
2615,1364093927184302081
2616,1364093687748255744
2617,1364092518443462656
2618,1364092432267292674
2619,1364091827851325443
2620,1364091689577680897
2621,1364091626520477696
2622,1364091609009303552
2623,1364091505191886849
2624,1364091503308587008
2625,1364091447650172928
2626,1364091434362671104
2627,1364091402636972032
2628,1364091325788864512
2629,1364091134587371522
2630,1364091109694136330
2631,1364090980325015555
2632,1364090945457766403
2633,1364090930232500224
2634,1364090856391737345
2635,1364090826498994178
2636,1364090791682076674
2637,1364090774779002882
2638,1364090757754281985
2639,1364090652385017858
2640,1364090481324531712
2641,1364090467961475074
2642,1364090317725716480
2643,1364090287052763136
2644,1364090244547633153
2645,1364090227212574721
2646,1364090217033048065
2647,1364090192047583235
2648,1364090112221585409
2649,1364089854301265920
2650,1364089549887049730
2651,1364089501111496706
2652,1364089427417591809
2653,1364089095119601665
2654,1364088892094353409
2655,1364088880916537344
2656,1364088875321335808
2657,1364088844451262466
2658,1364088824834502656
2659,1364088775014551552
2660,1364088763165646848
2661,1364088514476994562
2662,1364088403055280128
2663,1364088392842162176
2664,1364088329789136896
2665,1364088303251845120
2666,1364088019574226945
2667,1364087950884143108
2668,1364087904973258755
2669,1364087881501933570
2670,1364087879341899777
2671,1364087836060880899
2672,1364087800128278529
2673,1364087772408078336
2674,1364087740355256320
2675,1364087663293300736
2676,1364087639821975552
2677,1364087557168971777
2678,1364087393905758209
2679,1364087315627470848
2680,1364087292873367552
2681,1364086866006470657
2682,1364086727338577921
2683,1364086203927187461
2684,1364085943725158404
2685,1364085502194970625
2686,1364085327460241410
2687,1364085215111610370
2688,1364085184400924673
2689,1364085083494350853
2690,1364085002783379457
2691,1364084912647733249
2692,1364084877784715265
2693,1364084824793878528
2694,1364084776160923649
2695,1364084448048926722
2696,1364084429199704065
2697,1364084423914889217
2698,1364084240195981313
2699,1364084009706340353
2700,1364083905293393921
2701,1364083675642683392
2702,1364083671439994880
2703,1364083630449033219
2704,1364083590246580224
2705,1364083588413743104
2706,1364083524173783041
2707,1364083448999276544
2708,1364083409656643585
2709,1364083328295575552
2710,1364083239535706112
2711,1364083224578785283
2712,1364083180001722368
2713,1364083045071007750
2714,1364082783359021057
2715,1364082715738439680
2716,1364082663750041602
2717,1364082595789742080
2718,1364082475266428936
2719,1364082466588405761
2720,1364082385072115714
2721,1364082373546098693
2722,1364082362796150785
2723,1364082362779394054
2724,1364082361898524672
2725,1364082265605734401
2726,1364082189462368258
2727,1364082140774858753
2728,1364082128439431168
2729,1364082052937752577
2730,1364082013737807877
2731,1364081940689747968
2732,1364081865133588480
2733,1364081706936983553
2734,1364081648212602880
2735,1364081631141769217
2736,1364081570324299777
2737,1364081416892481537
2738,1364081376631349249
2739,1364081276135890950
2740,1364081181759840259
2741,1364081069931323393
2742,1364080807250251778
2743,1364080765517127681
2744,1364080747359985666
2745,1364080729488056321
2746,1364080654720368640
2747,1364080538919796739
2748,1364080508263686144
2749,1364080489733226497
2750,1364080353791664129
2751,1364080345650462721
2752,1364080341728833537
2753,1364080246442590208
2754,1364080231674437632
2755,1364080226553200640
2756,1364080217929768960
2757,1364080201274171392
2758,1364080106503884803
2759,1364080076778856449
2760,1364079940795330563
2761,1364079782468681728
2762,1364079743918817282
2763,1364079563857403905
2764,1364079544811073538
2765,1364079468386676737
2766,1364079375923228678
2767,1364079373364641797
2768,1364079330054328322
2769,1364079272248377344
2770,1364079226106880001
2771,1364079183375269888
2772,1364079181307518976
2773,1364079136831111169
2774,1364079043247751171
2775,1364078889895616512
2776,1364078735662714880
2777,1364078682814480387
2778,1364078671632494601
2779,1364078662988029953
2780,1364078659682922497
2781,1364078652447678464
2782,1364078506234302464
2783,1364078443445575685
2784,1364078440840916992
2785,1364078050971942912
2786,1364077873569611776
2787,1364077784054829057
2788,1364077596305154049
2789,1364077555909861376
2790,1364077054900269056
2791,1364076888780636163
2792,1364076371883020291
2793,1364076053317246979
2794,1364075999818887173
2795,1364075995595161600
2796,1364075474557804546
2797,1364075336347049985
2798,1364075307070853120
2799,1364075235448922113
2800,1364075190288842753
2801,1364075091492016129
2802,1364074464707805184
2803,1364074449998401536
2804,1364073943297118208
2805,1364073751298605058
2806,1364073410607865856
2807,1364073364739006464
2808,1364073294744403971
2809,1364072976535142402
2810,1364071985832202241
2811,1364071530133602306
2812,1364071328702230532
2813,1364071067501887488
2814,1364069743251054599
2815,1364069671654277123
2816,1364069583506833409
2817,1364068395315036160
2818,1364067150017802240
2819,1364066682952691714
2820,1364066581668646914
2821,1364065929093644289
2822,1364064708731535360
2823,1364064081372733441
2824,1364063734805778433
2825,1364063521730920448
2826,1364184596129210371
2827,1364183745247518728
2828,1364179510262915078
2829,1364175328063684610
2830,1364162290879258627
2831,1364160824957411328
2832,1364157190710329346
2833,1364156346996822017
2834,1364155882918019072
2835,1364155424077983745
2836,1364154358485639168
2837,1364154116709187584
2838,1364147732076756993
2839,1364145111576301568
2840,1364140710002372609
2841,1364140408796819457
2842,1364136077850800133
2843,1364135826842652678
2844,1364132065218813952
2845,1364130817627336704
2846,1364130779010392064
2847,1364130053475487747
2848,1364129288811925507
2849,1364129162697572353
2850,1364128483832692736
2851,1364128235135651843
2852,1364128094521597954
2853,1364127776299712512
2854,1364126846502252547
2855,1364124599970062336
2856,1364123534889467906
2857,1364123468388827136
2858,1364122736344379392
2859,1364121945667756034
2860,1364121660534702084
2861,1364120150962798592
2862,1364119693456465920
2863,1364119432059060225
2864,1364119363742281728
2865,1364119351469764610
2866,1364119030127349764
2867,1364118965249855491
2868,1364118849386405888
2869,1364118818830888960
2870,1364117904422277121
2871,1364117262521745408
2872,1364117130766131202
2873,1364116915636088833
2874,1364116312356757505
2875,1364115489153306627
2876,1364114185236467712
2877,1364112902421151744
2878,1364111676329652224
2879,1364111192348889089
2880,1364110938664816641
2881,1364110238828417024
2882,1364109707250696196
2883,1364109254928576512
2884,1364107725324640259
2885,1364106093329330176
2886,1364105458655592452
2887,1364104246279430146
2888,1364101025418907652
2889,1364100374945288192
2890,1364096999549771777
2891,1364096757358071813
2892,1364096595659288584
2893,1364096472707457024
2894,1364096464658567168
2895,1364096441304678401
2896,1364096436330135558
2897,1364096024558657536
2898,1364095975598542852
2899,1364095387943002112
2900,1364094700274253826
2901,1364094079911526400
2902,1364093086633189378
2903,1364093005150507009
2904,1364092629236002822
2905,1364092450969710592
2906,1364091040693694465
2907,1364090634001391617
2908,1364084356374011906
2909,1364084192833921031
2910,1364083751693803524
2911,1364080622243901440
2912,1364078115102875649
2913,1364077689242591232
2914,1364071914457747462
2915,1364063126564536320
2916,1364063005936390146
2917,1364062558714531844
2918,1364052012627812354
2919,1364038279419592705
2920,1364037717953294342
2921,1364003812726501376
2922,1363952264067620865
2923,1363841142136135682
2924,1363820845060268033
2925,1363813195056631809
2926,1363806038751932417
2927,1363795779425550337
2928,1363793669376118785
2929,1363791349359738883
2930,1363790510809309186
2931,1363787601212235782
2932,1363785152279818241
2933,1363783542401032192
2934,1363780544992079881
2935,1363776473774125057
2936,1363775815939416064
2937,1363773699086831616
2938,1363771154016718848
2939,1363769541172559872
2940,1363768476826009600
2941,1363767577785344000
2942,1363766455506886664
2943,1363766071937929216
2944,1363764876053733378
2945,1363764011431583744
2946,1363763930947084288
2947,1363763458244816896
2948,1363762678540468225
2949,1363762537762852868
2950,1363762158518075395
2951,1363760918866370560
2952,1363760263799967745
2953,1363759870072270850
2954,1363758920888688640
2955,1363758537260818432
2956,1363758214655967237
2957,1363758031931072513
2958,1363757922568855552
2959,1363757811881160704
2960,1363757593936752640
2961,1363757527146655744
2962,1363756979336998912
2963,1363756690445893632
2964,1363755767766089729
2965,1363755181461172225
2966,1363755113827958786
2967,1363754918872576003
2968,1363754797988462592
2969,1363754154020245504
2970,1363753859357822976
2971,1363752852561223682
2972,1363752208521699329
2973,1363752105970978819
2974,1363751434311921665
2975,1363751313885003777
2976,1363750930022363136
2977,1363750192051273729
2978,1363749333397569542
2979,1363749096226398209
2980,1363747281917403142
2981,1363747266754977792
2982,1363747126900117506
2983,1363747034898051072
2984,1363746646379663363
2985,1363746494449414144
2986,1363746341462155264
2987,1363745339363188737
2988,1363745169267453952
2989,1363744706933501953
2990,1363744612708462592
2991,1363744505724342272
2992,1363741514573242368
2993,1363741395362660357
2994,1363741395203284993
2995,1363740773116739585
2996,1363740705462583296
2997,1363736594021294082
2998,1363736100943130624
2999,1363735049615589381
3000,1363734278480216064
3001,1363733964599545856
3002,1363733013088133120
3003,1363732002302791680
3004,1363731755627405318
3005,1363731199034875908
3006,1363730150760861699
3007,1363729335409082368
3008,1363728765667401729
3009,1363728288368230401
3010,1363727066902986752
3011,1363726463384616962
3012,1363726201358077952
3013,1363725213570056198
3014,1363725013908611073
3015,1363724207364923394
3016,1363724200289124355
3017,1363724028415012866
3018,1363722298449162240
3019,1363722213829079040
3020,1363722120870641664
3021,1363720739090796546
3022,1363720673487704064
3023,1363718823472431106
3024,1363717355755499521
3025,1363716747644272643
3026,1363716196655370240
3027,1363715600124702722
3028,1363711184420151296
3029,1363710802679717890
3030,1363710297270325250
3031,1363709920420495361
3032,1363709374628257793
3033,1363709230054838273
3034,1363709132776308741
3035,1363709074542575616
3036,1363709029424463873
3037,1363708907542224897
3038,1363708754437545985
3039,1363708722544001026
3040,1363708411020529665
3041,1363706330335297537
3042,1363702535467520000
3043,1363702126778720256
3044,1363700468510253061
3045,1363699962815610880
3046,1363698810921320453
3047,1363696892186656768
3048,1363696791644995586
3049,1363696626578190338
3050,1363693780356988928
3051,1363693576148901894
3052,1363693489146523651
3053,1363693120379121664
3054,1363688926876217344
3055,1363684311669555200
3056,1363677684291756033
3057,1363676632033202176
3058,1363671279547604994
3059,1363670668689162240
3060,1363657832399335425
3061,1363535445909524488
3062,1363528727460732932
3063,1363479618959925250
3064,1363463565336842241
3065,1363457048709595137
3066,1363451712552525826
3067,1363440245266665472
3068,1363439833214050304
3069,1363435130937872387
3070,1363432598509416452
3071,1363425816680488960
3072,1363425340941627393
3073,1363425001916018692
3074,1363420175903698948
3075,1363419893836754945
3076,1363418562547904512
3077,1363417612382851073
3078,1363416061945724928
3079,1363415844148178944
3080,1363415697167167489
3081,1363412743819300869
3082,1363412730191962114
3083,1363411958020603904
3084,1363410880378118154
3085,1363410046382702592
3086,1363408575968800770
3087,1363407796256067584
3088,1363406959089745922
3089,1363404959841193984
3090,1363404806359035911
3091,1363404627610394624
3092,1363404481615048707
3093,1363404433758048256
3094,1363403715496079368
3095,1363403213370761216
3096,1363403050916921345
3097,1363402650323214338
3098,1363402238241169408
3099,1363402033882087432
3100,1363401285853143040
3101,1363398570737557506
3102,1363398318739644419
3103,1363396943553191936
3104,1363396773788717056
3105,1363395546912862209
3106,1363395522212593664
3107,1363394880341434369
3108,1363394854424875009
3109,1363391508783763459
3110,1363391168508268544
3111,1363390873816465408
3112,1363389046622474240
3113,1363388423084638208
3114,1363387909257261056
3115,1363387655061458944
3116,1363386382991953923
3117,1363384260762173442
3118,1363382633779126272
3119,1363382590837846016
3120,1363382427301924866
3121,1363381505440022530
3122,1363381254121549824
3123,1363379455603924994
3124,1363379444665171968
3125,1363379259075624960
3126,1363378996877156355
3127,1363376506991443969
3128,1363375541752123393
3129,1363375316354228230
3130,1363375125421293573
3131,1363374662235938816
3132,1363374348162244608
3133,1363373531220877314
3134,1363368333949751297
3135,1363367862811959296
3136,1363367667667767297
3137,1363367289811312642
3138,1363365932442222594
3139,1363365660504563712
3140,1363365322678501378
3141,1363363625566670851
3142,1363361830379413504
3143,1363358093153828864
3144,1363355199428059136
3145,1363353249684856833
3146,1363352797719236609
3147,1363351113521627138
3148,1363349715266523136
3149,1363348815131115520
3150,1363346403272048641
3151,1363345101351751682
3152,1363343430441705479
3153,1363342516364464129
3154,1363340079406710786
3155,1363338482702299138
3156,1363336606309048324
3157,1363335805440323584
3158,1363330670106402818
3159,1363319144947589120
3160,1363313708580110341
3161,1363313287828561923
3162,1363312592853360641
3163,1363304230891769859
3164,1363301585036734464
3165,1363296609283497985
3166,1363295559558209539
3167,1363284175667798016
3168,1363271866144669697
3169,1363250106116489218
3170,1363221333824389122
3171,1363204988231684102
3172,1363178220414197762
3173,1363119032346509315
3174,1363091524607758336
3175,1363089178817400834
3176,1363085790130151430
3177,1363075504434257924
3178,1363074530206482434
3179,1363069455044145155
3180,1363069242401243136
3181,1363065967769759747
3182,1363065236199202816
3183,1363064124511510537
3184,1363058694699823104
3185,1363057016856535040
3186,1363055041884618754
3187,1363053388209000449
3188,1363053130896838657
3189,1363052848859209729
3190,1363052648585449472
3191,1363050788663263239
3192,1363048799720120320
3193,1363048379589263360
3194,1363046042078498819
3195,1363044462558146565
3196,1363043888076890112
3197,1363043173707177986
3198,1363042727169060866
3199,1363038932636590081
3200,1363038439856340994
3201,1363036468281827329
3202,1363035367084023809
3203,1363031558416961537
3204,1363031169885954051
3205,1363030354404253697
3206,1363030346246336514
3207,1363028509585788931
3208,1363028145335656448
3209,1363026496785420288
3210,1363026386777169920
3211,1363026358067167232
3212,1363026256678297601
3213,1363025531978006528
3214,1363020688999780352
3215,1363020564001136642
3216,1363019626213441543
3217,1363018101541986304
3218,1363017189993951232
3219,1363015928657702913
3220,1363015895958847488
3221,1363015790761566209
3222,1363014973883039745
3223,1363011793631731713
3224,1363011384481619968
3225,1363011267355701248
3226,1363011213010096130
3227,1363006923348574208
3228,1363006731274620928
3229,1363006372066054147
3230,1363005559528685570
3231,1363005259904389121
3232,1363005231257239552
3233,1363004143124774912
3234,1363003710989869057
3235,1363002910632775682
3236,1363000784066068483
3237,1362998346483384321
3238,1362997595535212544
3239,1362997168907378692
3240,1362996368743268355
3241,1362994685820731393
3242,1362994259423604736
3243,1362990586219945985
3244,1362987086668791809
3245,1362985539662675973
3246,1362983266567995396
3247,1362980161583411206
3248,1362979985829552129
3249,1362977194331557888
3250,1362976372092784641
3251,1362974120800112642
3252,1362972601442856960
3253,1362967929684393989
3254,1362959983361593347
3255,1362956460586631175
3256,1362956240649936899
3257,1362739508383539202
3258,1362730376767152131
3259,1362728942520655886
3260,1362719913631178752
3261,1362716023481376772
3262,1362710230681997314
3263,1362705438328946693
3264,1362699159896272897
3265,1362699045018468353
3266,1362692328440348673
3267,1362683997193728001
3268,1362681033573994496
3269,1362668777893228545
3270,1362662830860869632
3271,1362658892069617667
3272,1362658175028105220
3273,1362657205208698880
3274,1362644640571265024
3275,1362640766900834304
3276,1362639741427085313
3277,1362636859764072449
3278,1362632053506920454
3279,1362628184899014658
3280,1362621445038342147
3281,1362618359087529985
3282,1362615730877915137
3283,1362614069556092930
3284,1362611429128421376
3285,1362605660928675841
3286,1362604027058487299
3287,1362598411493605376
3288,1362596436454629377
3289,1362595832319660032
3290,1362595189689303041
3291,1362544611542126597
3292,1362539430028935173
3293,1362537369547771908
3294,1362405082822807553
3295,1362368121479299072
3296,1362356185345703942
3297,1362352877331755008
3298,1362343830796828672
3299,1362342555887816704
3300,1362339552350896129
3301,1362336919078764545
3302,1362333979421081603
3303,1362328101636743168
3304,1362326699254444034
3305,1362321517867073537
3306,1362318881260462084
3307,1362318158586146816
3308,1362316079490625537
3309,1362311591128145923
3310,1362308639613100034
3311,1362308435216379904
3312,1362307327844638720
3313,1362307140141121538
3314,1362306886117244930
3315,1362303924632498180
3316,1362297523776458753
3317,1362296313728147456
3318,1362296002707922944
3319,1362295788936781825
3320,1362289233717833733
3321,1362288703796871169
3322,1362284992571834368
3323,1362282656243847169
3324,1362282178072244229
3325,1362281615192424449
3326,1362280779540275203
3327,1362279937693122563
3328,1362278700750929924
3329,1362277857368690691
3330,1362277726196015105
3331,1362275798426779648
3332,1362275432482152450
3333,1362275252378742785
3334,1362274863000469504
3335,1362274172869750786
3336,1362273662070579204
3337,1362270472172404738
3338,1362268129288675332
3339,1362267256093343745
3340,1362266325922549761
3341,1362265913278541824
3342,1362264631243403267
3343,1362263492364038146
3344,1362263024271314947
3345,1362261951833849858
3346,1362261794417426433
3347,1362257205303668743
3348,1362256512714956800
3349,1362255895896424448
3350,1362255719987306498
3351,1362255130733776896
3352,1362253585183039497
3353,1362252961007681536
3354,1362252954540122113
3355,1362252015330557953
3356,1362251990798131204
3357,1362251021582544896
3358,1362249330682458115
3359,1362237607657295876
3360,1362234215459393540
3361,1362223117414899712
3362,1362222644003749888
3363,1362207888589148161
3364,1362207130539941893
3365,1362206720416751619
3366,1362172872995799040
3367,1362130695313895426
3368,1362082033116336128
3369,1362050946084257792
3370,1362010863100715010
3371,1362009995865448451
3372,1362000360458629123
3373,1361997884833607680
3374,1361995917252055048
3375,1361994227719225344
3376,1361990476967137281
3377,1361988330423005185
3378,1361985421312487427
3379,1361985050858905604
3380,1361984851314958338
3381,1361984090166222850
3382,1361980235735060481
3383,1361975719635660805
3384,1361975513359728642
3385,1361973221956927489
3386,1361968940759592965
3387,1361968701206102020
3388,1361965562528731136
3389,1361963973218865152
3390,1361962500749725702
3391,1361960732452151298
3392,1361959802801426436
3393,1361954462571585536
3394,1361954331910676481
3395,1361953784142905344
3396,1361950646874894337
3397,1361949700677591044
3398,1361947945214611458
3399,1361944160396312576
3400,1361943522774036481
3401,1361940789824286725
3402,1361938095810224129
3403,1361937972787052549
3404,1361936620879020033
3405,1361934420106768385
3406,1361933912948301825
3407,1361933513705074691
3408,1361933402836885506
3409,1361930380987801600
3410,1361929604764688385
3411,1361927037557047298
3412,1361905962723004418
3413,1361904979443929088
3414,1361903329497018369
3415,1361903114060763139
3416,1361902657900859393
3417,1361897252239859714
3418,1361894053558820869
3419,1361886124550086657
3420,1361879170805084160
3421,1361875263492136968
3422,1361869326513545222
3423,1361861204076068866
3424,1361860693604073473
3425,1361832626525515777
3426,1361804491490746372
3427,1361718807115558913
3428,1361701281895751685
3429,1361669801232465920
3430,1361666310082621441
3431,1361666073670656002
3432,1361656280000192515
3433,1361653111698452489
3434,1361649706733084672
3435,1361642912958799875
3436,1361635710520987658
3437,1361635128607399936
3438,1361632036486864899
3439,1361631591064367109
3440,1361627438736961538
3441,1361625033773301766
3442,1361624956694626305
3443,1361620672292786176
3444,1361617558546300928
3445,1361616574562643968
3446,1361615720178671616
3447,1361615210151370757
3448,1361613775581941760
3449,1361613491854016515
3450,1361612413573955585
3451,1361611572498599940
3452,1361611266398318592
3453,1361611133124300801
3454,1361610349867327493
3455,1361609839537971201
3456,1361609482120417281
3457,1361609129362665474
3458,1361608461461684228
3459,1361605628918173696
3460,1361605522131197952
3461,1361603393177980928
3462,1361602483026620418
3463,1361601695176921089
3464,1361601330847055876
3465,1361599294894178313
3466,1361598570533634049
3467,1361597443163500547
3468,1361595051449737221
3469,1361594668560039939
3470,1361594439219744768
3471,1361593995466579968
3472,1361593855557185539
3473,1361593316245184513
3474,1361593009398235141
3475,1361591181440937986
3476,1361589549273645062
3477,1361589537366044673
3478,1361589462992584705
3479,1361588191774572547
3480,1361586991494811655
3481,1361585974694838272
3482,1361585622746562561
3483,1361584470386749441
3484,1361583793526685697
3485,1361583587481501697
3486,1361583480883273729
3487,1361583018666848258
3488,1361581834748985344
3489,1361581228508409858
3490,1361580912157335560
3491,1361580607650885632
3492,1361580081777434626
3493,1361579540707966976
3494,1361579107650265088
3495,1361578747980349440
3496,1361576918022299648
3497,1361576680150753283
3498,1361576650761265153
3499,1361575823308976129
3500,1361575025120264196
3501,1361573548662349827
3502,1361571165618249729
3503,1361571053189931008
3504,1361571010324103171
3505,1361569535682355204
3506,1361569144831901697
3507,1361568792338436096
3508,1361568231841034240
3509,1361567873651650561
3510,1361567360004591616
3511,1361566101591777281
3512,1361565898763599873
3513,1361565811752775683
3514,1361564544250871810
3515,1361564453767151616
3516,1361564419000578050
3517,1361564329619955716
3518,1361564249760407555
3519,1361563646116196352
3520,1361563520232521729
3521,1361562843628371970
3522,1361560984029175810
3523,1361560394431668224
3524,1361559448754528256
3525,1361556728140169217
3526,1361556422455091203
3527,1361556207169908736
3528,1361555991335157761
3529,1361555688804253700
3530,1361554690161410048
3531,1361554594581667841
3532,1361552397332602883
3533,1361550190814109698
3534,1361547580988080134
3535,1361547098739666944
3536,1361546512640147457
3537,1361546070975725570
3538,1361544099279630337
3539,1361542177030082565
3540,1361541739119579136
3541,1361541124897267713
3542,1361540714103005185
3543,1361540130578776071
3544,1361539770141335555
3545,1361538712589500418
3546,1361538019950551044
3547,1361536135051292672
3548,1361535742024036356
3549,1361534819608518660
3550,1361533943581986821
3551,1361533677684088834
3552,1361533357704826880
3553,1361531709154594818
3554,1361529965746020354
3555,1361529852260679681
3556,1361528869367480321
3557,1361527705376862208
3558,1361526708302712833
3559,1361524426655858691
3560,1361523772180869120
3561,1361522570965770240
3562,1361521916784369665
3563,1361515869080330247
3564,1361515496928145410
3565,1361513467044372480
3566,1361505819569831938
3567,1361499349918900227
3568,1361497105009958912
3569,1361486199542734851
3570,1364215774412472323
3571,1364215457205673989
3572,1364204573586558977
3573,1364199197872975875
3574,1364199048522190852
3575,1364198089804939268
3576,1364197880257470466
3577,1364197785801785348
3578,1364197784996507648
3579,1364197721171705857
3580,1364197158275207172
3581,1364197152445054976
3582,1364197057460854787
3583,1364196885272158215
3584,1364196714605916160
3585,1364196499735908352
3586,1364196199453102080
3587,1364195939725025288
3588,1364195926940655619
3589,1364195113933672453
3590,1364193601266331650
3591,1364193298714402818
3592,1364192640871317512
3593,1364192527855853577
3594,1364192287551537152
3595,1364189927341178884
3596,1364189479947431936
3597,1364189366428524547
3598,1364189080322473991
3599,1364188012452667392
3600,1364187980273975296
3601,1364187903870590980
3602,1364187679362007042
3603,1364184162685636613
3604,1364182791261405184
3605,1364182784261185537
3606,1364182222916505601
3607,1364181762725797892
3608,1364179754828632065
3609,1364179640156360705
3610,1364179340880183301
3611,1364177694217371651
3612,1364177315740217345
3613,1364175882257129473
3614,1364175840356012035
3615,1364165756334841856
3616,1364161202981638148
3617,1364161202662866946
3618,1364159637705089026
3619,1364152705753702400
3620,1364148890392551424
3621,1364146494295703556
3622,1364144860056465409
3623,1364143861589831682
3624,1364136670854062081
3625,1364132256089059328
3626,1364122686524432386
3627,1364117746049499139
3628,1364109541051424768
3629,1364106667172986884
3630,1364065646942781446
3631,1364038684203487234
3632,1364023175542095874
3633,1364021215891963904
3634,1364007666713034755
3635,1363976916261347338
3636,1363943832136654851
3637,1363939300744847365
3638,1363936584849104904
3639,1363936045398700042
3640,1363935216155439106
3641,1363919850406612992
3642,1363917085269704709
3643,1363915579388755969
3644,1363915128001998854
3645,1363913042732417031
3646,1363912574425833472
3647,1363905960037785604
3648,1363899211243208710
3649,1363894091998756864
3650,1363893466875453444
3651,1363888193649733633
3652,1363887240724766724
3653,1363886947521990657
3654,1363884052919574529
3655,1363882333489819653
3656,1363879262693040134
3657,1363836156564172801
3658,1363835460699709441
3659,1363479444246118400
3660,1362830485500616704
3661,1362802825441460226
3662,1362784389176958977
3663,1362782517359751168
3664,1362780927970185218
3665,1362779554377592840
3666,1362736798582120449
3667,1362725985221808128
3668,1362452313504428038
3669,1362408909814837263
3670,1362152800042557442
3671,1361828195725639682
3672,1361805039883472900
3673,1361784572019683330
3674,1361769277817303051
3675,1361763515384610821
3676,1361759296858574853
3677,1361753334777053186
3678,1361753048893292547
3679,1361752543550992387
3680,1361751838052212737
3681,1361751791067684864
3682,1361751553607147524
3683,1361751228724707333
3684,1361750912096731136
3685,1361749260019056640
3686,1361748244217356295
3687,1361747504560300036
3688,1361747245893357570
3689,1361746049132613632
3690,1361745300755525633
3691,1361744553091424256
3692,1361743177334607880
3693,1361741564545015814
3694,1361740309969981443
3695,1361739612377542665
3696,1361736914504671235
3697,1361735387245330434
3698,1361735273051209737
3699,1361731589777084416
3700,1361730899683991552
3701,1361715118762053637
3702,1361714333068234753
3703,1361699619588222981
3704,1361696953038495747
3705,1361695753891119112
3706,1361692251777302535
3707,1361688707401719810
3708,1361653361561530371
3709,1361651926656516096
3710,1361642708582940672
3711,1361640231183777792
3712,1361633246438637574
3713,1361631323316760581
3714,1361606079663255554
3715,1361602501905121281
3716,1361602104855568385
3717,1361596583037595648
3718,1361593691924758540
3719,1361591649550401538
3720,1361590835050078208
3721,1361584829456932865
3722,1361575977831325696
3723,1361519702267342848
3724,1361405953946566661
3725,1361378899012255747
3726,1361374122111078405
3727,1364254582034092038
3728,1364247229444345857
3729,1364247000846393344
3730,1364246243757719556
3731,1364246050056323075
3732,1364245563517136897
3733,1364244026724143104
3734,1364243954057834502
3735,1364243088382820354
3736,1364242983718187008
3737,1364242885290430465
3738,1364242643669114885
3739,1364242362373992451
3740,1364242064976838658
3741,1364241193983496192
3742,1364240574757429252
3743,1364240065749282816
3744,1364239845829316613
3745,1364238797647589378
3746,1364238386106630148
3747,1364235983303106567
3748,1364235931524493312
3749,1364235645900771337
3750,1364234826862190595
3751,1364234402918719491
3752,1364234256214609925
3753,1364233920137621510
3754,1364233852043075586
3755,1364233498937163780
3756,1364232663196831745
3757,1364232453360128000
3758,1364232452923936768
3759,1364232085679058951
3760,1364231936231751683
3761,1364231856468729860
3762,1364231651249844229
3763,1364231640596283394
3764,1364231003657633794
3765,1364230764481626113
3766,1364230584441200652
3767,1364230520364744704
3768,1364230511149907968
3769,1364230377578110979
3770,1364229934487633920
3771,1364229746486370304
3772,1364229703838572547
3773,1364229478449315841
3774,1364229430470709249
3775,1364229372731867143
3776,1364229326460354562
3777,1364229317983666187
3778,1364229311968894976
3779,1364229253106073603
3780,1364229015977009152
3781,1364228900159516677
3782,1364228879829843968
3783,1364228846069948422
3784,1364228695754485767
3785,1364228631397085187
3786,1364228383379316736
3787,1364228319865155585
3788,1364228275501989889
3789,1364228244870991873
3790,1364228234313797634
3791,1364228056659812354
3792,1364228013932621825
3793,1364228003375374339
3794,1364227983351951365
3795,1364227944407846915
3796,1364227886211764233
3797,1364227870923579392
3798,1364227708394299397
3799,1364227599245799426
3800,1364227565527855114
3801,1364227495139049484
3802,1364227445314838543
3803,1364227443989434379
3804,1364226320406822912
3805,1364226224478777350
3806,1364226157202214923
3807,1364225759032713216
3808,1364225658646261765
3809,1364225285030219780
3810,1364225261101674505
3811,1364223677043077124
3812,1364223339028377607
3813,1364222735132491781
3814,1364222500473761800
3815,1364222373914812417
3816,1364221454452068354
3817,1364221444364767238
3818,1364221248050368522
3819,1364220507470503937
3820,1364219422311735298
3821,1364219316368003072
3822,1364219264773709830
3823,1364219039539691522
3824,1364218915300118528
3825,1364218849667600393
3826,1364218671762128897
3827,1364217050563026945
3828,1364215536092123140
3829,1364215409692573696
3830,1364215087217655812
3831,1364215008549359616
3832,1364214951016038402
3833,1364214482520727560
3834,1364214197672759301
3835,1364214196519407623
3836,1364214195131088900
3837,1364213661439508486
3838,1364213271956488192
3839,1364212928426233856
3840,1364212868149878791
3841,1364212475604783108
3842,1364211824200155139
3843,1364211511682600963
3844,1364211394338553864
3845,1364211274758823942
3846,1364211183524446209
3847,1364210999679737857
3848,1364210928594677764
3849,1364210918603776000
3850,1364210782528036873
3851,1364210700072198148
3852,1364210646875856897
3853,1364210586083590144
3854,1364210501668995072
3855,1364210458341875712
3856,1364210433029210114
3857,1364210425307557893
3858,1364209705313255430
3859,1364208534267846656
3860,1364207375788482561
3861,1364206980185927680
3862,1364206860954435585
3863,1364206769581527043
3864,1364206759641051140
3865,1364206696504123398
3866,1364206525808582656
3867,1364206427162742784
3868,1364206377246339075
3869,1364205913276641280
3870,1364205853759442945
3871,1364204807658029064
3872,1364202864961150977
3873,1364202862809550860
3874,1364202500740567047
3875,1364202123697741826
3876,1364202087689687044
3877,1364200059265568769
3878,1364199489976860672
3879,1364199102771326981
3880,1364198761237520386
3881,1364198529628049410
3882,1364198377999769603
3883,1364196113700573185
3884,1364195927662198786
3885,1364195401008631812
3886,1364194437694443523
3887,1364194436494753795
3888,1364194435475546119
3889,1364194432795348995
3890,1364194431490924547
3891,1364194306622382082
3892,1364194261131014146
3893,1364192314013401091
3894,1364190575487025153
3895,1364190481874358274
3896,1364190006965907456
3897,1364189621077364737
3898,1364188979143311360
3899,1364187596457447424
3900,1364187207171416079
3901,1364186763477061636
3902,1364184644753764352
3903,1364184492189962240
3904,1364184470719516682
3905,1364184275646636033
3906,1364184242595397633
3907,1364182686470914048
3908,1364182303753330688
3909,1364182221318475777
3910,1364181577530499072
3911,1364181481283743748
3912,1364181421582090243
3913,1364181378477264902
3914,1364181209568342017
3915,1364181137694859265
3916,1364181086855704576
3917,1364180417717370886
3918,1364179754828632065
3919,1364179303672516612
3920,1364178811894566912
3921,1364178811768754177
3922,1364178631526928388
3923,1364178587587391495
3924,1364178324201877510
3925,1364178245256704006
3926,1364178225182760960
3927,1364178203271524366
3928,1364178125647728640
3929,1364177946861273089
3930,1364177834231627777
3931,1364177732528181250
3932,1364177722688344065
3933,1364177535513358336
3934,1364177144063152131
3935,1364176576401784832
3936,1364176564565536768
3937,1364176470726356995
3938,1364174923053359106
3939,1364174892296470528
3940,1364174377609265152
3941,1364174367505096709
3942,1364170969661767682
3943,1364170596771377161
3944,1364168509060710403
3945,1364168135301947392
3946,1364163300397842432
3947,1364163000052105218
3948,1364161244568162308
3949,1364160589778415617
3950,1364157129960136704
3951,1364153283972009990
3952,1364152693858725891
3953,1364151795308769282
3954,1364151762077245440
3955,1364151521634521089
3956,1364147577185325058
3957,1364147521640136705
3958,1364146544707067907
3959,1364146370937032705
3960,1364146193845137410
3961,1364145739295719424
3962,1364145010577444866
3963,1364142443483037698
3964,1364142225907724291
3965,1364139590152560652
3966,1364139358543052801
3967,1364136670854062081
3968,1364136414242201604
3969,1364135545568378881
3970,1364133856761311236
3971,1364133576997040135
3972,1364133554649788416
3973,1364129116094627844
3974,1364127631193513984
3975,1364126995416760322
3976,1364126029888049152
3977,1364125864410030206
3978,1364124220318384130
3979,1364122791197474816
3980,1364122026391306241
3981,1364117081277497344
3982,1364115611266220034
3983,1364115447742935041
3984,1364113221108563972
3985,1364110022406463489
3986,1364108778921209856
3987,1364091104216424448
3988,1364090121096630281
3989,1364090118819123204
3990,1364081197589094401
3991,1364069229020934144
3992,1364029175825334275
3993,1364020903085039617
3994,1364013353480253440
3995,1364012356104163328
3996,1364005816366374913
3997,1363997887785406465
3998,1363988972779765760
3999,1363982038907244544
4000,1363982034587193348
4001,1363979814579879938
4002,1363972681197113351
4003,1363968694909501442
4004,1363967313070858240
4005,1363964646584156162
4006,1363964281897836547
4007,1363964280232685574
4008,1363963912916332545
4009,1363959755878903812
4010,1363957361883422720
4011,1363956735598354437
4012,1363951839532711938
4013,1363946148889726976
4014,1363945237941485571
4015,1363944315626651649
4016,1363938610878160897
4017,1363938498710024193
4018,1363937875734093825
4019,1363937864241668096
4020,1363933276189192196
4021,1363924998424055815
4022,1363924666889437185
4023,1363923535182372864
4024,1363923144319246338
4025,1363919880685314050
4026,1363919870694477827
4027,1363919683494281226
4028,1363919408142430209
4029,1363919357546487818
4030,1363918691788808197
4031,1363917480041807877
4032,1363916588756402181
4033,1363915406239498240
4034,1363912649516462092
4035,1363912304950190080
4036,1363911386385035267
4037,1363911182088892422
4038,1363909808659685388
4039,1363903700415238158
4040,1363902134526251008
4041,1363900663860785157
4042,1363898919873355777
4043,1363898860796604416
4044,1363896483641188352
4045,1363892597241094151
4046,1363891319433756677
4047,1363890466022916101
4048,1363890344874692609
4049,1363888247332601859
4050,1363885834345320456
4051,1363885524155531268
4052,1363885282194554888
4053,1363883995403059201
4054,1363883473245777921
4055,1363883305968553984
4056,1363883267531890693
4057,1363882836181348353
4058,1363882627715989507
4059,1363882601057034244
4060,1363882443858673674
4061,1363881496520634377
4062,1363881445194952709
4063,1363877822880747522
4064,1363877466314399746
4065,1363877465341390850
4066,1363876560181297156
4067,1363875682040901632
4068,1363871641399418880
4069,1363871461933481985
4070,1363871166952140803
4071,1363869005459697664
4072,1363868923062489092
4073,1363866230952763393
4074,1363865067322769415
4075,1363864650157326343
4076,1363864325887254534
4077,1363860656689192960
4078,1363860646819999745
4079,1363860560748687366
4080,1363856953319903232
4081,1363855288223301639
4082,1363847399098187783
4083,1363843270833565696
4084,1363843155565641735
4085,1363842615007830024
4086,1363842613313380360
4087,1363836222632820740
4088,1363834443853660163
4089,1363832914446675975
4090,1363831502568579074
4091,1363829022950449156
4092,1363823911390109696
4093,1363823443779719171
4094,1363823441678397441
4095,1363821956659900424
4096,1363821651935326211
4097,1363818958617387010
4098,1363818386778697728
4099,1363816121258893313
4100,1363813642274304003
4101,1363813597831434242
4102,1363813135245860868
4103,1363812668860030982
4104,1363808251935039491
4105,1363807054369013761
4106,1363806060910419972
4107,1363804285054631937
4108,1363801468071866373
4109,1363797830167646212
4110,1363797614156783619
4111,1363797219795697666
4112,1363794942255108097
4113,1363794937511297025
4114,1363794831844265988
4115,1363793562429779968
4116,1363793070379192326
4117,1363792069123317761
4118,1363792034734223362
4119,1363791311690752002
4120,1363790946803023875
4121,1363789934428123140
4122,1363789831936032769
4123,1363789371741261827
4124,1363788563792412675
4125,1363788553872957449
4126,1363788044898349063
4127,1363787374895972353
4128,1363787281677639683
4129,1363786621276082179
4130,1363786611302019078
4131,1363785175419805696
4132,1363784828802519042
4133,1363784105536577537
4134,1363781827773665280
4135,1363777549608706051
4136,1363768727527915523
4137,1363759573321076737
4138,1363755955331203072
4139,1363742703750537221
4140,1363706841327280131
4141,1363698794047496201
4142,1363639807688196096
4143,1363637134914019329
4144,1363628075087405059
4145,1363609799699611651
4146,1363604303043317762
4147,1363602642069557256
4148,1363583997180313600
4149,1363580525974331392
4150,1363579352903004171
4151,1363577624690380807
4152,1363574892478750723
4153,1363560885470461953
4154,1363557451602223104
4155,1363555972208160769
4156,1363552541389295619
4157,1363544525323476993
4158,1363543224430780422
4159,1363539746274701312
4160,1363538573237100545
4161,1363535087971622914
4162,1363535085681606657
4163,1363532570256756741
4164,1363531815483441155
4165,1363531814451638277
4166,1363531813407260674
4167,1363530975364468737
4168,1363529057342795783
4169,1363501804290506755
4170,1363495822701199361
4171,1363493668938735617
4172,1363491172585517057
4173,1363486012026982403
4174,1363483152556163072
4175,1363482824179875841
4176,1363480449012670466
4177,1363478338942029830
4178,1363476421092528130
4179,1363471293769801729
4180,1363459856318029824
4181,1363459840434053120
4182,1363458700351004674
4183,1363454808527667204
4184,1363453424344457216
4185,1363451177057341440
4186,1363451090860187650
4187,1363451038217420801
4188,1363449653442666501
4189,1363440210164387854
4190,1363436019824099328
4191,1363434873256632320
4192,1363430764377870343
4193,1363428750952697856
4194,1363426193798750210
4195,1363424591931203586
4196,1363423664641867779
4197,1363423169059708928
4198,1363422416454696961
4199,1363422406191304704
4200,1363420902801739777
4201,1363420504426708994
4202,1363420494557573124
4203,1363411656198381573
4204,1363410631798493184
4205,1363398051109490689
4206,1363395165134614530
4207,1363314161325912066
4208,1363279531977494530
4209,1363271473041825792
4210,1363261219805757446
4211,1363256423380115458
4212,1363235588065931267
4213,1363224774802046981
4214,1363213089701654530
4215,1363209437863936009
4216,1363197365491036165
4217,1363185071692406787
4218,1363176880397029379
4219,1363173877464113152
4220,1363173432221970432
4221,1363171607821357059
4222,1363157754391756801
4223,1363156898183274500
4224,1363156499460153353
4225,1363155087951089667
4226,1363152443740094465
4227,1363150476926214146
4228,1363149295830982660
4229,1363117674100793344
4230,1363117521390473217
4231,1363111724602318848
4232,1363110306961047553
4233,1363105499437219841
4234,1363104085034078212
4235,1363100652998656005
4236,1363095728936148998
4237,1363092814544973824
4238,1363091954905600001
4239,1363091938468052992
4240,1363087260405489668
4241,1363078743372279810
4242,1363078715043950594
4243,1363077791508541440
4244,1363076909316382720
4245,1363076605682348034
4246,1363076312722665475
4247,1363067904418316292
4248,1363067288874864642
4249,1363061006889549825
4250,1363060846646202369
4251,1363060554307424259
4252,1363059639403823108
4253,1363059629475962883
4254,1363059545124331520
4255,1363058897070796804
4256,1363052867507085313
4257,1363050245542838272
4258,1363048397368885248
4259,1363048152530636800
4260,1363048142598471681
4261,1363041269384101890
4262,1363040044546740224
4263,1362937273323376642
4264,1362937193417871361
4265,1362936052109832194
4266,1362922415488200705
4267,1362914975443013637
4268,1362907194648313856
4269,1362905686393450502
4270,1362899541293477897
4271,1362895310968795138
4272,1362886990069452802
4273,1362886980124704773
4274,1362884934570975232
4275,1362861004133199876
4276,1362860506860544002
4277,1362845919838752768
4278,1362837872651329537
4279,1362834096041287681
4280,1362831773592395779
4281,1362830700966109185
4282,1362818630837284868
4283,1362817579971203075
4284,1362813457884606466
4285,1362811700508958723
4286,1362811695677153288
4287,1362810139846270978
4288,1362809168579690498
4289,1362808534711304195
4290,1362805298881302529
4291,1362805147605364736
4292,1362803903109079040
4293,1362801278183702534
4294,1362801142074343425
4295,1362799352855601153
4296,1362799238531358722
4297,1362797089181360129
4298,1362796916145332227
4299,1362796599953354754
4300,1362796183668850688
4301,1362789940606750720
4302,1362788658663854085
4303,1362782077503102976
4304,1362781741769912323
4305,1362780927970185218
4306,1362780674403540996
4307,1362779745268551682
4308,1362779742840131592
4309,1362779554377592840
4310,1362779116332863490
4311,1362778440445939718
4312,1362778252528467984
4313,1362777980100034562
4314,1362777545800904706
4315,1362776343478435841
4316,1362776027303464963
4317,1362775780024057857
4318,1362775702584651778
4319,1362775692639928321
4320,1362774816248446983
4321,1362773287428890626
4322,1362763873372299269
4323,1362762408025092097
4324,1362762228357816325
4325,1362761972748591104
4326,1362761752308576258
4327,1362759368752717824
4328,1362757909055213572
4329,1362755941976989701
4330,1362753170775175173
4331,1362752486327668738
4332,1362751993773780999
4333,1362751128488787969
4334,1362750512685285377
4335,1362750303175499777
4336,1362750296498216960
4337,1362750130428985346
4338,1362749456324694017
4339,1362747673942589440
4340,1362746259380043777
4341,1362745123373727745
4342,1362744649031553024
4343,1362744519666634754
4344,1362743606302412803
4345,1362742877802164224
4346,1362742816640823304
4347,1362741373527601158
4348,1362738492497870865
4349,1362738238201491464
4350,1362737745790140416
4351,1362737446052487168
4352,1362733465658150912
4353,1362732803343798272
4354,1362732054950137859
4355,1362728415237967874
4356,1362725397184602115
4357,1362722756815650816
4358,1362721088543711239
4359,1362720413038575616
4360,1362700841031933955
4361,1362687618975162371
4362,1362685236136472579
4363,1362552518929219590
4364,1362538654384726023
4365,1362536127387758592
4366,1362522664171016192
4367,1362519518183006210
4368,1362503782769315849
4369,1362497426792267786
4370,1362495169707278336
4371,1362482353776566273
4372,1362479434293469188
4373,1362446362101612557
4374,1362444037115039744
4375,1362440968205717507
4376,1362439211710881793
4377,1362438797082951683
4378,1362429637108850697
4379,1362424308685967366
4380,1362423975998062597
4381,1362418866220003337
4382,1362417063541821444
4383,1362413839980113924
4384,1362402709845004288
4385,1362390869555482628
4386,1362365243578408963
4387,1362363879209242624
4388,1362349927192530947
4389,1362339927233544192
4390,1362315184237207558
4391,1362227094634127360
4392,1362120642238181377
4393,1362081045047345154
4394,1362076725459345411
4395,1362072011799990275
4396,1362052761693675521
4397,1362050999578468354
4398,1362048168939163652
4399,1362037592460468226
4400,1362032116079472642
4401,1362032106138968066
4402,1362029010927185922
4403,1362028225950547984
4404,1362022877013282816
4405,1362021052390457344
4406,1362012725640105984
4407,1362011673205202944
4408,1362009454716350471
4409,1362009057872199686
4410,1362004749281853440
4411,1361994244949499905
4412,1361812361309351941
4413,1361801164807950339
4414,1361800307408306177
4415,1361796802534596615
4416,1361793850117935108
4417,1361785449384206336
4418,1361782397432455168
4419,1361782027742240774
4420,1361781937111769091
4421,1361773261202325507
4422,1361727303030501377
4423,1361717109307269121
4424,1361709431373791236
4425,1361646810633277442
4426,1361563847983685633
4427,1364251807841673218
4428,1364246087243079683
4429,1364228965439709188
4430,1364221376328912902
4431,1364218518821036036
4432,1364210412502319106
4433,1364209245256896518
4434,1364202163107467265
4435,1364201870303068164
4436,1364198479065714692
4437,1364191376964018180
4438,1364190418292858881
4439,1364185237568294916
4440,1364185186880094212
4441,1364178544717410305
4442,1364178284360138753
4443,1364175200301023232
4444,1364165154523463683
4445,1364164452271206404
4446,1364159159814479872
4447,1364154021548879875
4448,1364153715712798720
4449,1364149035964239873
4450,1364146485156282368
4451,1364143243504586752
4452,1364142556917993472
4453,1364126532189437952
4454,1364089386703482883
4455,1364086376854093824
4456,1364067666424705034
4457,1364059120660283392
4458,1364038864025890816
4459,1364034592739647488
4460,1363861970613653504
4461,1363785727549571072
4462,1363760862482300929
4463,1363624238473768964
4464,1363607853165137922
4465,1363575975540363266
4466,1363537221828173826
4467,1363520604524195845
4468,1363388871703166976
4469,1363387233127043072
4470,1363365911277817861
4471,1362933739735576578
4472,1362870940317741058
4473,1362869532994514946
4474,1362784002919305217
4475,1362781951124463616
4476,1362773999684620291
4477,1362720436329607170
4478,1362696439500005378
4479,1362638516656738312
4480,1362585238849863680
4481,1362551606223515650
4482,1362462029789990920
4483,1362461564222263297
4484,1362429347357990918
4485,1362426682209099777
4486,1362386287068610562
4487,1362386059498319873
4488,1362353565436682245
4489,1362341323756482562
4490,1362292011156598785
4491,1362216254375940103
4492,1362199133906436097
4493,1362170939513913345
4494,1362126168229507074
4495,1361890634202828800
4496,1361839414054330369
4497,1361768939131441152
4498,1361740952382152709
4499,1361719793368326145
4500,1361705059583733763
4501,1361616393158950913
4502,1361452887621132290
4503,1361385580588859396
4504,1364252393525940229
4505,1364251493730246659
4506,1364250098641870849
4507,1364248451207290885
4508,1364242499989102594
4509,1364240191179866120
4510,1364239841668571149
4511,1364229814186610688
4512,1364228517597229056
4513,1364223539516117006
4514,1364220902573936652
4515,1364213959214198792
4516,1364209675739271174
4517,1364208114770325511
4518,1364207224722239492
4519,1364206399476137984
4520,1364195765657231364
4521,1364194333486944260
4522,1364190528200400898
4523,1364188504998227971
4524,1364187593936674821
4525,1364185377318313984
4526,1364183265192665090
4527,1364181120070406149
4528,1364181007369445379
4529,1364177040027635712
4530,1364176617698951168
4531,1364175469885669376
4532,1364174248042979331
4533,1364173019015483393
4534,1364164522798239744
4535,1364158517762998273
4536,1364154071427526660
4537,1364151789822636032
4538,1364147732076756993
4539,1364139139432665088
4540,1364136153247584256
4541,1364134006799876096
4542,1364133857616932872
4543,1364129952023670787
4544,1364129622741442560
4545,1364128774854475777
4546,1364124546517901315
4547,1364121385619107842
4548,1364121323870556161
4549,1364116629647458306
4550,1364104358422597632
4551,1364098551580622849
4552,1364089735136821256
4553,1364070495897980929
4554,1364063574805671939
4555,1364063173955915779
4556,1364059421152866305
4557,1364057752822288385
4558,1364051888560365572
4559,1364049088807903232
4560,1364048731629305862
4561,1364048276178300931
4562,1364046135678140417
4563,1364039840212385797
4564,1364036973636308993
4565,1364036228723707904
4566,1364034356650663939
4567,1364032850232815617
4568,1364025391707480071
4569,1364023999026626565
4570,1364017529954443264
4571,1364016382124437511
4572,1364013344655556608
4573,1364004873726013443
4574,1364000598539051009
4575,1363991921304211458
4576,1363990545119518724
4577,1363989547063869442
4578,1363984646128730113
4579,1363983990701580288
4580,1363983210644971522
4581,1363976899366711299
4582,1363976029606465539
4583,1363968815000924161
4584,1363965724654501894
4585,1363965141281300484
4586,1363963774827380736
4587,1363961166263910400
4588,1363960481493512194
4589,1363959222573088773
4590,1363940491801358343
4591,1363939277252526080
4592,1363908112604925954
4593,1363903577085870083
4594,1363870425005056002
4595,1363865150487429126
4596,1363821988670812160
4597,1363796761911975939
4598,1363434037302460416
4599,1363413597741793283
4600,1363195831944372224
4601,1363184288141881354
4602,1363171606047174658
4603,1363164852689260553
4604,1363163208585015296
4605,1363156636978798599
4606,1363152106136436737
4607,1363136615250604038
4608,1363131610871304192
4609,1363129023472283649
4610,1363128800712814592
4611,1363118479545630724
4612,1363080804641955845
4613,1363071020492414980
4614,1362947990009376769
4615,1362946470211641345
4616,1362915852371300353
4617,1362852968534593539
4618,1362746824398934023
4619,1362535027821727745
4620,1361400885537046532
4621,1364257435670691843
4622,1364245302476222466
4623,1364244965593858049
4624,1364243034548887556
4625,1364240977486086146
4626,1364234462779887619
4627,1364231849535537157
4628,1364228416602599427
4629,1364227054506414082
4630,1364226401524535297
4631,1364226016072228869
4632,1364224193819144193
4633,1364222455661821955
4634,1364221739194966028
4635,1364221278685564936
4636,1364219549357379585
4637,1364203329698594816
4638,1364179723153272833
4639,1364164863174574082
4640,1364163104511299587
4641,1364161961185918977
4642,1364150063904288771
4643,1364144211138904065
4644,1364142807968006145
4645,1364141311184539650
4646,1364134961733914626
4647,1364132258970537984
4648,1364112328980131841
4649,1364104882752532494
4650,1364085734475464704
4651,1364071976516616193
4652,1364071902470356993
4653,1364068720671391746
4654,1364067871811338240
4655,1364066342425526275
4656,1364065887330910211
4657,1364065787946938369
4658,1364061170076942336
4659,1364058806666289152
4660,1364058720485933057
4661,1364058675141312512
4662,1364058329300017153
4663,1364058304301961222
4664,1364057453378367488
4665,1364057025886437383
4666,1364056263852703745
4667,1364054525561167875
4668,1364054386637430789
4669,1364054264197349379
4670,1364054079773761538
4671,1364053012193415171
4672,1364023231250894857
4673,1364002903313305602
4674,1363984177985708034
4675,1363973635288010754
4676,1363971799919255560
4677,1363966892021608458
4678,1363907544058650624
4679,1363882929781366788
4680,1363873707140218880
4681,1363872232490102788
4682,1363845348540768257
4683,1363837848248549377
4684,1363835290494853122
4685,1363825126907731968
4686,1363815257173590018
4687,1363812974557855747
4688,1363778614358122507
4689,1363761287147249665
4690,1363745906017894400
4691,1363743593043800075
4692,1363743070676803589
4693,1363740063465619456
4694,1363715903737724931
4695,1363703952706056193
4696,1363703836523843587
4697,1363691655002546176
4698,1363683735384817664
4699,1363683361907232770
4700,1363678880838672390
4701,1363675057873170432
4702,1363661462607171588
4703,1363659062458605571
4704,1363649206817292290
4705,1363632562489483265
4706,1363594115196280834
4707,1363592787279626242
4708,1363585087909097475
4709,1363581649364152328
4710,1363402323129729024
4711,1363381703234977792
4712,1363376323465510912
4713,1363328520362070021
4714,1363308677533433858
4715,1363291884735594498
4716,1363280041468174343
4717,1363278628830773249
4718,1363274085552242698
4719,1363271542352863234
4720,1363270050266951682
4721,1363258971667193858
4722,1363255836227821571
4723,1363254851354955776
4724,1363252850181238784
4725,1363250716886900739
4726,1363248952305459206
4727,1363247061890703363
4728,1363245591694868480
4729,1363245057525096448
4730,1363243090543333376
4731,1363241485509013508
4732,1363149293868244999
4733,1363131833551044613
4734,1363123920983973888
4735,1363119593875767299
4736,1363087371839959041
4737,1363086755151413249
4738,1363074296927633413
4739,1362999800371806212
4740,1362987680414502912
4741,1362974232423124993
4742,1362972806808494080
4743,1362970729403338752
4744,1362966396192317442
4745,1362966231574339584
4746,1362965768053415939
4747,1362954431164276738
4748,1362950883538010115
4749,1362949941367291904
4750,1362945953582489604
4751,1362945774452105222
4752,1362944789507956736
4753,1362940124212953095
4754,1362939719265443842
4755,1362938116445786113
4756,1362937720184668161
4757,1362937370488766465
4758,1362935981175951360
4759,1362933213069475846
4760,1362926443664130048
4761,1362923982668918784
4762,1362922592898871296
4763,1362922345078390787
4764,1362921031602733062
4765,1362918929522384896
4766,1362917942082605064
4767,1362917458496131073
4768,1362910900466946054
4769,1362907654012739588
4770,1362902982518521856
4771,1362899637057826822
4772,1362898401826856963
4773,1362896567540326402
4774,1362892501393285120
4775,1362888963686604804
4776,1362555574022516743
4777,1362408504078778371
4778,1362189167069958149
4779,1362166505908170754
4780,1362141085418594304
4781,1362009802445053953
4782,1361780606615629827
4783,1361479116013322243
4784,1361454926560387073
4785,1361441569325404161
4786,1364261093485469700
4787,1364260820633456655
4788,1364258571551129608
4789,1364257791750397954
4790,1364257243311591425
4791,1364257233975050241
4792,1364256722777493505
4793,1364256019271061506
4794,1364255970298368001
4795,1364255482421141506
4796,1364255172193640448
4797,1364254312055132161
4798,1364253449718816772
4799,1364253445700653056
4800,1364253320408412167
4801,1364253233234006024
4802,1364253088228458501
4803,1364253051553533953
4804,1364252998545924101
4805,1364252946188410880
4806,1364252912323612674
4807,1364252809957433353
4808,1364252794568519680
4809,1364252745142841346
4810,1364252729149976579
4811,1364252662460534791
4812,1364252638934614023
4813,1364252627584880641
4814,1364252212650799105
4815,1364251175298555904
4816,1364251172257681408
4817,1364251015789314049
4818,1364250949263515659
4819,1364250564352241665
4820,1364249861709824001
4821,1364249650660864001
4822,1364246420732190728
4823,1364242742654681092
4824,1364242580137992193
4825,1364241455791890434
4826,1364241020515475469
4827,1364240192266199047
4828,1364239929098829826
4829,1364239197197000705
4830,1364237656327094273
4831,1364236417451384837
4832,1364236187892875269
4833,1364235996607479810
4834,1364235162956005387
4835,1364233666772283392
4836,1364233584479993858
4837,1364233016743235584
4838,1364232620469534722
4839,1364232286833692674
4840,1364232044247678980
4841,1364231610447626242
4842,1364231269945659395
4843,1364230978722549763
4844,1364230385509498880
4845,1364230257423880201
4846,1364230133985460224
4847,1364230125005529088
4848,1364229925868367875
4849,1364229888199262209
4850,1364229885892456450
4851,1364229706443350017
4852,1364229231752978437
4853,1364227484611350532
4854,1364226232590602241
4855,1364225844139282435
4856,1364223664196001797
4857,1364223269218357252
4858,1364222358630789124
4859,1364215578353885187
4860,1364213823062896642
4861,1364210500767203328
4862,1364205429182631936
4863,1364204470310236161
4864,1364204352555147266
4865,1364200839179501570
4866,1364199958346420224
4867,1364199574781517825
4868,1364199264415604739
4869,1364183716340375554
4870,1364182696696700935
4871,1364180653076602882
4872,1364178659591016449
4873,1364176621314441217
4874,1364174949250957313
4875,1364174617850613761
4876,1364171347501453312
4877,1364168143715860483
4878,1364166874947342336
4879,1364164764696522756
4880,1364162211158126592
4881,1364161835109404675
4882,1364161120018329600
4883,1364158761989001216
4884,1364158643508301828
4885,1364158493733838850
4886,1364152720165400576
4887,1364152399926067201
4888,1364150451155963904
4889,1364149492954640384
4890,1364145668684660740
4891,1364140317683941376
4892,1364140219361079297
4893,1364137927438200832
4894,1364132587510366210
4895,1364132571471368192
4896,1364132535303864321
4897,1364124819105669121
4898,1364123862049423365
4899,1364121542884474886
4900,1364117310911479811
4901,1364113790141407233
4902,1364111999324598272
4903,1364101157677850625
4904,1364100836046045186
4905,1364070552428830725
4906,1364058946647052288
4907,1364058720003645440
4908,1364044674177118210
4909,1364044131450953731
4910,1364038721570504704
4911,1364038128193929216
4912,1364034203046842370
4913,1364032673837162496
4914,1364028577235230721
4915,1364024315822407684
4916,1364022556681003016
4917,1364017195542589442
4918,1364017037878689794
4919,1364017009609080835
4920,1364016690003066880
4921,1364016205321949189
4922,1364014817720336386
4923,1364012854857367554
4924,1364006015935647744
4925,1364003556114767878
4926,1364002378794598405
4927,1363998365957189632
4928,1363995936129765379
4929,1363990185059487752
4930,1363989180787924992
4931,1363988002133966852
4932,1363987211369271298
4933,1363987188891983876
4934,1363986999049338882
4935,1363986834020261888
4936,1363985670818189312
4937,1363985067798888449
4938,1363984054023057419
4939,1363982876619005960
4940,1363982434400878597
4941,1363981394691637251
4942,1363979782283812866
4943,1363979381375442952
4944,1363976240575741959
4945,1363975673036099585
4946,1363975564168728585
4947,1363975359910273034
4948,1363974737521610752
4949,1363974309534961665
4950,1363973991090823172
4951,1363973073590960138
4952,1363971347433594896
4953,1363971274775662593
4954,1363970928414228483
4955,1363970262862073859
4956,1363970084671279105
4957,1363968041927774209
4958,1363967379559096327
4959,1363965897380155398
4960,1363965419988606985
4961,1363965391744155651
4962,1363963620246360064
4963,1363962831977250822
4964,1363962436181778441
4965,1363960870951354370
4966,1363960601345679362
4967,1363954647828987906
4968,1363952638145007619
4969,1363950696526151683
4970,1363949181799256065
4971,1363948652784472065
4972,1363948396843835399
4973,1363947934547607557
4974,1363947278004858880
4975,1363946709420810246
4976,1363946007181070336
4977,1363943677572370432
4978,1363943621955891200
4979,1363943265343537153
4980,1363941858230095872
4981,1363938116462129155
4982,1363937092498305029
4983,1363935913592635397
4984,1363935064652976128
4985,1363933725730439171
4986,1363933574987214849
4987,1363933242345328647
4988,1363933158392102914
4989,1363932851356520452
4990,1363931130160947205
4991,1363930825407004681
4992,1363930472183644162
4993,1363930227227901954
4994,1363929563118583810
4995,1363928737310531585
4996,1363925714748153856
4997,1363924538870890496
4998,1363924386345058305
4999,1363923919124766722
5000,1363923913688965127
5001,1363923350712586240
5002,1363919924176027656
5003,1363918827453571073
5004,1363918805756477446
5005,1363918714509402117
5006,1363918513849704449
5007,1363914411195445252
5008,1363911080083357700
5009,1363908963943784450
5010,1363907107830042626
5011,1363907058320478212
5012,1363903159228334085
5013,1363898877917753344
5014,1363897955674128385
5015,1363897243623948290
5016,1363895849105977346
5017,1363893865246294021
5018,1363892055844478977
5019,1363891712020652036
5020,1363889742765522948
5021,1363888759104765955
5022,1363888223391522816
5023,1363886070287458307
5024,1363885690434510850
5025,1363884870385213448
5026,1363881109994541057
5027,1363880906159763461
5028,1363875816376066052
5029,1363873352012726276
5030,1363872845793808386
5031,1363871384162689025
5032,1363869968941596672
5033,1363868498938777607
5034,1363866354869272576
5035,1363866344928722945
5036,1363864765085462532
5037,1363859519978283012
5038,1363857260783542272
5039,1363856175402524675
5040,1363855332318072842
5041,1363853064013307907
5042,1363852882399920130
5043,1363852713407238145
5044,1363851602520641547
5045,1363848924654624769
5046,1363844631553794048
5047,1363843157981544449
5048,1363843148104019970
5049,1363840630175256577
5050,1363838620059262979
5051,1363838553181020168
5052,1363837629654061062
5053,1363833463602876417
5054,1363832772503236614
5055,1363824689110466560
5056,1363822040831115264
5057,1363816026455109636
5058,1363815799820083201
5059,1363814824405323776
5060,1363812665466839040
5061,1363811966280757252
5062,1363811210710417412
5063,1363809817777864705
5064,1363809590274629636
5065,1364256397513420801
5066,1364255474376392708
5067,1364244847851409408
5068,1364204402681253891
5069,1364153715712798720
5070,1364131237242232833
5071,1364125163772661761
5072,1364051731726946305
5073,1364003643201105931
5074,1363981338823581698
5075,1363960023945269252
5076,1363908699660632067
5077,1363866134542450690
5078,1363843129460330501
5079,1363824036485210115
5080,1363823351572037633
5081,1363808881500184579
5082,1363744600666611713
5083,1363701501198237699
5084,1363658245013962752
5085,1363656978548023302
5086,1363650866713092107
5087,1363594085097963521
5088,1363563486308159488
5089,1363522863823749123
5090,1363521923070758913
5091,1363519348695007239
5092,1363512906164371459
5093,1363488415258472453
5094,1363477245868838912
5095,1363461562078527490
5096,1363454000729907203
5097,1363439587390066688
5098,1363426638302752777
5099,1363412981850251265
5100,1363375560433553414
5101,1363291409730703366
5102,1363277376898142211
5103,1363264360341245958
5104,1363262975969267714
5105,1363224781970165760
5106,1363216714293460995
5107,1363209305491730439
5108,1363209053543878656
5109,1363207267554889741
5110,1363172815466340353
5111,1363156321059635202
5112,1363143253516812290
5113,1363141284999950338
5114,1363126429114904576
5115,1363119358046736384
5116,1363106070571479040
5117,1363096840669913089
5118,1363073768827027456
5119,1363057257752244227
5120,1362950181411520514
5121,1362942688048381954
5122,1362926238457823239
5123,1362897721758277632
5124,1362893013140328449
5125,1362879213875982344
5126,1362858106854780928
5127,1362857669158187014
5128,1362857665165164556
5129,1362846833811333136
5130,1362836396642336770
5131,1362802876666503171
5132,1362783118667755522
5133,1362774885806858243
5134,1362742176908722177
5135,1362730977869529095
5136,1362702233528393731
5137,1362669371487907840
5138,1362660602905317377
5139,1362640113898037249
5140,1362594388904448002
5141,1362562021686996994
5142,1362558579086159876
5143,1362557973214732296
5144,1362556906909351936
5145,1362541754944278532
5146,1362526005500469251
5147,1362510647070752769
5148,1362503869444599815
5149,1362491994698874884
5150,1362490856595480584
5151,1362478416344330245
5152,1362473864220053504
5153,1362466909145415681
5154,1362444303528828932
5155,1362436409907425291
5156,1362433839889600514
5157,1362421342558126082
5158,1362415113555353607
5159,1362413553274216448
5160,1362411646174527490
5161,1362407023946715138
5162,1362399582634795010
5163,1362390379803344896
5164,1362369235679330313
5165,1362357639141859329
5166,1362354270650195972
5167,1362352524724953089
5168,1362349491899236357
5169,1362345170876915712
5170,1362345146256351232
5171,1362320695548608515
5172,1362298769761533953
5173,1362222039386439687
5174,1362185679011201025
5175,1362168186905518084
5176,1362166671931281415
5177,1362165639150993412
5178,1362161240886370315
5179,1362151746693459973
5180,1362145061027381249
5181,1362130045339377668
5182,1362117910932705287
5183,1362111498735267844
5184,1362105908063535105
5185,1362104614397566982
5186,1362102713249656834
5187,1362090373410140162
5188,1362087662253924354
5189,1362086378046128135
5190,1362081232914444291
5191,1362064768840916993
5192,1362064376056930305
5193,1362061452971016193
5194,1362051645664858115
5195,1362050784184070144
5196,1362047347535052803
5197,1362044982744514562
5198,1362041770738135042
5199,1362040166848884737
5200,1362036685748461578
5201,1362032487355060227
5202,1362019284344573955
5203,1362016761449742342
5204,1361996258764808193
5205,1361988841188585474
5206,1361975201953697792
5207,1361974762734518274
5208,1361962321279660033
5209,1361898748704612352
5210,1361832626525515777
5211,1361828662618767361
5212,1361826542272339969
5213,1361821064947519495
5214,1361799580061474818
5215,1361790599804895243
5216,1361761109271846914
5217,1361757886800670720
5218,1361754095913209862
5219,1361732814824210436
5220,1361721913303777281
5221,1361686454242533379
5222,1361685001402798085
5223,1361678855401050112
5224,1361676709322510338
5225,1361675132121587712
5226,1361670705910329345
5227,1361646968855027715
5228,1361613165885353986
5229,1361590316885827589
5230,1361574151358660608
5231,1361571951072976897
5232,1361532330540740610
5233,1361505127216140288
5234,1361487922206228482
5235,1361484170682372103
5236,1361483961780862977
5237,1361482739019632646
5238,1361459731186012163
5239,1361443261601185793
5240,1361440938023919617
5241,1361437857680945155
5242,1361427481673273349
5243,1361413079561568257
5244,1361404028270346252
5245,1361403939195932675
5246,1361377663949172741
5247,1364260812827860992
5248,1364260751213531138
5249,1364259510047621132
5250,1364251813961154564
5251,1364251165186211842
5252,1364250409817227268
5253,1364249522172547077
5254,1364248200543100929
5255,1364245219663872006
5256,1364243304230051848
5257,1364243200244875265
5258,1364241502675828747
5259,1364235436642754564
5260,1364228947609812993
5261,1364227738157031442
5262,1364216547183652864
5263,1364214777493520384
5264,1364212551282737154
5265,1364204546235523073
5266,1364197031116439555
5267,1364196086202720258
5268,1364190347778228229
5269,1364186915235393537
5270,1364185673519960064
5271,1364185438588649474
5272,1364184470476226562
5273,1364181250064453632
5274,1364180907012354049
5275,1364180183092199426
5276,1364176112817946626
5277,1364175776308944896
5278,1364171654369316865
5279,1364169186143064065
5280,1364167191474675713
5281,1364164234934968321
5282,1364163556665663491
5283,1364162066274267138
5284,1364161700115722240
5285,1364157772930113537
5286,1364153469666545665
5287,1364153030078128131
5288,1364150087232987136
5289,1364147437955342338
5290,1364146674071969792
5291,1364145068790214657
5292,1364144416798220288
5293,1364142839844716545
5294,1364138509112647680
5295,1364131369983574021
5296,1364131093197291520
5297,1364127150375370753
5298,1364126186411024385
5299,1364109004041936902
5300,1364109000967528448
5301,1364098287326920705
5302,1364096441778593792
5303,1364073676015079424
5304,1364060908163579905
5305,1364052912918441985
5306,1364023079018577926
5307,1364021058202988545
5308,1364010363562377222
5309,1364007164663193601
5310,1363990991657725961
5311,1363936862772035586
5312,1363928848656695297
5313,1363924488681885697
5314,1363921386201247746
5315,1363918019240542211
5316,1363885630103683082
5317,1363885463115825155
5318,1363882974719201282
5319,1363880145984114689
5320,1363878713738342404
5321,1363874450433744898
5322,1363872149954584586
5323,1363870368960757762
5324,1363864896425844737
5325,1363854903093956612
5326,1363851244104798210
5327,1363848846061748230
5328,1363848197119102978
5329,1363831483761311747
5330,1363829168899784709
5331,1363826091991924737
5332,1363818616806858752
5333,1363813123673772035
5334,1363811447239831553
5335,1363809167560085504
5336,1363802583144538114
5337,1363802573279547392
5338,1363796943802105856
5339,1363790642107666436
5340,1363783584260227074
5341,1363775395640803328
5342,1363759696851718146
5343,1363749811867054081
5344,1363687679074918400
5345,1363600629151772674
5346,1363596560446160898
5347,1363584479181344768
5348,1363565292438384646
5349,1363558763018526724
5350,1363558049219280909
5351,1363557678912573441
5352,1363557421164158983
5353,1363557345096261634
5354,1363556484467015685
5355,1363556079536398336
5356,1363545782763196419
5357,1363539188335980544
5358,1363536463011450881
5359,1363514083207749637
5360,1363506928870129664
5361,1363489133151350791
5362,1363488690186649611
5363,1363487437574578176
5364,1363483746020843520
5365,1363475731771256835
5366,1363475617602285568
5367,1363465543420956677
5368,1363455653797384197
5369,1363449311405686788
5370,1363443509106204676
5371,1363442481258508289
5372,1363435907588775938
5373,1363401217423081472
5374,1363330493748551684
5375,1363328407954685954
5376,1363286786705928193
5377,1363257379316506625
5378,1363256780772544513
5379,1363253861616480259
5380,1363247783399088134
5381,1363245873019449349
5382,1363243948970541056
5383,1363239869401751554
5384,1363239591650725888
5385,1363224901847576577
5386,1363224820616491017
5387,1363219683869081603
5388,1363217159481159686
5389,1363216952752275466
5390,1363209174453264384
5391,1363206436730384387
5392,1363206249890906113
5393,1363200619998232576
5394,1363198196990803969
5395,1363195278795374597
5396,1363194889509474307
5397,1363194597329969155
5398,1363194506145902601
5399,1363191870868885504
5400,1363179120859865088
5401,1363178058165936129
5402,1363176929831092226
5403,1363175724681601026
5404,1363156021556969479
5405,1363153073749696512
5406,1363151059926081540
5407,1363147140898430980
5408,1363146856633614336
5409,1363145592470437899
5410,1363142354253791236
5411,1363142262662832133
5412,1363142182790643715
5413,1363141633831804937
5414,1363141556090400770
5415,1363139697631977473
5416,1363139233150476291
5417,1363137812124618753
5418,1363136710645809154
5419,1363136621185499142
5420,1363136333099782145
5421,1363136223334735879
5422,1363136066610475009
5423,1363135042856312836
5424,1363134764782346240
5425,1363134613892251651
5426,1363134400532250626
5427,1363134092108324864
5428,1363133815133245441
5429,1363133678415667200
5430,1363133280095268868
5431,1363133099509506057
5432,1363133045801439237
5433,1363132544380788739
5434,1363132438730407936
5435,1363132338520096768
5436,1363132275953696772
5437,1363132231175258117
5438,1363132151433199631
5439,1363132035905302533
5440,1363130864054460428
5441,1363128836041416711
5442,1363128576598544387
5443,1363128087668473856
5444,1363127899495219201
5445,1363126893634084866
5446,1363126536849682435
5447,1363126328896143363
5448,1363125177329086464
5449,1363123734329102338
5450,1363123263459762178
5451,1363122885309722625
5452,1363122739863814148
5453,1363122643340296192
5454,1363122108319023106
5455,1363121977381318656
5456,1363121959203196931
5457,1363121884850749441
5458,1363121764944007178
5459,1363121726348029953
5460,1363120853299380227
5461,1363119992074551296
5462,1363118547644350464
5463,1363118470590791683
5464,1363117577678041091
5465,1363116600073867271
5466,1363116474261516289
5467,1363116468100079617
5468,1363116170535178240
5469,1363115945573646339
5470,1363115937172508673
5471,1363115871493910529
5472,1363115870277500928
5473,1363115422485274630
5474,1363114604017106949
5475,1363114147769167875
5476,1363113871351939075
5477,1363113074014748673
5478,1363112994490769415
5479,1363112759941099524
5480,1363112744577359873
5481,1363112610917457920
5482,1363112602428207104
5483,1363112532613992448
5484,1363112507292975106
5485,1363112379006013447
5486,1363112318171836422
5487,1363112273158549505
5488,1363112221992247303
5489,1363111515356884997
5490,1363111114171539463
5491,1363110918662590465
5492,1363110358194544641
5493,1363109903246721027
5494,1363109544092655617
5495,1363108662827442184
5496,1363108398682800132
5497,1363108091840114690
5498,1363106870945144832
5499,1363106534981533700
5500,1363105473227091981
5501,1363104260968361986
5502,1363104140671528962
5503,1363104087735164928
5504,1363103865386713088
5505,1363103761225428994
5506,1363102487629221890
5507,1363099398838886404
5508,1363098918574252036
5509,1363098638508052480
5510,1363094272237588482
5511,1363092913153069057
5512,1363092049646546946
5513,1363090533397233664
5514,1363089503674658818
5515,1363089439027822593
5516,1363089323374088196
5517,1363088877712334849
5518,1363085790180425731
5519,1363084958026395649
5520,1363064893574762496
5521,1363063132843872259
5522,1363043183236685824
5523,1363040899920498688
5524,1362887235100631040
5525,1362886359086727170
5526,1362879398026899459
5527,1362878693488685056
5528,1362870034587127808
5529,1362866801781202947
5530,1362853819894349825
5531,1362853700809678855
5532,1362853325520134151
5533,1362850507795095556
5534,1362848959115522050
5535,1362835364285616129
5536,1362782841474539527
5537,1362777290820755470
5538,1362747049591062529
5539,1362735342189748246
5540,1362734931231842306
5541,1362731453390467073
5542,1362725459470012422
5543,1362724892253257732
5544,1362722762566025220
5545,1362721672978137089
5546,1362721319121547265
5547,1362720683889991708
5548,1362716739579084801
5549,1362706910236078080
5550,1362705049919619097
5551,1362697829320335360
5552,1362692024084889603
5553,1362605745028612098
5554,1362558178525929474
5555,1362524518972014598
5556,1362521911465562116
5557,1362512162812526598
5558,1362494468847505408
5559,1362492675895808009
5560,1362492606840717323
5561,1362488155220439051
5562,1362479079593803781
5563,1362444402652631042
5564,1362418774062866438
5565,1362415149315989508
5566,1362404647424638976
5567,1362404127188353030
5568,1362400688786046978
5569,1362398265300439042
5570,1362384336687943682
5571,1362344421321281541
5572,1362341109578530817
5573,1362338578823598081
5574,1362277373736071171
5575,1362201802309922816
5576,1362192689605865473
5577,1362189369000538117
5578,1362182331860213762
5579,1362175966601236481
5580,1362173912340119554
5581,1362169947795951618
5582,1362164509578772481
5583,1362162367744925702
5584,1362162306831032321
5585,1362160028791242758
5586,1362159389298294787
5587,1362158599817019394
5588,1362149293864464390
5589,1362149107784159234
5590,1362145909006557189
5591,1362145158993707013
5592,1362142695490256899
5593,1362140832044900354
5594,1362140298579697665
5595,1362134746411765766
5596,1362129460535951363
5597,1362116785181511688
5598,1362105884348993539
5599,1362099951912824833
5600,1362064733252313088
5601,1362038717704265731
5602,1362009509808504833
5603,1362003181962743810
5604,1362001885301989380
5605,1362001648948834307
5606,1361980901597528065
5607,1361865137326616580
5608,1361820360111509508
5609,1361807998809702402
5610,1361803458643427329
5611,1361802451402301442
5612,1361801149557407745
5613,1361800185861537795
5614,1361743613500272640
5615,1361735434397745156
5616,1361727153050648576
5617,1361718009094680578
5618,1361705490024173572
5619,1361687448812675072
5620,1361678413367549961
5621,1361676379901865984
5622,1361662924507516932
5623,1361655667711434754
5624,1361655289989259268
5625,1361647315568754690
5626,1361645812384747520
5627,1361643461024370689
5628,1361643209961709568
5629,1361632426238349313
5630,1361627065380966401
5631,1361625748235292675
5632,1361623146806341637
5633,1361620302757781504
5634,1361614464076951553
5635,1361600034500997122
5636,1361589490641420290
5637,1361589204241833985
5638,1361581076364161027
5639,1361580744351621121
5640,1361579393223708672
5641,1361573059522617345
5642,1361540574814359556
5643,1361539086536867840
5644,1361513011442294791
5645,1361497600315244546
5646,1361487329525907456
5647,1361482879851786242
5648,1361478873909755907
5649,1361462613956321288
5650,1361460944367460352
5651,1361456663992160265
5652,1361455005253861376
5653,1361453499981168643
5654,1361451849845506051
5655,1361451487663067137
5656,1361450269704355842
5657,1361442860344696832
5658,1361442637430067203
5659,1361441352119115778
5660,1361440538835222539
5661,1361439896699822082
5662,1361439648703270918
5663,1361439103976431616
5664,1361437201100394498
5665,1361436511682535424
5666,1361436446175989760
5667,1361436159763755019
5668,1361435825007960072
5669,1361435324396822530
5670,1361435178011402243
5671,1361434040470032386
5672,1361434021985673217
5673,1361433883145822215
5674,1361433785074655240
5675,1361433531327651846
5676,1361431129732112394
5677,1361430853444894732
5678,1361428849003802632
5679,1361428676966031364
5680,1361427997883043840
5681,1361425561827110914
5682,1361425007201689608
5683,1361424410977181698
5684,1361423983313375246
5685,1361423742690238470
5686,1361423311842856960
5687,1361422334800797700
5688,1361421809501921281
5689,1361421543176241156
5690,1361421443842539521
5691,1361421291245346817
5692,1361421137289179139
5693,1361421047497564162
5694,1361420516586778624
5695,1361420476241776644
5696,1361419021820649472
5697,1361418677556375552
5698,1361417669426089990
5699,1361417649310195713
5700,1361417447438381057
5701,1361417147147149313
5702,1361417110707085315
5703,1361416767956946944
5704,1361416395267788801
5705,1361415772325642241
5706,1361415561830227971
5707,1361415343458058240
5708,1361415316295704579
5709,1361415120442642434
5710,1361414756637138945
5711,1361414489900339203
5712,1361414312456196100
5713,1361414060940529664
5714,1361413933274341376
5715,1361413536837111808
5716,1361413445564833795
5717,1361413048020267010
5718,1361412961789640704
5719,1361412958828437504
5720,1361412553092513793
5721,1361412338616795142
5722,1361409767604973568
5723,1361408570743488513
5724,1361408567069261827
5725,1361406978506039302
5726,1361406890102714369
5727,1361405087877386252
5728,1361405054977273862
5729,1361404980553515011
5730,1361404891210653696
5731,1361404850173579268
5732,1361404786336288769
5733,1361404449877540872
5734,1361403261966770177
5735,1361402972916178946
5736,1361402913453580288
5737,1361402523723182081
5738,1361401209932898310
5739,1361401114739040261
5740,1361400916268752900
5741,1361400455939710979
5742,1361399245174173698
5743,1361398887878193157
5744,1361397344114249729
5745,1361395468262113282
5746,1361392847652417537
5747,1361392478604193793
5748,1361392413298876426
5749,1361392273242681353
5750,1361392189109112837
5751,1361391744886202386
5752,1361391087668068359
5753,1361390778061316101
5754,1361390754304786432
5755,1361388244127088647
5756,1361386257436278786
5757,1361381233293463560
5758,1361380028114755594
5759,1361379547170697220
5760,1361378371154964496
5761,1364264817368956928
5762,1364264401042366465
5763,1364264155839160321
5764,1364264093339840513
5765,1364264058392838145
5766,1364263869972156418
5767,1364263860350427147
5768,1364263729676898308
5769,1364263674270142467
5770,1364263506502168576
5771,1364263436935458827
5772,1364263281221844994
5773,1364263236321878020
5774,1364263116566110214
5775,1364262924110422016
5776,1364262902006448133
5777,1364262716614062080
5778,1364262537240473600
5779,1364262535340445698
5780,1364262329056116739
5781,1364262299700256768
5782,1364262287482245121
5783,1364262221811957762
5784,1364262025996697601
5785,1364261745582309378
5786,1364261616703971333
5787,1364261583023710219
5788,1364261435723939850
5789,1364261177786777600
5790,1364261043061612546
5791,1364260960270188545
5792,1364260955346112517
5793,1364260812827860992
5794,1364260751356137472
5795,1364260751213531138
5796,1364260614445690885
5797,1364260216431337473
5798,1364260207199735810
5799,1364260194331557893
5800,1364260127478538244
5801,1364260119769460738
5802,1364260096398794763
5803,1364259914181316608
5804,1364259700414566407
5805,1364259693938565120
5806,1364259532365561860
5807,1364259441470758912
5808,1364259430037139456
5809,1364259324021911554
5810,1364259303025164291
5811,1364259259651883015
5812,1364259024837959680
5813,1364258889223520260
5814,1364258887193534464
5815,1364258800375578631
5816,1364258675628666881
5817,1364258670029262852
5818,1364258535329128454
5819,1364258427975966728
5820,1364258301320511495
5821,1364258300494311425
5822,1364258166322659334
5823,1364258042028716036
5824,1364258011288600581
5825,1364257931299069953
5826,1364257888001290242
5827,1364257876399816707
5828,1364257875221225479
5829,1364257859538726922
5830,1364257838734925830
5831,1364257822750474241
5832,1364257821789999105
5833,1364257624695390209
5834,1364257612498354181
5835,1364257353865039875
5836,1364257315550035969
5837,1364257276941524993
5838,1364257253822464007
5839,1364257025451036674
5840,1364256762610728960
5841,1364256762153611266
5842,1364256716678967296
5843,1364256665869176833
5844,1364256558343979012
5845,1364256527645872133
5846,1364256522923106311
5847,1364256520075149317
5848,1364256387187019777
5849,1364256356895772674
5850,1364256353364176899
5851,1364256346498097155
5852,1364256313958662144
5853,1364256306400493571
5854,1364256254164676611
5855,1364256175475294209
5856,1364256141111394305
5857,1364256124921339904
5858,1364256083833929729
5859,1364256030193033217
5860,1364256005744377859
5861,1364255912043700228
5862,1364255832511303680
5863,1364255832335130634
5864,1364255602701139976
5865,1364255481322115072
5866,1364255339319812111
5867,1364255333980524548
5868,1364255189553864704
5869,1364255128468008975
5870,1364255000277508098
5871,1364254945344512000
5872,1364254939019694084
5873,1364254681527123979
5874,1364254445215903744
5875,1364254343453700097
5876,1364254054617071620
5877,1364253980231106569
5878,1364253831320788999
5879,1364253562730147840
5880,1364253407792541696
5881,1364253098189930500
5882,1364253093911797761
5883,1364253034293911552
5884,1364252913778966542
5885,1364252853431336969
5886,1364252572761128963
5887,1364252550661361667
5888,1364252336982491137
5889,1364251904222654467
5890,1364251786152980482
5891,1364251531680350209
5892,1364251516421480450
5893,1364251504509653005
5894,1364251420451553291
5895,1364251326004269057
5896,1364251213118717952
5897,1364250897325453314
5898,1364250894578176007
5899,1364250593452244993
5900,1364250340695171072
5901,1364250337331343369
5902,1364250090668494850
5903,1364249796622626818
5904,1364249159629430785
5905,1364248991194615808
5906,1364248823544037378
5907,1364248532463611909
5908,1364248197246246915
5909,1364248126417166343
5910,1364247552879656962
5911,1364247229444345857
5912,1364247140873216004
5913,1364247051110875137
5914,1364246954063114241
5915,1364246734805889024
5916,1364246501006995457
5917,1364246488960929796
5918,1364246344471371783
5919,1364245932527804419
5920,1364245850923409411
5921,1364245812323250178
5922,1364245787039817731
5923,1364245760058019842
5924,1364245672107589635
5925,1364245525474799618
5926,1364245511411294211
5927,1364245203889123335
5928,1364245024121233409
5929,1364244983121862661
5930,1364244940591620097
5931,1364244931351568388
5932,1364244847809470468
5933,1364244797670780933
5934,1364244794646683651
5935,1364244607517814793
5936,1364244584818241537
5937,1364244385362309125
5938,1364244117035888643
5939,1364243932654284803
5940,1364243822117588999
5941,1364243759429476362
5942,1364243749790965777
5943,1364243606341644293
5944,1364243506328457222
5945,1364243466113470465
5946,1364243429971132419
5947,1364243201108893705
5948,1364243033194135553
5949,1364243030623068166
5950,1364242949014511617
5951,1364242734211600386
5952,1364242506116923403
5953,1364242436348923909
5954,1364242370624163848
5955,1364242368996798465
5956,1364242341658255364
5957,1364242316924444673
5958,1364242271001018371
5959,1364242266492174337
5960,1364242073533243393
5961,1364241910559293441
5962,1364241839281299459
5963,1364241811515006977
5964,1364241670758404102
5965,1364241660859846657
5966,1364241523441881088
5967,1364241431783735297
5968,1364241399332433921
5969,1364241303589056515
5970,1364241067621687301
5971,1364241026278445059
5972,1364241020515475469
5973,1364241020322525190
5974,1364240713106526211
5975,1364240706185871363
5976,1364240540338970629
5977,1364240520831238148
5978,1364240467278323713
5979,1364240458482913282
5980,1364240233819217923
5981,1364240233022291972
5982,1364240192266199047
5983,1364240124561645569
5984,1364239968684580864
5985,1364239897800933383
5986,1364239868180766727
5987,1364239838585700352
5988,1364239725826048003
5989,1364239589184004096
5990,1364239545995300864
5991,1364239532212822016
5992,1364239394488668162
5993,1364239304877346821
5994,1364239272136617989
5995,1364239092607811591
5996,1364238962089410562
5997,1364238762650304515
5998,1364238652583378947
5999,1364238626524180489
6000,1364238617955172352
6001,1364238558463197187
6002,1364238486103072769
6003,1364238454842941450
6004,1364238426913071111
6005,1364238253268869128
6006,1364238017137893376
6007,1364237782596599808
6008,1364237754087976962
6009,1364237532557430787
6010,1364237459643633664
6011,1364237332853972995
6012,1364237311421140993
6013,1364237203484921857
6014,1364237145368649732
6015,1364237071947284492
6016,1364237051747565569
6017,1364237001680162823
6018,1364236973175676929
6019,1364236939247947779
6020,1364236919673139207
6021,1364236890120065031
6022,1364236854128738309
6023,1364236662566494214
6024,1364236652676345858
6025,1364236628537999363
6026,1364236627284021251
6027,1364236187892875269
6028,1364235943666925569
6029,1364235931524493312
6030,1364235892056014848
6031,1364235876017074192
6032,1364235871923355648
6033,1364235847319646210
6034,1364235769448198146
6035,1364235761554493440
6036,1364235713831710730
6037,1364235484164153347
6038,1364235445010378762
6039,1364235301200273411
6040,1364235262671347712
6041,1364235253540409348
6042,1364235089270472707
6043,1364235049311338504
6044,1364235025319927811
6045,1364234898769346567
6046,1364234756431478786
6047,1364234544283541511
6048,1364234511240859649
6049,1364234500335689733
6050,1364234402935537665
6051,1364234309893259270
6052,1364234246479577088
6053,1364234217933135876
6054,1364234112119226374
6055,1364234090292125699
6056,1364233924046696451
6057,1364233812931149835
6058,1364233718886498317
6059,1364233671738294274
6060,1364233654394884096
6061,1364233584479993858
6062,1364233554511634436
6063,1364233554478080001
6064,1364233468209684480
6065,1364233444142817286
6066,1364233334675628033
6067,1364233293483433985
6068,1364233146514956289
6069,1364233119289790466
6070,1364233080618295303
6071,1364233050515726336
6072,1364232900422565892
6073,1364232882588446720
6074,1364232872723365894
6075,1364232771829460995
6076,1364232769728114692
6077,1364232481512259585
6078,1364232461291577346
6079,1364232420434849795
6080,1364232354424832001
6081,1364232286833692674
6082,1364232284228968448
6083,1364232211478806532
6084,1364232152003526657
6085,1364232113491484676
6086,1364231962760724484
6087,1364231955592716288
6088,1364231938618388483
6089,1364231880149712896
6090,1364231842740772866
6091,1364231841360850946
6092,1364231706513993728
6093,1364231699714957321
6094,1364231463512788998
6095,1364231429895389193
6096,1364231379127533576
6097,1364231269945659395
6098,1364231210214555653
6099,1364230978722549763
6100,1364230971567046659
6101,1364230950037688322
6102,1364230872245895168
6103,1364230858136289281
6104,1364230849282125827
6105,1364230827731746821
6106,1364230798900011015
6107,1364230706751225858
6108,1364230669979832321
6109,1364230490157428737
6110,1364230421890875393
6111,1364230407605125121
6112,1364230387942178818
6113,1364230366186340355
6114,1364230321152155650
6115,1364230298947452938
6116,1364230220178460672
6117,1364230184459776001
6118,1364230150234193927
6119,1364230133985460224
6120,1364230127018721291
6121,1364230125005529088
6122,1364230114674900992
6123,1364230105397145601
6124,1364230097243414528
6125,1364230096735920128
6126,1364230005115543552
6127,1364229934487633920
6128,1364229925868367875
6129,1364229888610340875
6130,1364229885926002689
6131,1364229876023242755
6132,1364229706443350017
6133,1364229668602273795
6134,1364229618081890312
6135,1364229546288033795
6136,1364229545646301187
6137,1364229469209300993
6138,1364229424128921600
6139,1364229423126503425
6140,1364229408450482177
6141,1364229363244400642
6142,1364229275629543424
6143,1364229206691962880
6144,1364229192808865795
6145,1364229070624616448
6146,1364229049791508481
6147,1364229008221556744
6148,1364228946326261765
6149,1364228890965721088
6150,1364228811752005634
6151,1364228766017359873
6152,1364228765417627650
6153,1364228687088951296
6154,1364228683888689152
6155,1364228534806351877
6156,1364228524408717312
6157,1364228490040659970
6158,1364228365746532355
6159,1364228356452024322
6160,1364228352433864707
6161,1364228273874558977
6162,1364228259601387521
6163,1364228243226718209
6164,1364228098141528070
6165,1364228055569371141
6166,1364228045184196613
6167,1364228000129064962
6168,1364227881019215888
6169,1364227790095212545
6170,1364227783455514639
6171,1364227718968057862
6172,1364227582548271114
6173,1364227558066163722
6174,1364227491116638224
6175,1364227442198515722
6176,1364227406228197390
6177,1364227362469019652
6178,1364227337357692935
6179,1364227261113593869
6180,1364227258873901067
6181,1364227199193124871
6182,1364227169442963469
6183,1364227033321013250
6184,1364226997677793285
6185,1364226866375090177
6186,1364226770212245515
6187,1364226722435006469
6188,1364226699974504462
6189,1364226638834061325
6190,1364226550976061441
6191,1364226544260980738
6192,1364226535595499521
6193,1364226527404072961
6194,1364226483099553800
6195,1364226393161093123
6196,1364226390090866694
6197,1364226327767777294
6198,1364226255881572356
6199,1364226152764637192
6200,1364226085651587080
6201,1364226011982749705
6202,1364225940163686409
6203,1364225536352874496
6204,1364225053001281536
6205,1364225030222086152
6206,1364224863599136778
6207,1364224857668341762
6208,1364224846557630466
6209,1364224820460752898
6210,1364224674943524868
6211,1364224586166886400
6212,1364224578415824896
6213,1364224395896451074
6214,1364224231119093770
6215,1364224194574049289
6216,1364224092040175619
6217,1364223984275845122
6218,1364223977049051145
6219,1364223812036747266
6220,1364223804319309833
6221,1364223775466643458
6222,1364223704415285249
6223,1364223649725648913
6224,1364223538731700225
6225,1364223519588950019
6226,1364223387669651461
6227,1364223367281184774
6228,1364223342513778692
6229,1364223339028377607
6230,1364223336193003522
6231,1364223301883547657
6232,1364223284179398659
6233,1364223279242772480
6234,1364223269218357252
6235,1364223156043452419
6236,1364223083767238665
6237,1364223059838738440
6238,1364222988317458433
6239,1364222902975877120
6240,1364222697308184585
6241,1364222694955180035
6242,1364222656799674372
6243,1364222319284023300
6244,1364222250849693703
6245,1364222196722270212
6246,1364222174572158977
6247,1364222173234089988
6248,1364222100907548673
6249,1364222046952071180
6250,1364221925237514240
6251,1364221896338808841
6252,1364221762611736576
6253,1364221688125120515
6254,1364221628477890565
6255,1364221610048192520
6256,1364221584810991621
6257,1364221456758935552
6258,1364221262055104522
6259,1364221201623646219
6260,1364221147903008771
6261,1364221113434132492
6262,1364221023655239680
6263,1364220992231383041
6264,1364220821015728128
6265,1364220814673944583
6266,1364220797296984064
6267,1364220768029052937
6268,1364220749704093701
6269,1364220595500539915
6270,1364220546762825728
6271,1364220541737963520
6272,1364220531684220932
6273,1364220440009342991
6274,1364220436960055309
6275,1364220424691851266
6276,1364220308144578564
6277,1364219978212282377
6278,1364219911292260356
6279,1364219788956819468
6280,1364219765464702976
6281,1364219764600541185
6282,1364219728605011971
6283,1364219659969466375
6284,1364219557225897984
6285,1364219436408864768
6286,1364219382587658241
6287,1364219296453251076
6288,1364219134624604161
6289,1364219092622860288
6290,1364219039539691522
6291,1364218939954266117
6292,1364218776259072005
6293,1364218681488678922
6294,1364218625444352001
6295,1364218321982410757
6296,1364218297106001923
6297,1364218231943270400
6298,1364218033342930951
6299,1364217869849006082
6300,1364217802694029317
6301,1364217707185508356
6302,1364217605012135940
6303,1364217479644524555
6304,1364217472195305474
6305,1364217318910402564
6306,1364217036075843586
6307,1364216880324616192
6308,1364216790730100748
6309,1364216441877233664
6310,1364215998384078849
6311,1364215936417492997
6312,1364215892066861061
6313,1364215832973373449
6314,1364215532501753857
6315,1364215378289827841
6316,1364215333595344901
6317,1364214799941459970
6318,1364214694957965314
6319,1364214582919725056
6320,1364214495204245508
6321,1364214347434766337
6322,1364214341084528645
6323,1364214193839251458
6324,1364214176982458371
6325,1364214089589927936
6326,1364214033818275840
6327,1364213984258367488
6328,1364213979124535297
6329,1364213957528059914
6330,1364213889806827521
6331,1364213773163057152
6332,1364213713415393286
6333,1364213694943678465
6334,1364213493885501441
6335,1364213464189849601
6336,1364213447303561218
6337,1364213339585413121
6338,1364213306479808513
6339,1364213140133707779
6340,1364213119325716480
6341,1364213089638449158
6342,1364213029001457670
6343,1364212952706998275
6344,1364212897946165255
6345,1364212624142061575
6346,1364212619364741123
6347,1364212617225461768
6348,1364212609587818496
6349,1364212582094143489
6350,1364212484190728192
6351,1364212482336841729
6352,1364212471930748932
6353,1364212227151167488
6354,1364212142266843138
6355,1364211990936367105
6356,1364211948154404864
6357,1364211928185384962
6358,1364211908019187713
6359,1364211737491365888
6360,1364211675705016325
6361,1364211675331715073
6362,1364211657367560198
6363,1364211635519426561
6364,1364211448818372615
6365,1364211378328924163
6366,1364211244908105728
6367,1364211206081323010
6368,1364211134606307330
6369,1364211134568542209
6370,1364211098245865474
6371,1364210998194929664
6372,1364210772746919942
6373,1364210767227158530
6374,1364210657193771009
6375,1364210629813370883
6376,1364210499978752008
6377,1364210321368440833
6378,1364210258562977801
6379,1364210142938599424
6380,1364210009404542978
6381,1364210006510489607
6382,1364209734031724548
6383,1364209469295632386
6384,1364209459359277056
6385,1364209385233391629
6386,1364209259467087875
6387,1364209255834861577
6388,1364209009792856070
6389,1364208534267846656
6390,1364207766114627588
6391,1364207368020582402
6392,1364207305638699016
6393,1364206966541803521
6394,1364206947524882435
6395,1364206909939716098
6396,1364206899898515456
6397,1364206829551648771
6398,1364206733472763904
6399,1364206551070892033
6400,1364206457357545473
6401,1364206179430375426
6402,1364206165714997252
6403,1364206126267514883
6404,1364206104486510598
6405,1364205691788025856
6406,1364205508702461954
6407,1364205429182631936
6408,1364205203059335168
6409,1364205184633737223
6410,1364205061346385920
6411,1364204668646285312
6412,1364204470310236161
6413,1364204341759004672
6414,1364204263904325635
6415,1364203972018462723
6416,1364203782939287553
6417,1364203280046391301
6418,1364203206625157130
6419,1364202986214461442
6420,1364202787056332809
6421,1364202567832633346
6422,1364202425981222913
6423,1364202025123209216
6424,1364201948572975110
6425,1364201450507706380
6426,1364201176707833862
6427,1364200955034624008
6428,1364200859358416902
6429,1364200838793674755
6430,1364200499898114051
6431,1364200496618229765
6432,1364200342154584071
6433,1364200325767389184
6434,1364200059265568769
6435,1364199976830701568
6436,1364199936674430976
6437,1364199924196384774
6438,1364199772484157440
6439,1364199148787007491
6440,1364198985834123264
6441,1364198909946589185
6442,1364198899767013382
6443,1364198813053972481
6444,1364198728551325702
6445,1364198707068100608
6446,1364198055793336322
6447,1364198035354505223
6448,1364197969604595712
6449,1364197927535714304
6450,1364197812502749190
6451,1364197741111496706
6452,1364197579030990850
6453,1364197355428278276
6454,1364197200935473152
6455,1364197103208189953
6456,1364196996123353090
6457,1364196910215618561
6458,1364196773787537410
6459,1364196660579082247
6460,1364196565380964353
6461,1364196385696940034
6462,1364196327794556936
6463,1364196306982498304
6464,1364196197959884803
6465,1364196189638426625
6466,1364196177072304131
6467,1364196139986214913
6468,1364196075519807493
6469,1364196036537901056
6470,1364195845827100675
6471,1364195301523922946
6472,1364195288232169476
6473,1364195150273142784
6474,1364194894022119429
6475,1364194855556157440
6476,1364194822656045059
6477,1364194725616619523
6478,1364194148597837827
6479,1364194052707606531
6480,1364194027827036162
6481,1364193982096506883
6482,1364193836080242695
6483,1364193672745668609
6484,1364193327223078914
6485,1364193281811300355
6486,1364193131596570627
6487,1364193109027016704
6488,1364193060305960964
6489,1364193052420669444
6490,1364192965858590723
6491,1364192943628763136
6492,1364192546159755264
6493,1364192505626042374
6494,1364192415549173760
6495,1364192350571028483
6496,1364192185789390850
6497,1364191989466599428
6498,1364191959489871872
6499,1364191815038103556
6500,1364191527778484229
6501,1364191342939828227
6502,1364191316725350403
6503,1364191270063792129
6504,1364191196516667393
6505,1364191186437738497
6506,1364191113238769667
6507,1364191088450424833
6508,1364191060268900353
6509,1364190721889173509
6510,1364190211312345088
6511,1364190079904870402
6512,1364189972539060224
6513,1364189883045134339
6514,1364189853051674628
6515,1364189847674621953
6516,1364189814610870273
6517,1364189749888573443
6518,1364189631072370689
6519,1364189386150133761
6520,1364189268533538820
6521,1364189176359493641
6522,1364189002656591873
6523,1364188765426696192
6524,1364188586715860998
6525,1364188445963386886
6526,1364188134280486914
6527,1364187978139136004
6528,1364187441565958144
6529,1364186997510742017
6530,1364186994243436546
6531,1364186981635420162
6532,1364186815352233986
6533,1364186734729322499
6534,1364186541170524162
6535,1364186371431219203
6536,1364186257644023809
6537,1364186164966653954
6538,1364186032674078724
6539,1364185971386966017
6540,1364185449208680450
6541,1364185374873030656
6542,1364185160489517058
6543,1364185060598042630
6544,1364184712198180867
6545,1364184674269073413
6546,1364184582342533125
6547,1364184572297175048
6548,1364184492189962240
6549,1364184386237784065
6550,1364184304062971904
6551,1364184275646636037
6552,1364184231660904448
6553,1364183978585051138
6554,1364183963930157059
6555,1364183939510919171
6556,1364183312529584128
6557,1364182859007819780
6558,1364182818897752068
6559,1364182751499481091
6560,1364182719169716225
6561,1364182622558117888
6562,1364182383482834950
6563,1364182344140218368
6564,1364182303753330688
6565,1364182302033592321
6566,1364182179551526916
6567,1364181853511561222
6568,1364181751308972036
6569,1364181458185838595
6570,1364181421582090243
6571,1364181335192064005
6572,1364181217197903878
6573,1364181179365212161
6574,1364181137694859265
6575,1364181108406038529
6576,1364181086855704576
6577,1364181067402477570
6578,1364180936779304962
6579,1364180726657220609
6580,1364180682059231234
6581,1364180614300262404
6582,1364180433068560385
6583,1364180417717370886
6584,1364180192504279047
6585,1364180097662676992
6586,1364179802484314115
6587,1364179600817938433
6588,1364179426775363584
6589,1364179393451556865
6590,1364179286379356160
6591,1364179145572442112
6592,1364178940751978496
6593,1364178936457015300
6594,1364178924738117635
6595,1364178841678282753
6596,1364178811894566912
6597,1364178790335799304
6598,1364178763471327232
6599,1364178665089757187
6600,1364178330581422080
6601,1364178053572796420
6602,1364177971599278081
6603,1364177535408439307
6604,1364177252393574402
6605,1364177144063152131
6606,1364176966320934913
6607,1364176931374043141
6608,1364176777703260161
6609,1364176774842753026
6610,1364176765418143749
6611,1364176692890247170
6612,1364176576401784832
6613,1364176575466381313
6614,1364176488577302529
6615,1364176470726356995
6616,1364176358499311617
6617,1364176343718592513
6618,1364176317114032138
6619,1364176290320941057
6620,1364176247090278400
6621,1364176193663213571
6622,1364176133294587909
6623,1364175959407099907
6624,1364175757862457347
6625,1364175339572912128
6626,1364175337551261697
6627,1364175309348741123
6628,1364175051235291138
6629,1364174947967524865
6630,1364174803297525761
6631,1364174722703888384
6632,1364174611445927936
6633,1364174609399115776
6634,1364174395481100292
6635,1364174384190136322
6636,1364174366175551488
6637,1364174345929699332
6638,1364174342779715584
6639,1364174144091287559
6640,1364173438269747200
6641,1364173311098429440
6642,1364173259978268673
6643,1364173156433481731
6644,1364173115710988291
6645,1364172765419491330
6646,1364172727490338818
6647,1364172659894886401
6648,1364172638701182980
6649,1364172541468827652
6650,1364172384450867201
6651,1364172181383610369
6652,1364171991276732417
6653,1364170996450795520
6654,1364170639804829701
6655,1364170397772488710
6656,1364170389115588613
6657,1364170203475623936
6658,1364169832506273794
6659,1364169641879339013
6660,1364169610606608384
6661,1364169520617844741
6662,1364169408575397894
6663,1364169064998912001
6664,1364168279217102849
6665,1364168233947959297
6666,1364168068734287872
6667,1364168056663126018
6668,1364168027684634627
6669,1364168003974279173
6670,1364167432764600321
6671,1364167420114567168
6672,1364167271581646849
6673,1364166936003833856
6674,1364166897995042820
6675,1364166894245273602
6676,1364166654398185477
6677,1364166469676916745
6678,1364166281621090306
6679,1364165669328199683
6680,1364165628375035907
6681,1364165202200174592
6682,1364165020779741187
6683,1364164879641362440
6684,1364164774578290690
6685,1364164509888352259
6686,1364164236969082883
6687,1364164231113957379
6688,1364164204547219456
6689,1364164198549262337
6690,1364163599351091202
6691,1364163508351467525
6692,1364163421604872192
6693,1364163411932774402
6694,1364163280051310595
6695,1364163238334783491
6696,1364163098295341057
6697,1364163075943915526
6698,1364163028569194502
6699,1364162950936883207
6700,1364162804937326592
6701,1364162690864791554
6702,1364162583985590277
6703,1364162401587912704
6704,1364162397628424197
6705,1364162312706342919
6706,1364162218078703616
6707,1364162192430534661
6708,1364161982451048450
6709,1364161896883052544
6710,1364161803345932289
6711,1364161656650145793
6712,1364161556850888708
6713,1364161508431790080
6714,1364161414525562880
6715,1364161094407847936
6716,1364161093602594823
6717,1364161039017906179
6718,1364161025034113024
6719,1364160894415036417
6720,1364160668103024643
6721,1364160586083278853
6722,1364160574083457027
6723,1364160557956399104
6724,1364160310274326534
6725,1364160069332578305
6726,1364160027758592002
6727,1364159982120361984
6728,1364159930173968388
6729,1364159903061987328
6730,1364159761692962818
6731,1364159332871516162
6732,1364158754351177731
6733,1364158653180375041
6734,1364158643508301828
6735,1364158584737722370
6736,1364158493733838850
6737,1364158443028799491
6738,1364158192259850242
6739,1364158144818147329
6740,1364157899312873474
6741,1364157886952329221
6742,1364157873215967236
6743,1364157779397791744
6744,1364157596328943616
6745,1364157549117923328
6746,1364157524069519360
6747,1364157321153294337
6748,1364157234477940744
6749,1364157026788667394
6750,1364156886342389761
6751,1364156573552148480
6752,1364156438432595969
6753,1364156421303107584
6754,1364156258945818624
6755,1364156252918599683
6756,1364156240063062023
6757,1364156120672174080
6758,1364156023523655682
6759,1364156013469982721
6760,1364155861434834945
6761,1364155670254268416
6762,1364155591304839170
6763,1364155259015344129
6764,1364155192913100805
6765,1364155162063994883
6766,1364155098994204679
6767,1364154628967960576
6768,1364154567194214401
6769,1364154541260894209
6770,1364154343457488898
6771,1364154133406773248
6772,1364154132781752321
6773,1364154120907726850
6774,1364154109767655424
6775,1364153513496961026
6776,1364153474922000386
6777,1364153350858694657
6778,1364153279148675073
6779,1364153211997847552
6780,1364153089880694787
6781,1364153042061385729
6782,1364153029453373441
6783,1364152954090098692
6784,1364152943809814529
6785,1364152865502167042
6786,1364152849098276866
6787,1364152775102386176
6788,1364152673822535680
6789,1364152324902576130
6790,1364152290630844416
6791,1364152287631970307
6792,1364152220921589761
6793,1364151968374136834
6794,1364151858768580608
6795,1364151690249789440
6796,1364151415485194242
6797,1364151072684728320
6798,1364151069803241473
6799,1364150846750142467
6800,1364150643607371778
6801,1364150402132959237
6802,1364150254216630273
6803,1364150165888761856
6804,1364150141909803010
6805,1364149881133297666
6806,1364149606066622464
6807,1364149553654603778
6808,1364149456120274944
6809,1364148916825038848
6810,1364148907371081728
6811,1364148879864852483
6812,1364148664999047171
6813,1364148652634238978
6814,1364148604596854786
6815,1364148394940379137
6816,1364148343233011715
6817,1364148234722152448
6818,1364148184067551234
6819,1364148078949851138
6820,1364148008984731650
6821,1364147884254519298
6822,1364147622118903808
6823,1364147484314976256
6824,1364147257327710210
6825,1364146820612567040
6826,1364146628265975811
6827,1364146408102785026
6828,1364146383154987009
6829,1364146302221770755
6830,1364146115868823552
6831,1364146068745842688
6832,1364145949271089153
6833,1364145806970880000
6834,1364145777744953344
6835,1364145762414850050
6836,1364145738226143232
6837,1364145660027691015
6838,1364145610807468033
6839,1364145491332726784
6840,1364145475415375872
6841,1364145451113582597
6842,1364144792909791232
6843,1364144763574906880
6844,1364144646302162945
6845,1364144383516409856
6846,1364144374473515008
6847,1364144346631725057
6848,1364143484253405187
6849,1364143468575137792
6850,1364143388388446212
6851,1364143334848147457
6852,1364142981104730114
6853,1364142880307183618
6854,1364142701772423168
6855,1364142436788957188
6856,1364142024748904448
6857,1364141956167827457
6858,1364141856620244992
6859,1364141712445222913
6860,1364141389915836416
6861,1364141336732065793
6862,1364141292326948864
6863,1364141278083047424
6864,1364141152925007872
6865,1364141116996653060
6866,1364141115608342528
6867,1364141111204274177
6868,1364141066992107521
6869,1364141064030928897
6870,1364140826432049154
6871,1364140796665069569
6872,1364140734249656320
6873,1364140702049927169
6874,1364140662527062020
6875,1364140622433685505
6876,1364140227296698368
6877,1364139455897079812
6878,1364139256470507520
6879,1364138697021673472
6880,1364138033407275009
6881,1364137690518736896
6882,1364137638710640640
6883,1364137238959947778
6884,1364137128372957185
6885,1364137103903363072
6886,1364136943118860290
6887,1364136762973560833
6888,1364136653036654593
6889,1364136613530505217
6890,1364136542248333313
6891,1364136405488779265
6892,1364136305945432066
6893,1364135230647508995
6894,1364134832293482498
6895,1364134643113549824
6896,1364134514533019648
6897,1364134421922803712
6898,1364134367120007169
6899,1364134037359644677
6900,1364133968505933825
6901,1364133865766473729
6902,1364133749575852032
6903,1364133711982309381
6904,1364133414945894400
6905,1364133148892758016
6906,1364133007326642177
6907,1364132932001148929
6908,1364132690329542661
6909,1364132577339138052
6910,1364132459240161280
6911,1364132358094544896
6912,1364132287516975104
6913,1364132171783536646
6914,1364131550049292289
6915,1364131419572822019
6916,1364131248432627715
6917,1364130973886140418
6918,1364130803354075143
6919,1364130784223891459
6920,1364130775201898497
6921,1364130722798309378
6922,1364130625289084929
6923,1364130370615132160
6924,1364130337052368898
6925,1364130336721022976
6926,1364130022521511938
6927,1364129869051928576
6928,1364129581725343748
6929,1364128954177757187
6930,1364127960723251203
6931,1364127933858783233
6932,1364127697220337666
6933,1364127232663388160
6934,1364127107601817601
6935,1364127091919380482
6936,1364126995416760322
6937,1364126763241115648
6938,1364126724502519809
6939,1364126312139526154
6940,1364126222343618560
6941,1364126038306017284
6942,1364126035588100098
6943,1364126010539732993
6944,1364125887063556096
6945,1364125880856027136
6946,1364125843656736769
6947,1364125834827755520
6948,1364125591935586305
6949,1364125564399984641
6950,1364125549644414977
6951,1364125477888282625
6952,1364125430593314817
6953,1364125313056333825
6954,1364125260132605953
6955,1364125046097256448
6956,1364125027667496960
6957,1364124859106746370
6958,1364124791670775808
6959,1364124666378469377
6960,1364124554025664512
6961,1364124498740576256
6962,1364124425067593731
6963,1364124364409561090
6964,1364124023060365312
6965,1364123799180967937
6966,1364123384867659776
6967,1364123287714988032
6968,1364123086312923137
6969,1364123019799576576
6970,1364122930591002624
6971,1364122824676286464
6972,1364122807274192896
6973,1364122740068933633
6974,1364122718933778432
6975,1364122018409496576
6976,1364122003159068672
6977,1364121189392785418
6978,1364121141623873536
6979,1364121023008952320
6980,1364119662099849217
6981,1364119490087239681
6982,1364119474882895874
6983,1364119349339041795
6984,1364118710856916999
6985,1364118412436340736
6986,1364117989830885377
6987,1364117688868610049
6988,1364117616923734016
6989,1364117386689978368
6990,1364117363059286017
6991,1364117283405242369
6992,1364117047802789895
6993,1364117007097036800
6994,1364116976113774594
6995,1364116849902895106
6996,1364116403968761856
6997,1364116401745715202
6998,1364116142869127168
6999,1364115429287997440
7000,1364115326628200449
7001,1364115275084427268
7002,1364115195916931080
7003,1364114157365264386
7004,1364114128076496898
7005,1364114068383158272
7006,1364113737511239681
7007,1364113522905542657
7008,1364113438029606916
7009,1364113431624896514
7010,1364113322879107072
7011,1364113221691539457
7012,1364113030360027138
7013,1364112768429916160
7014,1364112756044087297
7015,1364112500644601857
7016,1364111966751621123
7017,1364111913462992896
7018,1364111773608116225
7019,1364111691777273857
7020,1364111633971306498
7021,1364110811862499329
7022,1364110403240939524
7023,1364110196268793862
7024,1364110024537210880
7025,1364109648668880898
7026,1364109521191383041
7027,1364109472579395584
7028,1364109431714181123
7029,1364109344061685760
7030,1364109105514872833
7031,1364109030550097921
7032,1364108684662562817
7033,1364108212346183684
7034,1364107728071745536
7035,1364107582042947586
7036,1364107231923478529
7037,1364107093528240134
7038,1364107026788462592
7039,1364106923881168897
7040,1364106567252123648
7041,1364106552517529603
7042,1364106446082879488
7043,1364106441926262784
7044,1364106178838552576
7045,1364105892774506497
7046,1364105559293767680
7047,1364105522144755715
7048,1364105381677588480
7049,1364105293710430209
7050,1364105253092737024
7051,1364104760920600581
7052,1364104588253671426
7053,1364104237131661312
7054,1364104149487542272
7055,1364103122466066432
7056,1364102740465614854
7057,1364102368053321729
7058,1364102087139860481
7059,1364102083977367554
7060,1364101597526171650
7061,1364101292902211585
7062,1364101063155064833
7063,1364100953306255363
7064,1364100889460559873
7065,1364100483015716864
7066,1364100332192677893
7067,1364099705576243201
7068,1364099572113547265
7069,1364099524944408576
7070,1364099524935974913
7071,1364099386603671552
7072,1364099199344791553
7073,1364098857156685826
7074,1364098743432273927
7075,1364098680412917760
7076,1364098592525402113
7077,1364098511021748224
7078,1364098454927142912
7079,1364098425613074433
7080,1364098266737041408
7081,1364098057646858241
7082,1364096799003262976
7083,1364096731898642434
7084,1364096559697297408
7085,1364096551421947906
7086,1364096547496091649
7087,1364095927628271617
7088,1364095806769397760
7089,1364095460206649345
7090,1364095307118751748
7091,1364095295081099271
7092,1364095150713151490
7093,1364095093372841984
7094,1364094940465291264
7095,1364094587153833984
7096,1364094417683042309
7097,1364094239299272706
7098,1364094218298392576
7099,1364094076455370754
7100,1364094009753354242
7101,1364093670971105280
7102,1364093663614300160
7103,1364093460744204288
7104,1364093377634054144
7105,1364093299007619073
7106,1364093164416622592
7107,1364093040881713154
7108,1364092858614091781
7109,1364092764699426817
7110,1364092629236002822
7111,1364092549418414080
7112,1364091623165018113
7113,1364091169446260737
7114,1364090932774244353
7115,1364090452207616001
7116,1364090008257368065
7117,1364089714953900033
7118,1364089579649826819
7119,1364089304507629570
7120,1364089154842279936
7121,1364086997644623878
7122,1364086766806908932
7123,1364086731021156354
7124,1364086415651467264
7125,1364086397162975232
7126,1364085781552369665
7127,1364085576404766720
7128,1364085462470639616
7129,1364084959703613440
7130,1364084081588400128
7131,1364083870719741954
7132,1364083610630967296
7133,1364083436634464259
7134,1364083334947684353
7135,1364082799121154049
7136,1364082685988200453
7137,1364082203349700609
7138,1364082162430058499
7139,1364081550007107584
7140,1364081457703112704
7141,1364081296746680321
7142,1364081229683961857
7143,1364080904713498630
7144,1364080893904760832
7145,1364080663792676865
7146,1364080429398114304
7147,1364079737677762562
7148,1364079038147530754
7149,1364078647540408320
7150,1364078387829084163
7151,1364078322595074048
7152,1364078115102875649
7153,1364077844108836865
7154,1364077455997337602
7155,1364077390490697731
7156,1364076858279530500
7157,1364076690067054592
7158,1364076516318056448
7159,1364076325494009857
7160,1364076318225289216
7161,1364076258301124609
7162,1364076097118363648
7163,1364075842477957120
7164,1364075373684809731
7165,1364075186409062403
7166,1364074812549844992
7167,1364074749220048906
7168,1364074609008664576
7169,1364074471297060864
7170,1364073985223385088
7171,1364073921201532929
7172,1364073810312495104
7173,1364073708160249856
7174,1364073230231863297
7175,1364072955660140544
7176,1364072725954908160
7177,1364072542835793922
7178,1364072446509334530
7179,1364072344084488195
7180,1364072339428802560
7181,1364072038554628097
7182,1364071996091473921
7183,1364071692604235777
7184,1364071425989107714
7185,1364071260192452608
7186,1364071080529453057
7187,1364071031309271041
7188,1364070813264142338
7189,1364070667285635077
7190,1364070660205649924
7191,1364070334102724614
7192,1364069872259448833
7193,1364069643099471872
7194,1364069553471422466
7195,1364069058329640960
7196,1364068993129152514
7197,1364068876330422273
7198,1364068142276820992
7199,1364068065412055046
7200,1364068055970635776
7201,1364067871052152833
7202,1364067727929933835
7203,1364067415827570689
7204,1364067118245896192
7205,1364067089263321090
7206,1364067077527601152
7207,1364067038768099330
7208,1364066986662182918
7209,1364066834941632513
7210,1364066776624021505
7211,1364066618683379713
7212,1364066443453726720
7213,1364066232266350593
7214,1364066197382266880
7215,1364066155690942465
7216,1364066140507504640
7217,1364066014468722688
7218,1364065741796958208
7219,1364065544337580032
7220,1364065333775134720
7221,1364064317570695172
7222,1364064105867472897
7223,1364064090004606979
7224,1364064032722935817
7225,1364063673745104896
7226,1364063446720008192
7227,1364063365715394564
7228,1364063039708872704
7229,1364063012768915464
7230,1364062794493136896
7231,1364062785546649600
7232,1364062672564719616
7233,1364062524547678209
7234,1364062297128378371
7235,1364062207844179974
7236,1364062118396522496
7237,1364061709124718594
7238,1364061550215106561
7239,1364061182265602048
7240,1364060983476502530
7241,1364060691032858625
7242,1364060568571805698
7243,1364060223321878530
7244,1364059924435775488
7245,1364059869620412419
7246,1364059693635801089
7247,1364059649692102657
7248,1364059449959325697
7249,1364059241598902274
7250,1364059128537247747
7251,1364058824823500807
7252,1364058134998904836
7253,1364058093764624390
7254,1364057801568444416
7255,1364057785290420226
7256,1364057649071984641
7257,1364057600510328832
7258,1364056386859065345
7259,1364055564972666880
7260,1364055550753931267
7261,1364055403202502660
7262,1364055158792065024
7263,1364055114152091651
7264,1364054936661729280
7265,1364054907876237314
7266,1364054209562349573
7267,1364054199214964738
7268,1364054085184458756
7269,1364053973947330560
7270,1364052048313004032
7271,1364051944298455040
7272,1364051896189779974
7273,1364051756833988616
7274,1364051674948653056
7275,1364050898872373248
7276,1364050460571746305
7277,1364049492220272642
7278,1364049475103305728
7279,1364047947009294340
7280,1364047794496024578
7281,1364047790641397762
7282,1364047544024727553
7283,1364046096616615941
7284,1364046083064799238
7285,1364045868278706179
7286,1364044819039801351
7287,1364044699854602242
7288,1364044665335533570
7289,1364044651020361730
7290,1364044633358147586
7291,1364044593277390849
7292,1364043917067509761
7293,1364043660141199363
7294,1364043450178560007
7295,1364043046552293380
7296,1364042479834660864
7297,1364041448396623876
7298,1364040324977471490
7299,1364039692472172546
7300,1364039671551037447
7301,1364038668617474049
7302,1364038507845591045
7303,1364038463016861703
7304,1364038431815434241
7305,1364038279419592705
7306,1364038183785234432
7307,1364038164554395651
7308,1364038114432475137
7309,1364038064776105986
7310,1364038006651371522
7311,1364037877869514753
7312,1364037629738708994
7313,1364037552072712194
7314,1364037490299064320
7315,1364037309113466882
7316,1364037278948032516
7317,1364036969890779139
7318,1364036939662434311
7319,1364036804211593220
7320,1364036726981877760
7321,1364036583565975556
7322,1364036582479704064
7323,1364036361632821248
7324,1364036340615155720
7325,1364036338757083140
7326,1364036306330931203
7327,1364036247409295365
7328,1364036187665612806
7329,1364036161732292612
7330,1364036147652030469
7331,1364036140420980742
7332,1364036021885816836
7333,1364035442883112963
7334,1364035438634229761
7335,1364035133226045442
7336,1364034254020239367
7337,1364034146209792003
7338,1364033952823054337
7339,1364033738997391368
7340,1364033601680138240
7341,1364033130005430272
7342,1364033053539119105
7343,1364033040364748803
7344,1364032922047684616
7345,1364032725519388679
7346,1364032673837162496
7347,1364032596372578304
7348,1364032494497132546
7349,1364032464348405772
7350,1364032228980912128
7351,1364032184525422592
7352,1364031426518265857
7353,1364030722550464513
7354,1364030526559027203
7355,1364029433821212675
7356,1364029323569725440
7357,1364029208964530177
7358,1364029175825334275
7359,1364029155495583744
7360,1364028522252091399
7361,1364028452899352579
7362,1364028421756641280
7363,1364027724529098756
7364,1364027461982449666
7365,1364027418558742531
7366,1364027406105853956
7367,1364026984326701059
7368,1364026589256761350
7369,1364026347673300997
7370,1364026028855877638
7371,1364025828091297794
7372,1364025806897491974
7373,1364025456119476226
7374,1364025030447935492
7375,1364024993919758336
7376,1364024772108054529
7377,1364024707008368640
7378,1364024679644692482
7379,1364024677795045377
7380,1364024488833265668
7381,1364024426573017088
7382,1364024161564323841
7383,1364024002126237702
7384,1364023877169512453
7385,1364023631781781506
7386,1364023094113955841
7387,1364022858150772745
7388,1364022585185419268
7389,1364022418071834630
7390,1364022298324402178
7391,1364021596973895682
7392,1364021130185572355
7393,1364020971716362243
7394,1364020392864669699
7395,1364020281057177609
7396,1364019946494308352
7397,1364019889829208065
7398,1364019819939573760
7399,1364019497435283457
7400,1364018771988480002
7401,1364018478227857408
7402,1364018456891453443
7403,1364018173062873090
7404,1364018133082726402
7405,1364017658216202241
7406,1364017572665057284
7407,1364016995042291712
7408,1364016498927423490
7409,1364016420850434049
7410,1364016339204116489
7411,1364016109402341388
7412,1364015822633590784
7413,1364015076911546370
7414,1364015022389792771
7415,1364014864763662338
7416,1364014846262587395
7417,1364014810833248258
7418,1364014746668785665
7419,1364014654931013632
7420,1364014545862356993
7421,1364014415578808320
7422,1364014209047085063
7423,1364013751704440832
7424,1364013601950949379
7425,1364013238082547712
7426,1364012550111821826
7427,1364012077401190402
7428,1364012012251074562
7429,1364011527855099908
7430,1364011323831517198
7431,1364011265199386626
7432,1364011004296912898
7433,1364010841113317377
7434,1364010807399505925
7435,1364010707029794817
7436,1364010674435850241
7437,1364010223149735936
7438,1364010075837390860
7439,1364009710215700482
7440,1364009649129877505
7441,1364009593265864712
7442,1364009375417962498
7443,1364009204969791488
7444,1364009070185824262
7445,1364008945388560384
7446,1364008862458802182
7447,1364008759903805440
7448,1364008435050819584
7449,1364008224941342721
7450,1364008206385770498
7451,1364008180678881281
7452,1364007973366988802
7453,1364007782060597250
7454,1364007564791398401
7455,1364007352064688129
7456,1364007301322067969
7457,1364007164663193601
7458,1364007145348489216
7459,1364006857438814213
7460,1364006791395344387
7461,1364006615981174784
7462,1364006529712726017
7463,1364006363723149316
7464,1364006333712859140
7465,1364006284228513797
7466,1364005913653366785
7467,1364005867436314629
7468,1364005705951432707
7469,1364005633838751746
7470,1364005511104987136
7471,1364005268594569219
7472,1364005253524451330
7473,1364004491876524034
7474,1364004400499458051
7475,1364004154545475587
7476,1364003736121733120
7477,1364003709701742596
7478,1364003511843880963
7479,1364003451961761792
7480,1364003166870765570
7481,1364002667421433861
7482,1364002499418599424
7483,1364002006134759426
7484,1364001894247587841
7485,1364001787397742595
7486,1364001782406537219
7487,1364001686633803776
7488,1364001539405324288
7489,1364001533474570243
7490,1364000871642767362
7491,1364000869642035208
7492,1364000662858694662
7493,1364000495526961159
7494,1364000235324923910
7495,1364000191976775680
7496,1364000187941851137
7497,1363999795875115012
7498,1363999789784977412
7499,1363999754267594755
7500,1363999613783531521
7501,1363999443972984833
7502,1363999254910554114
7503,1363999109443706882
7504,1363999105291341839
7505,1363999041349115904
7506,1363998916631556097
7507,1363998850009227264
7508,1363998789397282816
7509,1363998670425894912
7510,1363998240425848834
7511,1363998184872239105
7512,1363998031335591938
7513,1363997400373874699
7514,1363997358426632196
7515,1363997284481069059
7516,1363996741331214340
7517,1363996514528460801
7518,1363996192875696131
7519,1363996127079628816
7520,1363996008359858177
7521,1363995971202482179
7522,1363995896871063554
7523,1363995820039802886
7524,1363995676531712001
7525,1363995530926452737
7526,1363994989978525696
7527,1363994988950917121
7528,1363994963562950662
7529,1363994947159019520
7530,1363994927563235329
7531,1363994769395957762
7532,1363994714480013320
7533,1363994557478797313
7534,1363994259892760577
7535,1363994165302943750
7536,1363994004153643008
7537,1363993936960831488
7538,1363993853129355268
7539,1363993785575878656
7540,1363993391969824768
7541,1363993312978468866
7542,1363993197723197440
7543,1363993021507903488
7544,1363992637540335616
7545,1363992604975710210
7546,1363992528966610952
7547,1363992258543046658
7548,1363992106704994307
7549,1363991878723592194
7550,1363991872348295171
7551,1363991705918337024
7552,1363991677896175620
7553,1363991637693763586
7554,1363991615786868749
7555,1363991388308856832
7556,1363991278355161091
7557,1363991238773506051
7558,1363991143533449216
7559,1363990955301498882
7560,1363990755195449346
7561,1363990649788325889
7562,1363990470393757700
7563,1363990339409838082
7564,1363990185059487752
7565,1363990119556997122
7566,1363990105225068548
7567,1363990049122115584
7568,1363990017325031427
7569,1363989975986032640
7570,1363989960949342209
7571,1363989921564942338
7572,1363989917966155780
7573,1363989779268927491
7574,1363989730203992065
7575,1363989719718232064
7576,1363989574377160704
7577,1363989553888002054
7578,1363989427102580749
7579,1363989353643581441
7580,1363989315072753667
7581,1363989267291250690
7582,1363989245300473856
7583,1363989219333537793
7584,1363989180787924992
7585,1363988990286848005
7586,1363988973383798790
7587,1363988744139927557
7588,1363988732303532034
7589,1363988547154440203
7590,1363988484508237828
7591,1363988432700264449
7592,1363988404464218114
7593,1363988356141637636
7594,1363988297106735107
7595,1363988210607656961
7596,1363988144253771781
7597,1363988036271366146
7598,1363987938934218753
7599,1363987932772761601
7600,1363987917987844097
7601,1363987803005190145
7602,1363987581843755010
7603,1363987543939813380
7604,1363987391594299393
7605,1363987211369271298
7606,1363987034851991560
7607,1363986814390837254
7608,1363986732912377860
7609,1363986609826332674
7610,1363986509624446976
7611,1363986449402638338
7612,1363986256212987906
7613,1363986118027472899
7614,1363986020132401161
7615,1363985893573410816
7616,1363985880898273283
7617,1363985819246206978
7618,1363985499321495552
7619,1363985417448620040
7620,1363985408393101318
7621,1363985330429440002
7622,1363985270111170560
7623,1363985243775074305
7624,1363985230550425602
7625,1363985227161497602
7626,1363985101500133379
7627,1363984736104906753
7628,1363984734217523201
7629,1363984720825114625
7630,1363984599156678656
7631,1363984573814595584
7632,1363984419875348480
7633,1363984183228514309
7634,1363984015770935298
7635,1363983893049843714
7636,1363983724011020290
7637,1363983539566497793
7638,1363983357076533251
7639,1363983245117898757
7640,1363983241934499842
7641,1363983042428157962
7642,1363982895606603782
7643,1363982544065208320
7644,1363982448078561280
7645,1363982257166442504
7646,1363982217119215620
7647,1363982155299315714
7648,1363982121480634375
7649,1363982083606138889
7650,1363981991973163010
7651,1363981755712229377
7652,1363981574476353538
7653,1363981567832514560
7654,1363981502560796674
7655,1363981409677934592
7656,1363981210062647301
7657,1363981184355680258
7658,1363981079720427525
7659,1363980717550616584
7660,1363980553146490887
7661,1363980547471663110
7662,1363980473186271245
7663,1363980467297484802
7664,1363980291187105792
7665,1363980219443535874
7666,1363980048412327936
7667,1363980035712032768
7668,1363979716584169476
7669,1363979679317843973
7670,1363979603686133764
7671,1363979527693737989
7672,1363979486715392009
7673,1363979456386334720
7674,1363979431870664704
7675,1363979342712348686
7676,1363979323347243013
7677,1363979303285882889
7678,1363979215872401410
7679,1363979003321868289
7680,1363978815316389898
7681,1363978589780246534
7682,1363978503599902721
7683,1363978461249998850
7684,1363978453326958592
7685,1363978288293625857
7686,1363978121570095105
7687,1363978087424266247
7688,1363978068126220288
7689,1363978010861457409
7690,1363977974119342081
7691,1363977934348902400
7692,1363977783630831623
7693,1363977654223962112
7694,1363977653359894529
7695,1363977638612774920
7696,1363977607545511937
7697,1363977498124558341
7698,1363977050395181058
7699,1363977006447292423
7700,1363976618327371778
7701,1363976415159459840
7702,1363976219126079495
7703,1363976134774431749
7704,1363975987566956546
7705,1363975856155107334
7706,1363975673036099585
7707,1363975611014914049
7708,1363975558120566792
7709,1363975490655125507
7710,1363975486985093128
7711,1363975362196221952
7712,1363975359910273034
7713,1363975278071062535
7714,1363974987338678277
7715,1363974911195283458
7716,1363974757025280002
7717,1363974496852533249
7718,1363974448077025282
7719,1363974346453053440
7720,1363974332028977159
7721,1363974318330372098
7722,1363974309534961665
7723,1363973779551100934
7724,1363973778951274500
7725,1363973727432503296
7726,1363973616744947715
7727,1363973534490521604
7728,1363973280852561920
7729,1363973227672981504
7730,1363973192465997829
7731,1363973113667551235
7732,1363973086207500293
7733,1363973038434320389
7734,1363973036156796937
7735,1363972639442817038
7736,1363972632123695106
7737,1363972414238052355
7738,1363972184981590029
7739,1363972122591322114
7740,1363972120905207810
7741,1363971899273969670
7742,1363971897021579264
7743,1363971642251243520
7744,1363971630435762176
7745,1363971578053222400
7746,1363971461208236033
7747,1363971445357969409
7748,1363971248456429579
7749,1363971239031808003
7750,1363971202725916674
7751,1363971107661955079
7752,1363971048232861704
7753,1363970945828945921
7754,1363970927445372928
7755,1363970826677215241
7756,1363970809606385667
7757,1363970488700178435
7758,1363970463635017732
7759,1363970301260935171
7760,1363970098663415808
7761,1363969992262365187
7762,1363969906522390529
7763,1363969846078234624
7764,1363969737022189568
7765,1363969510445826052
7766,1363969442858860552
7767,1363969395199008768
7768,1363969324462075910
7769,1363969310356615171
7770,1363969235668590600
7771,1363969013248897025
7772,1363968815307055116
7773,1363968696029388800
7774,1363968463874711554
7775,1363968419557744640
7776,1363968356697722885
7777,1363968326691676163
7778,1363968144411402244
7779,1363968138195460096
7780,1363967871412535298
7781,1363967682505306112
7782,1363967677853806596
7783,1363967596299714574
7784,1363967563290542082
7785,1363967502028521472
7786,1363967370428055552
7787,1363966878109032450
7788,1363966837248172032
7789,1363966751722123266
7790,1363966697779195905
7791,1363966605672259585
7792,1363966555567063041
7793,1363966383302836226
7794,1363966382908571649
7795,1363966323018108938
7796,1363966320035913731
7797,1363966236028198914
7798,1363966142600126472
7799,1363966024564015105
7800,1363965720816721927
7801,1363965716379148290
7802,1363965666987036673
7803,1363965630907580417
7804,1363965621722054657
7805,1363965619268427776
7806,1363965522883338242
7807,1363965344885399554
7808,1363965184730087428
7809,1363965148780785666
7810,1363965069160296459
7811,1363965005222326275
7812,1363964969738522624
7813,1363964750271574020
7814,1363964646647099393
7815,1363964489893314565
7816,1363964385107070978
7817,1363964354555740161
7818,1363964213564223491
7819,1363964133369069569
7820,1363964091497385991
7821,1363963990053957640
7822,1363963980109254657
7823,1363963973301919746
7824,1363963721886924804
7825,1363963370085486601
7826,1363963251478958084
7827,1363963196122488834
7828,1363962886519992328
7829,1363962693313585152
7830,1363962662900629504
7831,1363962555765575680
7832,1363962282041032705
7833,1363962273727922185
7834,1363962258368430080
7835,1363962243419955208
7836,1363962139367657475
7837,1363961831581245440
7838,1363961696868585472
7839,1363961575175053315
7840,1363961539213086730
7841,1363961480018714625
7842,1363961355871674376
7843,1363961236686327808
7844,1363961188552486912
7845,1363960781457530880
7846,1363960575865282566
7847,1363960556227604486
7848,1363960505639997443
7849,1363960401344536577
7850,1363960314342084615
7851,1363960276094226432
7852,1363960127888498695
7853,1363960123505393678
7854,1363959914582970368
7855,1363959886032359426
7856,1363959798249701376
7857,1363959758886211584
7858,1363959669643968516
7859,1363959592854642691
7860,1363959453880643587
7861,1363959428429529092
7862,1363959246795116544
7863,1363959213102403584
7864,1363958995380293637
7865,1363958925431873536
7866,1363958894897332231
7867,1363958623844581376
7868,1363958525093961729
7869,1363958485575208962
7870,1363958457502736384
7871,1363958455745343490
7872,1363958389718532097
7873,1363958213020909568
7874,1363958173896425478
7875,1363958166699053059
7876,1363957874679025664
7877,1363957683943014402
7878,1363957681636179971
7879,1363957624643944450
7880,1363957508323368960
7881,1363957361883422720
7882,1363957272964046857
7883,1363957129728688130
7884,1363956981233569799
7885,1363956821602553857
7886,1363956747887669254
7887,1363956735598354437
7888,1363956730166714374
7889,1363956669785509893
7890,1363956640270192640
7891,1363956531931328518
7892,1363956256646586370
7893,1363956075343577095
7894,1363956064283164676
7895,1363955805771468800
7896,1363955726905917442
7897,1363955702289625095
7898,1363955527689129989
7899,1363955477491691525
7900,1363955469161750528
7901,1363955337791995904
7902,1363955061508947968
7903,1363955004781064194
7904,1363954960573083657
7905,1363954900263186434
7906,1363954801764143105
7907,1363954726560280583
7908,1363954648957276160
7909,1363954476978212864
7910,1363954440462606342
7911,1363954429632929800
7912,1363954325861650439
7913,1363954209863979010
7914,1363954190670823430
7915,1363954117610266626
7916,1363954109859168257
7917,1363954107585859586
7918,1363954046218952706
7919,1363954016166834176
7920,1363953981609938948
7921,1363953737627271172
7922,1363953604416143364
7923,1363953394998784000
7924,1363953093549854721
7925,1363952971239862285
7926,1363952859801407488
7927,1363952854956969984
7928,1363952772232708097
7929,1363952642658103307
7930,1363952605983088646
7931,1363952532842827777
7932,1363952398545354754
7933,1363952065605640192
7934,1363952000048717828
7935,1363951999646126083
7936,1363951822919127044
7937,1363951697069039620
7938,1363951610829959168
7939,1363951604135841799
7940,1363951437315735557
7941,1363951387319615489
7942,1363951192955576321
7943,1363951151188598789
7944,1363951150240776192
7945,1363950942383669250
7946,1363950679228899338
7947,1363950626141519877
7948,1363950570831310854
7949,1363950480091570178
7950,1363950448470851585
7951,1363950146975850500
7952,1363950138234966022
7953,1363950083847389192
7954,1363949995280519172
7955,1363949965882589184
7956,1363949920730939395
7957,1363949467989377025
7958,1363949182441066498
7959,1363949182206177283
7960,1363949159204741124
7961,1363948885069160450
7962,1363948855662936074
7963,1363948748372590594
7964,1363948720228859907
7965,1363948609725751304
7966,1363948519015522304
7967,1363948514955427840
7968,1363948494164267009
7969,1363948433535623170
7970,1363948311661707276
7971,1363948286630100996
7972,1363948218632044545
7973,1363948056643842049
7974,1363947785272389633
7975,1363947744960925697
7976,1363947735196594180
7977,1363947706859847683
7978,1363947669262106635
7979,1363947625989480451
7980,1363947476844244994
7981,1363947374935232513
7982,1363947181712027653
7983,1363947116637392898
7984,1363946968360353792
7985,1363946864891080704
7986,1363946728639115265
7987,1363946668656386059
7988,1363946588650037256
7989,1363946588444520457
7990,1363946585185476619
7991,1363946475613532164
7992,1363946445959802883
7993,1363946182439919618
7994,1363945691815493636
7995,1363945665546645504
7996,1363945354635468805
7997,1363945302676406278
7998,1363945144702140420
7999,1363945071230525443
8000,1363945043330031616
8001,1363945034844950529
8002,1363944676584271877
8003,1363944671093923844
8004,1363944538591555584
8005,1363944530601508869
8006,1363944307267416066
8007,1363944291148697605
8008,1363944249121792013
8009,1363944211540832260
8010,1363944177797636096
8011,1363943989506961410
8012,1363943847571685387
8013,1363943843985514496
8014,1363943838658740226
8015,1363943677572370432
8016,1363943662464471042
8017,1363943657318023170
8018,1363943651806740482
8019,1363943404082765834
8020,1363943263187722244
8021,1363942945083260930
8022,1363942782503706625
8023,1363942681647460355
8024,1363942508846190594
8025,1363942488717877252
8026,1363942445088714762
8027,1363942420417810436
8028,1363942098316255232
8029,1363942048559210500
8030,1363941993030836225
8031,1363941958478135298
8032,1363941543539785732
8033,1363941409154355201
8034,1363941227125694465
8035,1363941168992686082
8036,1363941092085927937
8037,1363940852079480839
8038,1363940845670531072
8039,1363940745212792832
8040,1363940629932367872
8041,1363940488219361282
8042,1363940244438061060
8043,1363940092310675459
8044,1363939952128626693
8045,1363939882012401677
8046,1363939525429518337
8047,1363939520039833608
8048,1363939479220858882
8049,1363939376900759553
8050,1363939211569676294
8051,1363939186739474437
8052,1363939176811495425
8053,1363939112210857984
8054,1363939029197213697
8055,1363938963963211776
8056,1363938917301563395
8057,1363938739010105348
8058,1363938706713903111
8059,1363938669569130496
8060,1363938616272166919
8061,1363938421476065283
8062,1363938203389034497
8063,1363937932948746240
8064,1363937808218533888
8065,1363937801381826561
8066,1363937785674104833
8067,1363937781899276288
8068,1363937529981001729
8069,1363937170311032832
8070,1363937051998105602
8071,1363937051020820482
8072,1363936913703501829
8073,1363936816957714436
8074,1363936533384945665
8075,1363936471871291396
8076,1363936403764219908
8077,1363936270322458625
8078,1363936226584190985
8079,1363936094522335233
8080,1363935825625559040
8081,1363935797393698825
8082,1363935520334753793
8083,1363935356962435072
8084,1363934959686287360
8085,1363934849191587840
8086,1363934665023885312
8087,1363934412623216641
8088,1363934252522479617
8089,1363934169575927808
8090,1363934082191646721
8091,1363933958824681476
8092,1363933761268809729
8093,1363933626975612928
8094,1363933589449007104
8095,1363933571971448838
8096,1363933289267027968
8097,1363933242345328647
8098,1363933214037966848
8099,1363933154583666701
8100,1363932946823053315
8101,1363932851356520452
8102,1363932636071268364
8103,1363932627435204609
8104,1363932607222702081
8105,1363932546778603520
8106,1363932503304716289
8107,1363932289340760070
8108,1363932282743119874
8109,1363932239294308354
8110,1363931887266332675
8111,1363931534265180161
8112,1363931416107515914
8113,1363931406276173825
8114,1363931211178119173
8115,1363931165292449792
8116,1363931024065978372
8117,1363930837205606400
8118,1363930783854002179
8119,1363930488432394245
8120,1363930410112139267
8121,1363930378654928912
8122,1363930372677976064
8123,1363930370316582913
8124,1363930326200901638
8125,1363930320882585600
8126,1363930235952062465
8127,1363930167966633988
8128,1363929961812393984
8129,1363929881202077699
8130,1363929789552357381
8131,1363929751975571457
8132,1363929688943579139
8133,1363929511616798720
8134,1363929332708737025
8135,1363929153305800705
8136,1363929004277915657
8137,1363928743518081031
8138,1363928691617759238
8139,1363928651322990593
8140,1363928601557688321
8141,1363928600748183555
8142,1363928599468920840
8143,1363928477246885895
8144,1363928406941917200
8145,1363928234526703617
8146,1363928207125344256
8147,1363928136212176901
8148,1363928039558586368
8149,1363928032667435009
8150,1363928000207667205
8151,1363927984319721475
8152,1363927926270484484
8153,1363927856007417856
8154,1363927710473613315
8155,1363927649375158279
8156,1363927529300627463
8157,1363927136797622272
8158,1363926813714563073
8159,1363926754285547530
8160,1363926327808647173
8161,1363926176465645570
8162,1363926114717032449
8163,1363925763351859200
8164,1363925756624134146
8165,1363925713993228288
8166,1363925597303541760
8167,1363925259435532288
8168,1363924994351374338
8169,1363924918946197506
8170,1363924913170632704
8171,1363924880421498882
8172,1363924797487525899
8173,1363924651173380096
8174,1363924628863938563
8175,1363924565265702913
8176,1363924494386102279
8177,1363924404686753796
8178,1363924304191225858
8179,1363923965400526848
8180,1363923919124766722
8181,1363923873759166472
8182,1363923760831676418
8183,1363923500621324288
8184,1363923475669409793
8185,1363923436293218306
8186,1363923425186750464
8187,1363923415900565504
8188,1363923235998490624
8189,1363923114548199428
8190,1363922780878745600
8191,1363922664541327361
8192,1363922462531080197
8193,1363922269194629124
8194,1363922178446622728
8195,1363922084263583745
8196,1363922043008397317
8197,1363921998964011011
8198,1363921845171482633
8199,1363921713709408257
8200,1363921621120073729
8201,1363921567126855684
8202,1363921449333964806
8203,1363921058823344130
8204,1363920926895710208
8205,1363920881488179201
8206,1363920857484177412
8207,1363920773673603082
8208,1363920491627630596
8209,1363920314959335431
8210,1363920289508298752
8211,1363920257421881344
8212,1363920107584561164
8213,1363920104375922688
8214,1363920015066607629
8215,1363919966425149447
8216,1363919949073293313
8217,1363919889996656645
8218,1363919740054495237
8219,1363919670697480194
8220,1363919666452824065
8221,1363919637063364611
8222,1363919456557289483
8223,1363919454111997957
8224,1363919305302290434
8225,1363919021016559616
8226,1363919003979296770
8227,1363918890619830272
8228,1363918823733288960
8229,1363918675464445954
8230,1363918507860230159
8231,1363918461831962629
8232,1363918443213451270
8233,1363918384891584515
8234,1363918377387982848
8235,1363918371478265861
8236,1363918354633940998
8237,1363918324158062606
8238,1363918243354836992
8239,1363918182839377922
8240,1363918107748761605
8241,1363918024689016832
8242,1363918010268995595
8243,1363917538602680321
8244,1363917509854965760
8245,1363917323644645383
8246,1363917263741534211
8247,1363917253704634371
8248,1363917222067003395
8249,1363916972497522694
8250,1363916754611810308
8251,1363916480266395648
8252,1363916399576498182
8253,1363916310212657152
8254,1363916252180344832
8255,1363916185708810241
8256,1363915981786128384
8257,1363915886676086789
8258,1363915870209204227
8259,1363915869856935938
8260,1363915830979928064
8261,1363915679217438722
8262,1363915656278769665
8263,1363915650918473730
8264,1363915604613361665
8265,1363915496609955840
8266,1363915355844968451
8267,1363915228292018176
8268,1363915200341151746
8269,1363915186017550342
8270,1363915034066321414
8271,1363914949286846466
8272,1363914878168236039
8273,1363914814679117832
8274,1363914780810104835
8275,1363914694029955075
8276,1363914460507865088
8277,1363914411195445252
8278,1363914183306317824
8279,1363914024639954946
8280,1363913976623624195
8281,1363913828602363907
8282,1363913655880941569
8283,1363913549454671873
8284,1363913535743524864
8285,1363913445767274498
8286,1363913430869151746
8287,1363913244797190153
8288,1363913092703395842
8289,1363913065306161156
8290,1363913053872549888
8291,1363912962906279942
8292,1363912698707107840
8293,1363912459736801283
8294,1363912173978873858
8295,1363912071520407555
8296,1363912062582292483
8297,1363911602311999490
8298,1363911552563351556
8299,1363911481042042881
8300,1363911454143971330
8301,1363911440717860865
8302,1363911353069686786
8303,1363911055504777218
8304,1363910798612045832
8305,1363910790198276096
8306,1363910659386277889
8307,1363910658174185474
8308,1363910457384443905
8309,1363910006031200256
8310,1363909861625507840
8311,1363909774308478979
8312,1363909764439244802
8313,1363909604455968770
8314,1363909570347868161
8315,1363909556997341185
8316,1363909486113665032
8317,1363909464508817415
8318,1363909426579578884
8319,1363909192134893569
8320,1363909056625319936
8321,1363909029785960452
8322,1363908700746956803
8323,1363908678928236544
8324,1363908595860066306
8325,1363908531532025856
8326,1363908411918872580
8327,1363908405979717632
8328,1363908319094730755
8329,1363908209711452168
8330,1363908132066504705
8331,1363907797973360640
8332,1363907708357869575
8333,1363907546755563526
8334,1363907497245949957
8335,1363907483249627140
8336,1363907423245914118
8337,1363907278341087233
8338,1363907176092364803
8339,1363907109688115205
8340,1363906981124308994
8341,1363906973872357376
8342,1363906721660473345
8343,1363906511722921985
8344,1363906502692593667
8345,1363906491707764740
8346,1363906314246717446
8347,1363906258147962883
8348,1363906095769657348
8349,1363906090673573890
8350,1363905924679802880
8351,1363905887044313096
8352,1363905836591050752
8353,1363905745121591297
8354,1363905724875759618
8355,1363905530532683781
8356,1363905421380050946
8357,1363904522708467715
8358,1363904280005066754
8359,1363904184760881153
8360,1363904011779395585
8361,1363903653359288326
8362,1363903500472750083
8363,1363903467325190156
8364,1363903389705322498
8365,1363903122561712131
8366,1363902914939539459
8367,1363902894425178114
8368,1363902794588180489
8369,1363902453977079808
8370,1363902354987311104
8371,1363902233759404038
8372,1363901944163676169
8373,1363901243496751110
8374,1363901075040972801
8375,1363900974998372352
8376,1363900845570617347
8377,1363900725970014210
8378,1363900256983867392
8379,1363900156349923328
8380,1363900032274075649
8381,1363900006214811648
8382,1363899988925939714
8383,1363899936207757313
8384,1363899829634682883
8385,1363899605109342210
8386,1363899470585470976
8387,1363899459432812548
8388,1363899433558159360
8389,1363899324606926859
8390,1363899277966254081
8391,1363899229803065345
8392,1363899074647318534
8393,1363899042531540996
8394,1363898997035970562
8395,1363898981391155212
8396,1363898955873079297
8397,1363898867218014212
8398,1363898845692710914
8399,1363898787224297474
8400,1363898635348492288
8401,1363898609788481539
8402,1363898548773912580
8403,1363898479597277197
8404,1363898419505491970
8405,1363898322336026630
8406,1363898242090606598
8407,1363898093981286406
8408,1363898005695397892
8409,1363897999554977795
8410,1363897930780917761
8411,1363897919791849482
8412,1363897793929216008
8413,1363897603063218186
8414,1363897600425009155
8415,1363897597249941505
8416,1363897568103702528
8417,1363897539397902339
8418,1363897538693238784
8419,1363897447823659014
8420,1363897418497069065
8421,1363897377715806209
8422,1363897283964723204
8423,1363897134911787013
8424,1363896857685016582
8425,1363896841297940494
8426,1363896728970289154
8427,1363896698041466881
8428,1363896628520898562
8429,1363896620631420930
8430,1363896172465844224
8431,1363896099430400003
8432,1363896015137423363
8433,1363896011610083335
8434,1363895978080821250
8435,1363895842420236288
8436,1363895832509038592
8437,1363895691005874180
8438,1363895581983277059
8439,1363895558830780425
8440,1363895557526331395
8441,1363895393386450946
8442,1363895143070371842
8443,1363895122623086592
8444,1363895082110312450
8445,1363895041572413444
8446,1363895032458141698
8447,1363895020370202625
8448,1363894839704760321
8449,1363894662839345156
8450,1363894346978885636
8451,1363894193828077572
8452,1363894163847135233
8453,1363893942924816388
8454,1363893905884864516
8455,1363893886595252226
8456,1363893885257342976
8457,1363893744815194113
8458,1363893656160198658
8459,1363893400274169858
8460,1363893332783427585
8461,1363893244313092098
8462,1363892992776364036
8463,1363892737918046218
8464,1363892719597330439
8465,1363892608725041158
8466,1363892508594470912
8467,1363892463962894338
8468,1363892342214770689
8469,1363892246475640832
8470,1363892148375060489
8471,1363891787094450182
8472,1363891633297780744
8473,1363891552146317323
8474,1363891534131781632
8475,1363891468461555712
8476,1363891404779515906
8477,1363891022284148736
8478,1363890924523319303
8479,1363890668863705090
8480,1363890169015914498
8481,1363890110647959554
8482,1363889750478848001
8483,1363889581616222209
8484,1363889537173315587
8485,1363889491539349505
8486,1363889462267305987
8487,1363889437059518465
8488,1363889345418166275
8489,1363889144112570368
8490,1363889066194989056
8491,1363888999597809669
8492,1363888982166224898
8493,1363888867913461761
8494,1363888732768792582
8495,1363888530502656003
8496,1363888527528837121
8497,1363888496021286914
8498,1363888456380911624
8499,1363888235173273601
8500,1363888223391522816
8501,1363888093716176903
8502,1363887797845843968
8503,1363887780007452672
8504,1363887430336733191
8505,1363887396505477129
8506,1363886878429241347
8507,1363886490510622722
8508,1363886236864290820
8509,1363886148540653573
8510,1363886062783909891
8511,1363886058769965059
8512,1363886048993030146
8513,1363885948199727110
8514,1363885908618076160
8515,1363885668825464834
8516,1363885560222384130
8517,1363885489154064384
8518,1363884879197388803
8519,1363884866148966408
8520,1363884712163495941
8521,1363884637681049603
8522,1363884465672630278
8523,1363884331895316484
8524,1363883965527060481
8525,1363883712308514817
8526,1363883660382994444
8527,1363883646923534338
8528,1363883595304157184
8529,1363883423853649924
8530,1363883309638569987
8531,1363883181611626496
8532,1363883154180874241
8533,1363883102993588226
8534,1363883012023349255
8535,1363882738126909440
8536,1363882683324125188
8537,1363882648049967109
8538,1363882641506922502
8539,1363882612813664263
8540,1363882308307189764
8541,1363882274719162376
8542,1363882224672772100
8543,1363882205286662154
8544,1363881569149157378
8545,1363881488220045312
8546,1363881189203935237
8547,1363881148372377603
8548,1363881118018072576
8549,1363881081339052036
8550,1363880815625703425
8551,1363880579440259076
8552,1363880373898338319
8553,1363880145984114689
8554,1363879980070023172
8555,1363879874310639623
8556,1363879847756509189
8557,1363879716999028736
8558,1363879460051779591
8559,1363879288420913157
8560,1363879112377593856
8561,1363878812212203520
8562,1363878458422677511
8563,1363878384133169162
8564,1363877859908067330
8565,1363877628986466305
8566,1363877591736852481
8567,1363877284260835328
8568,1363877206271922176
8569,1363877151976665090
8570,1363877088130924545
8571,1363876898972045313
8572,1363876869519642624
8573,1363876826683215876
8574,1363876770492149762
8575,1363876433257455618
8576,1363876347823685637
8577,1363876218743980040
8578,1363876215489236997
8579,1363876061688311814
8580,1363875522414080002
8581,1363875520568565761
8582,1363875208784990214
8583,1363875181379338240
8584,1363875141755817986
8585,1363874964999467013
8586,1363874957755879430
8587,1363874929226219521
8588,1363874572655812611
8589,1363874537503404032
8590,1363874394653745156
8591,1363874195101384706
8592,1363874141384892420
8593,1363873683845091331
8594,1363873494866530306
8595,1363873477581758465
8596,1363873329191477252
8597,1363873269644992512
8598,1363872924957032452
8599,1363872920460787714
8600,1363872698988904455
8601,1363872662150389763
8602,1363872642596536322
8603,1363872637085249540
8604,1363872531405561860
8605,1363872402971779075
8606,1363872402783023107
8607,1363872201330589701
8608,1363871976088104971
8609,1363871590740549642
8610,1363871428383236099
8611,1363871179367477250
8612,1363871169334685701
8613,1363871081149390849
8614,1363871018352336900
8615,1363870689455923200
8616,1363870533180395520
8617,1363870291475234816
8618,1363870257530753028
8619,1363870253197967362
8620,1363870159111389186
8621,1363870101540392962
8622,1363870096440119299
8623,1363869928261103616
8624,1363869736560427013
8625,1363869439532421124
8626,1363869228563116033
8627,1363868970592460802
8628,1363868864988254209
8629,1363868700588261381
8630,1363868489820364801
8631,1363868178753929222
8632,1363867881650458626
8633,1363867875237330944
8634,1363867648845639684
8635,1363867343621922816
8636,1363867203704156165
8637,1363867162352492557
8638,1363867127309094916
8639,1363867048221229057
8640,1363866634583220227
8641,1363866158932385792
8642,1363866141429358592
8643,1363866136748584973
8644,1363866080561803264
8645,1363866002900008968
8646,1363865990916931584
8647,1363865938475569157
8648,1363865526611701761
8649,1363865502905417728
8650,1363865136876965890
8651,1363865113376264196
8652,1363865022632443912
8653,1363864774946209792
8654,1363864444699369474
8655,1363864184136564736
8656,1363864038992728064
8657,1363864016133763074
8658,1363863883446972417
8659,1363863850823606273
8660,1363863820603686917
8661,1363863699405029376
8662,1363863684259459072
8663,1363863509403111429
8664,1363863211561390081
8665,1363863027691454464
8666,1363862984775368708
8667,1363862886280527877
8668,1363862796803407875
8669,1363862747751063553
8670,1363862432729432070
8671,1363862285832314883
8672,1363862217335201793
8673,1363861672331468801
8674,1363861500729958400
8675,1363861166204805121
8676,1363861138346229761
8677,1363860971769507841
8678,1363860882191765505
8679,1363860772951105539
8680,1363860307052007427
8681,1363860267034161157
8682,1363859978658922501
8683,1363859955913228288
8684,1363859900158337027
8685,1363859882550648836
8686,1363859545928462337
8687,1363859537250439170
8688,1363858824923349059
8689,1363858797350047745
8690,1363858740550721539
8691,1363858735718944769
8692,1363858709479370759
8693,1363858634912980995
8694,1363858634439069699
8695,1363858623018000387
8696,1363858586435153923
8697,1363858435310297092
8698,1363858248726675456
8699,1363858210055221253
8700,1363858005033443329
8701,1363857967355809798
8702,1363857815312474114
8703,1363857696181608449
8704,1363857631962689537
8705,1363857551419469824
8706,1363857422637498368
8707,1363857037709434881
8708,1363856958923677697
8709,1363856863641665537
8710,1363856808364945409
8711,1363856354016964611
8712,1363856196688609286
8713,1363856000483266563
8714,1363855803229290503
8715,1363855744303591431
8716,1363855725475356677
8717,1363855690851311618
8718,1363855635230707716
8719,1363855533107793922
8720,1363855512375341061
8721,1363855506163523588
8722,1363855038867791880
8723,1363854911042179074
8724,1363854794486472705
8725,1363854661518843905
8726,1363854593470390279
8727,1363854430173544450
8728,1363854394912030724
8729,1363854214112432130
8730,1363853856304750593
8731,1363853665027645442
8732,1363853647390638086
8733,1363853636179267585
8734,1363853573977747458
8735,1363853535230754820
8736,1363853525286060032
8737,1363852687465476096
8738,1363852578954620928
8739,1363852402621825028
8740,1363852397962002435
8741,1363852284527054848
8742,1363851862865240065
8743,1363851823002619910
8744,1363851668195008516
8745,1363851603955109889
8746,1363851592068444160
8747,1363851544769269762
8748,1363851348199014407
8749,1363851337511931911
8750,1363851282952421379
8751,1363851057374371843
8752,1363850876931215363
8753,1363850871654789122
8754,1363850733037248515
8755,1363850343361183748
8756,1363850048480702473
8757,1363850030776475650
8758,1363849900316852225
8759,1363849900140732418
8760,1363849793429266432
8761,1363849247943241739
8762,1363849219501666304
8763,1363849176862359558
8764,1363849171774681094
8765,1363848994561134598
8766,1363848872909549568
8767,1363848846061748230
8768,1363848809407795210
8769,1363848798708109313
8770,1363848457778311168
8771,1363848421321281539
8772,1363848220129001474
8773,1363848197119102978
8774,1363848060602843139
8775,1363847958102495235
8776,1363847861423792130
8777,1363847856793206786
8778,1363847847200849928
8779,1363847843862228995
8780,1363847787583012867
8781,1363847785162899462
8782,1363847671975411713
8783,1363847640597856263
8784,1363847348628172803
8785,1363847309239472131
8786,1363847230139076613
8787,1363847130134286338
8788,1363847059573526531
8789,1363847029177397249
8790,1363846947665289221
8791,1363846885476294660
8792,1363846673865318404
8793,1363846285485293575
8794,1363846000658444291
8795,1363845981570220033
8796,1363845963132067841
8797,1363845914192994306
8798,1363845825907032064
8799,1363845803434008579
8800,1363845732193689605
8801,1363845581689540611
8802,1363845511472705537
8803,1363845508096286720
8804,1363845504203915266
8805,1363845400126509056
8806,1363845226180317185
8807,1363845224326443008
8808,1363845081002835971
8809,1363844942175567879
8810,1363844897149759488
8811,1363844551467823113
8812,1363844473315278849
8813,1363844358496223235
8814,1363844350288007175
8815,1363844330205626368
8816,1363844177071603712
8817,1363844010327048196
8818,1363844009907601414
8819,1363843808715304966
8820,1363843621586411523
8821,1363843604637249536
8822,1363843602988871686
8823,1363843554368512000
8824,1363843548383182858
8825,1363843484990472193
8826,1363843107914207237
8827,1363842956969594880
8828,1363842792951316482
8829,1363842763960311808
8830,1363842530266210310
8831,1363842411710021636
8832,1363842382958059520
8833,1363842359260241928
8834,1363842247444340743
8835,1363842141307490304
8836,1363841946574344193
8837,1363841928337510405
8838,1363841879960391682
8839,1363841775052455944
8840,1363841514246348809
8841,1363841495162376194
8842,1363841448773312518
8843,1363841444767797248
8844,1363841421384499203
8845,1363841247627067392
8846,1363840989471928327
8847,1363840945461026818
8848,1363840883486031873
8849,1363840785364443138
8850,1363840652279242753
8851,1363840538831712258
8852,1363840525686685704
8853,1363840524260683779
8854,1363840520313860103
8855,1363840375610363908
8856,1363840348770951168
8857,1363840248090947588
8858,1363840244001492993
8859,1363840232811077634
8860,1363840022835830784
8861,1363839940522573829
8862,1363839827536470023
8863,1363839650469728256
8864,1363839613454979073
8865,1363839611018043400
8866,1363839298013966340
8867,1363839261326401542
8868,1363839233962762243
8869,1363839217604911107
8870,1363839201888845825
8871,1363839003989057538
8872,1363838886254903299
8873,1363838854621515780
8874,1363838789463007236
8875,1363838754310524937
8876,1363838621669879810
8877,1363838617211330560
8878,1363838607782477826
8879,1363838553181020168
8880,1363838450865238018
8881,1363838105095143427
8882,1363838094680670211
8883,1363838043602444293
8884,1363837754635931653
8885,1363837733224013824
8886,1363837719252721674
8887,1363837669411815427
8888,1363837650478764036
8889,1363837630497124359
8890,1363837526839087104
8891,1363837475798593540
8892,1363837447130542086
8893,1363837394424909824
8894,1363837113876307970
8895,1363837058574352388
8896,1363836910154711042
8897,1363836634085675013
8898,1363836543815794689
8899,1363836463234826240
8900,1363836459409690626
8901,1363836106006011905
8902,1363836076905951236
8903,1363835735141453828
8904,1363835581055324164
8905,1363835342852349954
8906,1363835321172054016
8907,1363835237705396224
8908,1363835090304966656
8909,1363835062282842115
8910,1363834914752241671
8911,1363834810079322115
8912,1363834752344670213
8913,1363834699588792326
8914,1363834540024807426
8915,1363834445908881408
8916,1363834432789110784
8917,1363834183534202881
8918,1363834161065254917
8919,1363834084376666112
8920,1363833962586587139
8921,1363833891140882433
8922,1363833815798538242
8923,1363833799642140677
8924,1363833564056473604
8925,1363833417800945666
8926,1363833322326155269
8927,1363833289254064131
8928,1363833239383769093
8929,1363833223936159746
8930,1363832917768757251
8931,1363832860155801601
8932,1363832772503236614
8933,1363832397100425216
8934,1363831812972281856
8935,1363831236364533760
8936,1363831216533864453
8937,1363831121599991811
8938,1363831104038387719
8939,1363831040847003659
8940,1363830954758971393
8941,1363830141990936584
8942,1363829744706412547
8943,1363829662586183683
8944,1363829452422193152
8945,1363829168899784709
8946,1363828484116725761
8947,1363828181845827585
8948,1363828102657359873
8949,1363827404096098308
8950,1363827355182133251
8951,1363827339990339585
8952,1363827326295891971
8953,1363827181193994241
8954,1363826651218538504
8955,1363826096647634945
8956,1363826091991924737
8957,1363826067186864128
8958,1363825730652667905
8959,1363825696955650055
8960,1363825685366734851
8961,1363825646925971460
8962,1363825615862956038
8963,1363825549072809986
8964,1363825547374170117
8965,1363825314812612613
8966,1363825226056945666
8967,1363825104476643329
8968,1363825068896378881
8969,1363825040861638658
8970,1363824979146641412
8971,1363824677727141892
8972,1363824496134750211
8973,1363823413941460993
8974,1363823413740068869
8975,1363823403958996996
8976,1363823323835170817
8977,1363822985732382725
8978,1363822718446141441
8979,1363822573318987779
8980,1363822565475692545
8981,1363822335535554561
8982,1363822222272569348
8983,1363822167859884032
8984,1363822071424417796
8985,1363822053586010112
8986,1363822003229257728
8987,1363821982240882690
8988,1363821930583834624
8989,1363821737075474432
8990,1363821665914912768
8991,1363821323072507904
8992,1363821120248549376
8993,1363821104364744704
8994,1363821086392131592
8995,1363821027608977412
8996,1363820837753606155
8997,1363820586766598146
8998,1363820369468149764
8999,1363820292737499136
9000,1363820113930158083
9001,1363820082284085251
9002,1363819860137041920
9003,1363819765542830080
9004,1363819496771891200
9005,1363819390060347393
9006,1363819381071962115
9007,1363819339317710851
9008,1363819265430872064
9009,1363819125550813184
9010,1363819036824461314
9011,1363818831903391748
9012,1363818724738953216
9013,1363818603775225856
9014,1363818491581767689
9015,1363818228296912897
9016,1363817996871995396
9017,1363817862859808771
9018,1363817830010007553
9019,1363817796371644417
9020,1363817703937503236
9021,1363817295101976576
9022,1363817270087200768
9023,1363817267750981632
9024,1363817211530510338
9025,1363817012351410177
9026,1363816912078204935
9027,1363816717059817473
9028,1363816589171318786
9029,1363816574273134596
9030,1363816532963426306
9031,1363816524646125571
9032,1363816409067888643
9033,1363816294164889600
9034,1363816199461752832
9035,1363816165613703170
9036,1363816145439100930
9037,1363816133766316032
9038,1363816034487132163
9039,1363815989884948482
9040,1363815962726834180
9041,1363815907181617153
9042,1363815553681530882
9043,1363815447867625473
9044,1363815434080972802
9045,1363815375369080832
9046,1363815200693051392
9047,1363815193189433345
9048,1363815017141989376
9049,1363814864200826886
9050,1363814684252647427
9051,1363814656771506180
9052,1363814628195721220
9053,1363814572034043904
9054,1363814550987038722
9055,1363814322011537412
9056,1363814188561428480
9057,1363814047037206528
9058,1363813976132509696
9059,1363813750533423104
9060,1363813666492215304
9061,1363813656518131713
9062,1363813391144476677
9063,1363813379857612801
9064,1363813320554401792
9065,1363813286198738945
9066,1363813277231439880
9067,1363813160357101569
9068,1363812969608581121
9069,1363812290278154241
9070,1363811973490757632
9071,1363811877063692289
9072,1363811854976487426
9073,1363811757815451650
9074,1363811370320412675
9075,1363811272530214912
9076,1363810895227404290
9077,1363810755804602368
9078,1363810752730193920
9079,1363810679128473601
9080,1363810642076045312
9081,1363810592415494144
9082,1363810486211518464
9083,1363810390136786950
9084,1363810315058769920
9085,1363810278970953728
9086,1363810035021844481
9087,1363809826338451456
9088,1363809817777864705
9089,1363809632230273025
9090,1363809542832816134
9091,1363809422552817665
9092,1363809385185689601
9093,1363809373093588993
9094,1363809353506164736
9095,1363809343553105921
9096,1363809162308771842
9097,1363809132768288769
9098,1363808853335420929
9099,1363808806455701504
9100,1363808629619589120
9101,1363808448958394369
9102,1363808270864031746
9103,1363807846278774784
9104,1363807718751014912
9105,1363807702338723841
9106,1363807667253305344
9107,1363807665273638912
9108,1363807563033288704
9109,1363807465851265027
9110,1363807261936779264
9111,1363806997909557248
9112,1363806833551544330
9113,1363806833253752834
9114,1363806759815704579
9115,1363806018178793473
9116,1363805834472550400
9117,1363805753996419073
9118,1363805741186957314
9119,1363805735218532353
9120,1363805690591145984
9121,1363805403629379584
9122,1363805379210186752
9123,1363805309471518720
9124,1363805286440595461
9125,1363805105791897600
9126,1363805104860758027
9127,1363805078591836162
9128,1363804817311862784
9129,1363804672142831619
9130,1363804534536085505
9131,1363804244659367941
9132,1363803945785843716
9133,1363803936789065729
9134,1363803677321011201
9135,1363803510287007746
9136,1363803492675186690
9137,1363803421619458049
9138,1363803301188362240
9139,1363803045637808128
9140,1363802955502280715
9141,1363802675381481472
9142,1363802589112983552
9143,1363802554199597056
9144,1363801713782718467
9145,1363801499978125323
9146,1363801397104361473
9147,1363801379148595201
9148,1363801280200736769
9149,1363801275083747330
9150,1363801120351670272
9151,1363800884296179714
9152,1363800721607585792
9153,1363800702103920642
9154,1363800252059377669
9155,1363800183386099713
9156,1363800095578324992
9157,1363800092327743488
9158,1363800059876429825
9159,1363800059725381632
9160,1363800014238208000
9161,1363799463228276737
9162,1363799230201147394
9163,1363799048621334528
9164,1363798286302380039
9165,1363798138163769346
9166,1363797774282723328
9167,1363797567704870912
9168,1363797453175070721
9169,1363797416240119811
9170,1363796919563255809
9171,1363796594437591040
9172,1363796478980988929
9173,1363796405605851136
9174,1363795604250451971
9175,1363795447912030208
9176,1363795226851241985
9177,1363795216474509313
9178,1363794910189654018
9179,1363794708737257473
9180,1363794402964082690
9181,1363794260563222528
9182,1363794246533267456
9183,1363794131131265027
9184,1363794103213961218
9185,1363794074982047744
9186,1363793576799436801
9187,1363793341775810567
9188,1363793000665669638
9189,1363792641184440324
9190,1363792548901384193
9191,1363792408685797376
9192,1363792281229275137
9193,1363792032884482051
9194,1363792023468314628
9195,1363791934867836931
9196,1363791891507122177
9197,1363791762003755008
9198,1363791711491751938
9199,1363791698493665281
9200,1363791313188106246
9201,1363791297677582339
9202,1363791033943924736
9203,1363790693379043331
9204,1363790642107666436
9205,1363790605210570753
9206,1363790361861255169
9207,1363790293678628865
9208,1363789951305986048
9209,1363789850223271936
9210,1363789503694053377
9211,1363789268796194820
9212,1363789238496612352
9213,1363789235342434304
9214,1363789210742886405
9215,1363789150449786882
9216,1363788713273212930
9217,1363788318228553729
9218,1363788221835055111
9219,1363787867147878401
9220,1363787574322597889
9221,1363787378880516099
9222,1363787372073213957
9223,1363787333020057601
9224,1363787286131994625
9225,1363787274840911872
9226,1363787104204050434
9227,1363787000369672203
9228,1363786364123250693
9229,1363786122187440128
9230,1363785907598487558
9231,1363785617998446596
9232,1363785585073278980
9233,1363785402155491328
9234,1363785376054337536
9235,1363785247087812611
9236,1363785234660130819
9237,1363785216263942148
9238,1363785142217670657
9239,1363785113910337539
9240,1363784778026258432
9241,1363784753569267714
9242,1363784690478559234
9243,1363784591413301249
9244,1363784235786641409
9245,1363784172096147457
9246,1363783794608795648
9247,1363783738061160450
9248,1363783564832178182
9249,1363783481034211330
9250,1363783422100013058
9251,1363783227790528513
9252,1363782507154579456
9253,1363782380729827329
9254,1363782236563202049
9255,1363782003217346562
9256,1363781933906464770
9257,1363781850775363584
9258,1363781835801710595
9259,1363781819959816192
9260,1363781806504480770
9261,1363781645522903044
9262,1363781595266768901
9263,1363781564199485446
9264,1363781288843485186
9265,1363781227967315969
9266,1363781129434710019
9267,1363781084622815235
9268,1363780757865562113
9269,1363780661581119489
9270,1363780563153395714
9271,1363780406013816834
9272,1363780364674678784
9273,1363780354503499779
9274,1363780146638036998
9275,1363779479794036736
9276,1363779319919738880
9277,1363779119750742016
9278,1363779092458450945
9279,1363779059231113217
9280,1363778926280065024
9281,1363778661850247168
9282,1363778593902522371
9283,1363778447332507649
9284,1363778236719767553
9285,1363778162199584768
9286,1363778052958863360
9287,1363777670618755072
9288,1363777196674994176
9289,1363776772043636738
9290,1363776381545545731
9291,1363776005144477698
9292,1363775980993675265
9293,1363775884340133888
9294,1363775254649315331
9295,1363775248219439106
9296,1363775015276142593
9297,1363774799848165378
9298,1363774397165756418
9299,1363774001013796864
9300,1363773972530266112
9301,1363773856318697479
9302,1363773716505706498
9303,1363773709861928960
9304,1363773342612938752
9305,1363773257204305920
9306,1363773171590135809
9307,1363772434340585475
9308,1363772415256494082
9309,1363772203431526402
9310,1363772107050676224
9311,1363772087157084161
9312,1363771930927587332
9313,1363771479125590019
9314,1363771315476381697
9315,1363771101826932736
9316,1363771098068905987
9317,1363770609130422273
9318,1363770533746270210
9319,1363770525185630208
9320,1363770467354615811
9321,1363769915799457793
9322,1363769851861434371
9323,1363769785285308417
9324,1363769514249306113
9325,1363769495144308737
9326,1363769099856326657
9327,1363768995694989313
9328,1363768538905870336
9329,1363768374065512453
9330,1363767986851434497
9331,1363767880425353218
9332,1363767358532255744
9333,1363767320703864832
9334,1363767202114134021
9335,1363767160401784836
9336,1363767076075294720
9337,1363766863633797122
9338,1363766814350712836
9339,1363766479393599489
9340,1363766426184597506
9341,1363766392194027520
9342,1363766254926987264
9343,1363765833508343808
9344,1363765781016764417
9345,1363765677694332929
9346,1363765224126509056
9347,1363765163023757313
9348,1363765134955528193
9349,1363765038729854977
9350,1363764963215630337
9351,1363764832563048448
9352,1363764810979106816
9353,1363764804096294914
9354,1363764336632754181
9355,1363764280064147456
9356,1363764269586726915
9357,1363763721944911872
9358,1363763626251845632
9359,1363763603195764737
9360,1363763592420540419
9361,1363763274983100417
9362,1363763207593222146
9363,1363763050071937024
9364,1363763024750931968
9365,1363763017415090178
9366,1363762880873705473
9367,1363762784106872832
9368,1363762373186699265
9369,1363762238746722304
9370,1363762005761474561
9371,1363761848756150273
9372,1363761132842934272
9373,1363761029658931200
9374,1363760947706396676
9375,1363760911698296832
9376,1363760626770796546
9377,1363760575503810563
9378,1363760370633101312
9379,1363759860412796931
9380,1363759719450574850
9381,1363759690149109760
9382,1363759635807756291
9383,1363759552437616641
9384,1363759159171235841
9385,1363758813283672066
9386,1363758365315317760
9387,1363758038373588992
9388,1363757985055522816
9389,1363757910166233089
9390,1363757701214449665
9391,1363757675713073157
9392,1363757290382319617
9393,1363756975457243139
9394,1363756963746750464
9395,1363756589245677568
9396,1363756142111952898
9397,1363756133903699969
9398,1363756132221800448
9399,1363756083098091521
9400,1363756008594681863
9401,1363755943981383680
9402,1363755911261671424
9403,1363755767766089729
9404,1363755482150621187
9405,1363755201480564739
9406,1363754916360163328
9407,1363754843341520896
9408,1363754130150465536
9409,1363754077281222656
9410,1363753960557928448
9411,1363753931562745856
9412,1363753480670883842
9413,1363753130232590339
9414,1363752887004798981
9415,1363752202616123392
9416,1363750824791441409
9417,1363750474755801089
9418,1363750319151284226
9419,1363750296133005314
9420,1363750207041773571
9421,1363750117434613761
9422,1363749932222607360
9423,1363749927889887233
9424,1363749719126777858
9425,1363749662885306368
9426,1363749633579753475
9427,1363749344583770120
9428,1363749115478294531
9429,1363748947794272259
9430,1363748526493216768
9431,1363747962514534400
9432,1363747829588652033
9433,1363747622943666176
9434,1363747053696929792
9435,1363746169042726914
9436,1363746065565032450
9437,1363745339853840387
9438,1363745337127677955
9439,1363745110832332802
9440,1363744704924377090
9441,1363744077154574338
9442,1363743530930364418
9443,1363743507521941506
9444,1363743088246722560
9445,1363743055631761408
9446,1363742820662657026
9447,1363742284261564416
9448,1363742221430833152
9449,1363742122017509377
9450,1363741890332475392
9451,1363741825220169730
9452,1363741775735701504
9453,1363741679887474689
9454,1363741572563632128
9455,1363741253393936385
9456,1363739651392106497
9457,1363739464225406978
9458,1363739195030790147
9459,1363738339040493568
9460,1363738277765931008
9461,1363737787514580995
9462,1363737122390302720
9463,1363736564652789760
9464,1363736128373858307
9465,1363735819253612545
9466,1363735305535250439
9467,1363734904870166529
9468,1363734888390799362
9469,1363734573901885440
9470,1363734057700458496
9471,1363732791263961089
9472,1363732586376421378
9473,1363732406675644418
9474,1363732385276248064
9475,1363732269589028866
9476,1363731068906590210
9477,1363731050925613057
9478,1363730786948706306
9479,1363730710910152706
9480,1363730489568202755
9481,1363730407523557379
9482,1363730239730323459
9483,1363729371203334146
9484,1363729311765827588
9485,1363728586268692481
9486,1363728364692008965
9487,1363727495640580100
9488,1363727453324267525
9489,1363727420721930241
9490,1363727274802094081
9491,1363726601268117507
9492,1363726462843551744
9493,1363725925821603840
9494,1363725750591979521
9495,1363725700960833539
9496,1363725506680672256
9497,1363725496543039490
9498,1363725338275155968
9499,1363725314908696577
9500,1363724996128997383
9501,1363724766880890880
9502,1363724123319513088
9503,1363724086564773889
9504,1363724028415012866
9505,1363723426830176257
9506,1363723175255629826
9507,1363721916469624833
9508,1363721766695239680
9509,1363721214800330753
9510,1363721121485455362
9511,1363720133844357121
9512,1363720126550454273
9513,1363720093511868417
9514,1363719497631293440
9515,1363719342412685312
9516,1363718913100566529
9517,1363718882578554881
9518,1363718845417021442
9519,1363718665162661889
9520,1363718542596710401
9521,1363717298813624320
9522,1363717250738499584
9523,1363717243822088193
9524,1363717225551650823
9525,1363717104025894912
9526,1363717039022571521
9527,1363716921422737409
9528,1363716747644272643
9529,1363716220739026945
9530,1363715996721303558
9531,1363715867054387200
9532,1363715650330443778
9533,1363715603572391939
9534,1363715426732105728
9535,1363715393676857344
9536,1363715146439352326
9537,1363714739755433985
9538,1363714337773412352
9539,1363713857542316033
9540,1363713689690464257
9541,1363713298303242240
9542,1363712794919600130
9543,1363712724279185410
9544,1363712633954840578
9545,1363711723753140227
9546,1363711358064328706
9547,1363711003851182086
9548,1363710697075572737
9549,1363710481899266048
9550,1363710456511234051
9551,1363710148355751938
9552,1363709615863570434
9553,1363709589057896448
9554,1363709524570492928
9555,1363709450079600640
9556,1363709295498559495
9557,1363708925292531714
9558,1363708858741518338
9559,1363708772900884482
9560,1363708686070407171
9561,1363708675613949952
9562,1363708317110001664
9563,1363707662303657984
9564,1363707588420993024
9565,1363707522780176384
9566,1363707073775689729
9567,1363706909497438209
9568,1363706893198311424
9569,1363706576306118656
9570,1363706543850606593
9571,1363706395854528513
9572,1363706323464937474
9573,1363706216233508864
9574,1363706010683203585
9575,1363705877417652225
9576,1363705875098173440
9577,1363705822929428482
9578,1363705784299884544
9579,1363705731082575876
9580,1363705718621274114
9581,1363705469676716035
9582,1363705466019323905
9583,1363705321034809344
9584,1363705276923334660
9585,1363705097616842755
9586,1363705016796803072
9587,1363704777675337732
9588,1363704247871827968
9589,1363703796778549250
9590,1363703616033484805
9591,1363703215712313346
9592,1363703003514081282
9593,1363702799943561216
9594,1363702482644385794
9595,1363702300418703361
9596,1363701649592770562
9597,1363701566318993411
9598,1363701469367648260
9599,1363701392716800000
9600,1363701306045693952
9601,1363701245681278977
9602,1363701190177996807
9603,1363701034355478528
9604,1363701000591261696
9605,1363700987228258304
9606,1363700698320363525
9607,1363700696634253314
9608,1363700402903015425
9609,1363700142562549761
9610,1363700038803673091
9611,1363699955177816064
9612,1363699860596260866
9613,1363699809522229251
9614,1363699707831279621
9615,1363699443112026112
9616,1363699390276374528
9617,1363699151725342725
9618,1363698951216631810
9619,1363698792038502404
9620,1363698765278937089
9621,1363698510093295620
9622,1363698424181317632
9623,1363697675376484354
9624,1363697480404246529
9625,1363697259246927876
9626,1363697082188587010
9627,1363696963829563394
9628,1363696923056701443
9629,1363696407748648960
9630,1363696369291132929
9631,1363696109013651457
9632,1363695873289519104
9633,1363695474356740096
9634,1363695287647277056
9635,1363694999452471303
9636,1363692624004145159
9637,1363692490369478656
9638,1363692366331318273
9639,1363692333850632200
9640,1363691474362245121
9641,1363691176134668290
9642,1363689979667505154
9643,1363689542197403648
9644,1363689226362118146
9645,1363688473316704263
9646,1363687527845134337
9647,1363686845842866178
9648,1363686529135243264
9649,1363685987042394113
9650,1363685862534508547
9651,1363685473189822464
9652,1363685081219497984
9653,1363684530914230273
9654,1363684418393620488
9655,1363683593411846146
9656,1363683485236547590
9657,1363682625240629251
9658,1363682146389483521
9659,1363682093801345025
9660,1363682051073990660
9661,1363681339699044357
9662,1363680446425559049
9663,1363680159300276232
9664,1363680055835185154
9665,1363679608424529923
9666,1363679559577726976
9667,1363679521430523904
9668,1363679501822136324
9669,1363679022912319492
9670,1363678706833760256
9671,1363678507440738305
9672,1363678495281414150
9673,1363678244919197697
9674,1363678196114354176
9675,1363677908477370369
9676,1363677776478404608
9677,1363677584836460550
9678,1363677491781591042
9679,1363677389851615240
9680,1363677338718855169
9681,1363677156514156545
9682,1363676875919396871
9683,1363676524264701955
9684,1363676432027820033
9685,1363676371894095874
9686,1363676348313706499
9687,1363676085146255362
9688,1363676049465372672
9689,1363675672397426690
9690,1363675106501939204
9691,1363674726254530560
9692,1363674170865893384
9693,1363673948483969030
9694,1363673530534133764
9695,1363673332781117444
9696,1363671609601581056
9697,1363671279547604994
9698,1363671201051197442
9699,1363670908259491840
9700,1363670274269446144
9701,1363669843942150145
9702,1363669659158011904
9703,1363669560029810690
9704,1363669518153883649
9705,1363669109146324995
9706,1363669106973630471
9707,1363669029857157120
9708,1363668862600966146
9709,1363668798805602310
9710,1363668159228698624
9711,1363668028496486408
9712,1363667709838454787
9713,1363666745798590470
9714,1363666402805248000
9715,1363666072960962560
9716,1363665885773369346
9717,1363665683549159429
9718,1363665302089826307
9719,1363664730708201473
9720,1363664091756249090
9721,1363663771005317122
9722,1363663476955230210
9723,1363663404402171909
9724,1363663298303045640
9725,1363663263297392645
9726,1363663108020002818
9727,1363662994270519297
9728,1363662843900477441
9729,1363662464483786752
9730,1363661607310659584
9731,1363661191206350849
9732,1363660801542881283
9733,1363660578758275072
9734,1363660239111913473
9735,1363659934588624897
9736,1363659807379587073
9737,1363659561010364416
9738,1363659240079052802
9739,1363659173020508162
9740,1363658777669472256
9741,1363657943162515456
9742,1363657784659689473
9743,1363657553826045960
9744,1363657388738412548
9745,1363657131560419330
9746,1363656583369138176
9747,1363656146901417985
9748,1363655530221166593
9749,1363655319264628740
9750,1363654828770152448
9751,1363654440557961226
9752,1363654255803043841
9753,1363654131093823490
9754,1363653996003684352
9755,1363653791493607425
9756,1363652477481009153
9757,1363652427388436485
9758,1363652277618282496
9759,1363652223566110721
9760,1363652134999318530
9761,1363651991063449600
9762,1363651947526520834
9763,1363651603325018114
9764,1363651602289029122
9765,1363651326605991936
9766,1363651299166875651
9767,1363651211497517056
9768,1363651094077972482
9769,1363651093792755713
9770,1363650952511819778
9771,1363650829027278851
9772,1363650777311543304
9773,1363650758714003456
9774,1363650606041300995
9775,1363650074417463298
9776,1363649991697383426
9777,1363649614453366789
9778,1363649479849762821
9779,1363649268867878918
9780,1363649152924733442
9781,1363649130204180490
9782,1363648903246184453
9783,1363648463091757060
9784,1363648326860738560
9785,1363648298050068486
9786,1363647715977093121
9787,1363647626621681664
9788,1363647226803867652
9789,1363646233978564608
9790,1363646224662999043
9791,1363646053887725571
9792,1363645935608352775
9793,1363645669718822918
9794,1363645254709239823
9795,1363644963855228932
9796,1363644631720857600
9797,1363644347678420998
9798,1363644252354449408
9799,1363643896815906819
9800,1363643844097691649
9801,1363643657912516608
9802,1363643630649552896
9803,1363643259227168770
9804,1363643007053008900
9805,1363642985884303361
9806,1363642344902385670
9807,1363641960301535233
9808,1363641584621879298
9809,1363641429835345921
9810,1363641221961375746
9811,1363640917039734788
9812,1363640810575704065
9813,1363640554328850432
9814,1363640452638007296
9815,1363640418940944385
9816,1363640059531034628
9817,1363639939590717446
9818,1363639669162987521
9819,1363639642403180545
9820,1363639600397365248
9821,1363639082707005442
9822,1363639025916129288
9823,1363638862204002308
9824,1363638815395639299
9825,1363637570836574209
9826,1363637317043421186
9827,1363637280662056972
9828,1363637146557546496
9829,1363637136113631232
9830,1363637131092971522
9831,1363635572888268802
9832,1363635361679880198
9833,1363635270592196608
9834,1363635090169937924
9835,1363634890969911298
9836,1363634590485798921
9837,1363634546177105926
9838,1363634344804421633
9839,1363634306187468802
9840,1363634148204814338
9841,1363634100255531008
9842,1363634021746540546
9843,1363633930797281281
9844,1363633807254056962
9845,1363633773892562946
9846,1363633737079132165
9847,1363633711326052353
9848,1363633379573383168
9849,1363633349332328452
9850,1363633319896834049
9851,1363633309113331718
9852,1363633069413007363
9853,1363632704370204674
9854,1363632626733637635
9855,1363632531216687107
9856,1363632458999230469
9857,1363632424438104068
9858,1363632423632850946
9859,1363632375754878976
9860,1363632091443953666
9861,1363632091120996354
9862,1363631768969105412
9863,1363631612727025666
9864,1363631511606591491
9865,1363631442442518529
9866,1363631091391860737
9867,1363631065454247942
9868,1363630655888891906
9869,1363630389865103364
9870,1363630229449826304
9871,1363630204267151366
9872,1363630032288178177
9873,1363630024834826242
9874,1363629875224051721
9875,1363629852625141762
9876,1363629424432852992
9877,1363629048681881602
9878,1363628888312676353
9879,1363628877046775808
9880,1363628794662318082
9881,1363628773330083840
9882,1363628436774940675
9883,1363628201839329280
9884,1363628174370893827
9885,1363627462479986691
9886,1363627168387973124
9887,1363627072715976706
9888,1363627049802477571
9889,1363626924384354311
9890,1363626604962979840
9891,1363626568287879170
9892,1363626540760780800
9893,1363626428697305095
9894,1363626267581571073
9895,1363626247557947397
9896,1363626176779059200
9897,1363626090841923589
9898,1363626089839529986
9899,1363625784129241093
9900,1363625469061586945
9901,1363625362673049600
9902,1363625282645725185
9903,1363624974611845120
9904,1363624783297077251
9905,1363624768751214596
9906,1363624724815884290
9907,1363624722555092996
9908,1363624709062033413
9909,1363624681148932096
9910,1363624625725444103
9911,1363624482485788675
9912,1363624426390974464
9913,1363624314046730249
9914,1363624306039812097
9915,1363624263866068993
9916,1363624226851282946
9917,1363623959212736513
9918,1363623466864361478
9919,1363623386233131013
9920,1363623370965843970
9921,1363623269115588613
9922,1363623137334599680
9923,1363623128014999554
9924,1363623029679534080
9925,1363622833255899139
9926,1363622651550261249
9927,1363622629169635328
9928,1363622478023548933
9929,1363622443064123392
9930,1363622392342454277
9931,1363622326798086147
9932,1363622308322172930
9933,1363622271743590401
9934,1363622256996470787
9935,1363622210460508165
9936,1363622024677978113
9937,1363622022316625921
9938,1363621902993006592
9939,1363621862287101952
9940,1363621752341954567
9941,1363621744720904193
9942,1363621742317629443
9943,1363621692950646784
9944,1363621675959517193
9945,1363621663246532610
9946,1363621593142845442
9947,1363621362334642180
9948,1363621328662786050
9949,1363621164145344514
9950,1363621114585391104
9951,1363621043030667265
9952,1363621032779608064
9953,1363620927498502151
9954,1363620731343556610
9955,1363620702448988167
9956,1363620686900690944
9957,1363620666428194819
9958,1363620533716320263
9959,1363620381479768065
9960,1363620316535218177
9961,1363619911541563392
9962,1363619906944716802
9963,1363619687481937921
9964,1363619617269145602
9965,1363619598898253826
9966,1363619508162854915
9967,1363619292479119360
9968,1363619136677548037
9969,1363618864676880386
9970,1363618710645338112
9971,1363618691414446093
9972,1363618649777569796
9973,1363618609638084614
9974,1363618346084798464
9975,1363618344910356487
9976,1363617798597931009
9977,1363617570239238146
9978,1363617454765662208
9979,1363617429730033664
9980,1363617398625087490
9981,1363617253069967361
9982,1363617230878089216
9983,1363616885695275010
9984,1363616716371075075
9985,1363616590009421832
9986,1363616270881492993
9987,1363616075624153093
9988,1363616070817439747
9989,1363616061988499456
9990,1363616026240294913
9991,1363615902957199361
9992,1363615652037206018
9993,1363615559447760896
9994,1363615343328043008
9995,1363615322708860940
9996,1363615306904711169
9997,1363615244396892162
9998,1363615229569949705
9999,1363614943078047746
10000,1363614747401330696
10001,1363614642178777089
10002,1363614615700000768
10003,1363614612692721664
10004,1363614533990952964
10005,1363614526000812036
10006,1363614524457295872
10007,1363614522813124610
10008,1363614512776151044
10009,1363614505423360003
10010,1363614423676571648
10011,1363614422258888705
10012,1363614278666878978
10013,1363614218000326659
10014,1363614080049774593
10015,1363613998923538432
10016,1363613963955572736
10017,1363613794572906498
10018,1363613773936943109
10019,1363613759076499463
10020,1363613673810513927
10021,1363613574464208903
10022,1363613476007120899
10023,1363613173190811658
10024,1363613036867641346
10025,1363612876934553604
10026,1363612783317823491
10027,1363612478836465666
10028,1363612469047009283
10029,1363612457848217601
10030,1363611865851564033
10031,1363611774893887495
10032,1363611634334396417
10033,1363611624062537734
10034,1363611612842766337
10035,1363611553287856138
10036,1363611477719060488
10037,1363611405342158849
10038,1363611358609231873
10039,1363611309988839426
10040,1363611304251052033
10041,1363611185350922241
10042,1363611177201369089
10043,1363611136000671746
10044,1363610960800456704
10045,1363610915975921667
10046,1363610826003927042
10047,1363610669376016385
10048,1363610653152411651
10049,1363610650178650115
10050,1363610363632189440
10051,1363610219306188802
10052,1363610033506910208
10053,1363610027433619456
10054,1363610022660476931
10055,1363610013848207362
10056,1363610010375360513
10057,1363609929328820224
10058,1363609592589123585
10059,1363609492202602504
10060,1363609488230666240
10061,1363609474662100994
10062,1363609455796101129
10063,1363609425114763269
10064,1363609287256383490
10065,1363609201432555524
10066,1363609133124112392
10067,1363608982313725952
10068,1363608836813250571
10069,1363608784929755139
10070,1363608747562704896
10071,1363608732362559489
10072,1363608395132006402
10073,1363608318749470721
10074,1363608183651119111
10075,1363608156304257026
10076,1363608008798920706
10077,1363607926104092677
10078,1363607663288942593
10079,1363607451292073986
10080,1363607388658540549
10081,1363607333394411520
10082,1363607155123904515
10083,1363607008193175559
10084,1363606934620934145
10085,1363606925208772611
10086,1363606520475365376
10087,1363606292212965376
10088,1363606045277515778
10089,1363605801705824258
10090,1363605763298643971
10091,1363605707631788043
10092,1363605682268868608
10093,1363605664250155008
10094,1363605640577433601
10095,1363605613150834689
10096,1363605588559753221
10097,1363605404538830857
10098,1363604791851630592
10099,1363604648360374274
10100,1363604633252413449
10101,1363604616169029632
10102,1363604457695686663
10103,1363604174261395462
10104,1363604127838830596
10105,1363604121610301442
10106,1363604120700153868
10107,1363604004438216708
10108,1363603757053988864
10109,1363603625398984708
10110,1363603570252271621
10111,1363603543782006795
10112,1363603427809460227
10113,1363603224612192260
10114,1363603172258963457
10115,1363603103333945352
10116,1363602934404173831
10117,1363602810495975427
10118,1363602799997640713
10119,1363602779869220869
10120,1363602756062359553
10121,1363602736927952904
10122,1363602694888382466
10123,1363602626827472899
10124,1363602413362569218
10125,1363602320643268611
10126,1363602280990314509
10127,1363602272408764420
10128,1363602165202313217
10129,1363602161041629187
10130,1363602028786716673
10131,1363601814067830784
10132,1363601809487634436
10133,1363601702457200642
10134,1363601693246685185
10135,1363601519996772352
10136,1363601236717670404
10137,1363601208775237632
10138,1363601002398691331
10139,1363600985633996804
10140,1363600633937412101
10141,1363600374012252171
10142,1363600333612720134
10143,1363600233452683269
10144,1363600120319791112
10145,1363600101734813705
10146,1363600076317331460
10147,1363599982834647040
10148,1363599856112177156
10149,1363599854526754817
10150,1363599813086953475
10151,1363599719054868482
10152,1363599686909759488
10153,1363599653783142406
10154,1363599609159843841
10155,1363599608765677569
10156,1363599453605740548
10157,1363599327004925954
10158,1363599193747685382
10159,1363599070292500481
10160,1363599053104295939
10161,1363599042794713089
10162,1363598912037216264
10163,1363598894710616067
10164,1363598796593201155
10165,1363598796559683587
10166,1363598782164856832
10167,1363598767036002305
10168,1363598637884932105
10169,1363598610936590336
10170,1363598585615568903
10171,1363598417323192321
10172,1363598124271497217
10173,1363598097948037121
10174,1363598023662718976
10175,1363597955995942915
10176,1363597946370093058
10177,1363597519339610125
10178,1363597472178798610
10179,1363597154753871879
10180,1363597086067994625
10181,1363596927301005312
10182,1363596859122585605
10183,1363596611490893825
10184,1363596323124051968
10185,1363596237077848065
10186,1363596119327059968
10187,1363595929551577099
10188,1363595925881556997
10189,1363595878649516033
10190,1363595609408745473
10191,1363595580191232001
10192,1363595497643073542
10193,1363595386078720000
10194,1363595277664456708
10195,1363595256684548104
10196,1363595057748713472
10197,1363595057727746054
10198,1363594976538550280
10199,1363594921798750210
10200,1363594818971131905
10201,1363594716319776769
10202,1363594680630452230
10203,1363594533896941568
10204,1363594483372351490
10205,1363594278535114752
10206,1363594205004763136
10207,1363594176764522496
10208,1363594119642308614
10209,1363593800032137218
10210,1363593652983971842
10211,1363593629667905536
10212,1363593366508875779
10213,1363593288205422598
10214,1363593203807584258
10215,1363593112707358722
10216,1363592591694987265
10217,1363592512556986370
10218,1363592351403409410
10219,1363592131970011139
10220,1363592131785408519
10221,1363592005755023361
10222,1363591987392299010
10223,1363591967486210057
10224,1363591724166242307
10225,1363591685595402240
10226,1363591681505902604
10227,1363591490405093377
10228,1363591127551660037
10229,1363591067413721089
10230,1363591033867673604
10231,1363590901126332421
10232,1363590681655087107
10233,1363589950503981057
10234,1363589901846007817
10235,1363589753845788672
10236,1363589747550076940
10237,1363589379835494403
10238,1363589351263846400
10239,1363589182468292612
10240,1363589095042220038
10241,1363588688828129280
10242,1363588403200217090
10243,1363588382224486402
10244,1363588333818040328
10245,1363588278696435722
10246,1363588234979274756
10247,1363587864651567110
10248,1363587776768315392
10249,1363587768413257729
10250,1363587530885652482
10251,1363587462619148290
10252,1363587128538652674
10253,1363587038495268874
10254,1363587034061942785
10255,1363586835629375490
10256,1363586763437047814
10257,1363586740523515906
10258,1363586662165544963
10259,1363586588081598464
10260,1363586528128155648
10261,1363586463376506883
10262,1363586447547244546
10263,1363586431235592207
10264,1363586304869621762
10265,1363586112879493125
10266,1363586106516766720
10267,1363586081174740995
10268,1363586002909081600
10269,1363585493477314564
10270,1363585339932221440
10271,1363585333523214336
10272,1363585289478758400
10273,1363585007856590850
10274,1363584930706460672
10275,1363584912343851009
10276,1363584802629312519
10277,1363584719565299719
10278,1363584584848445440
10279,1363584526606295045
10280,1363584487519576078
10281,1363584446180581379
10282,1363584313242042369
10283,1363584150872215554
10284,1363584022572654595
10285,1363583812207316992
10286,1363583784180871168
10287,1363583766619447297
10288,1363583707748171779
10289,1363583670049771521
10290,1363583604073369613
10291,1363583545546076163
10292,1363583502281752577
10293,1363582882124554240
10294,1363582842798800899
10295,1363582803988856835
10296,1363582608970575874
10297,1363582396420005900
10298,1363582352824406023
10299,1363582107168231424
10300,1363582092416872452
10301,1363582074347794434
10302,1363582027887476739
10303,1363582007675084805
10304,1363581959268683778
10305,1363581731178225665
10306,1363581666833358851
10307,1363581570712563714
10308,1363581534486339584
10309,1363581521353932812
10310,1363581414025932803
10311,1363581306102292483
10312,1363581013486673920
10313,1363580891302346758
10314,1363580869668175877
10315,1363580748100489216
10316,1363580577664950272
10317,1363580491862056965
10318,1363580405832708104
10319,1363580378708127751
10320,1363580328875548673
10321,1363580317873934338
10322,1363580270717399043
10323,1363579656734199810
10324,1363579583170310146
10325,1363579488827711488
10326,1363579422381649921
10327,1363579354341662722
10328,1363579340861042691
10329,1363579177685962758
10330,1363579016633065479
10331,1363578973737914370
10332,1363578768879681537
10333,1363578034545025024
10334,1363578003159138311
10335,1363577980480589825
10336,1363577891418693634
10337,1363577625147564039
10338,1363577329201602561
10339,1363577315888930823
10340,1363577306011303936
10341,1363577300764274693
10342,1363577024850329607
10343,1363576238426718208
10344,1363576227349614593
10345,1363575981840207883
10346,1363575591358894083
10347,1363575482395066368
10348,1363575416892624896
10349,1363575401608585219
10350,1363574970174099468
10351,1363574774727913472
10352,1363574284124377089
10353,1363574208358457344
10354,1363574166415409161
10355,1363573679662186498
10356,1363573458924363779
10357,1363573282381959177
10358,1363573282251952134
10359,1363573209602412545
10360,1363573041238835200
10361,1363573017872318466
10362,1363572925123731460
10363,1363572871591845890
10364,1363572730717736962
10365,1363572639042781184
10366,1363571995456262148
10367,1363571960710647809
10368,1363571735283576843
10369,1363571710742716416
10370,1363571703293575168
10371,1363571614177181698
10372,1363571603838238725
10373,1363571573354037252
10374,1363571536691625984
10375,1363571409906249730
10376,1363571398678106119
10377,1363571371054403584
10378,1363571338825388038
10379,1363571323100872707
10380,1363571271989100546
10381,1363571253504794624
10382,1363571227349168136
10383,1363571158889623553
10384,1363570895307087876
10385,1363570716931678210
10386,1363570698883653633
10387,1363570642281504771
10388,1363570490439327752
10389,1363570299502022659
10390,1363570013806993414
10391,1363569979065524229
10392,1363569514206658564
10393,1363569502202568705
10394,1363569368626565122
10395,1363569273751425030
10396,1363569163030167554
10397,1363569015403261952
10398,1363568896930959360
10399,1363568875737133058
10400,1363568849568878594
10401,1363568795751755777
10402,1363568667645140993
10403,1363568390271565826
10404,1363568319719223301
10405,1363568175460179968
10406,1363568126525374468
10407,1363568079226212354
10408,1363568010305433602
10409,1363568008191496197
10410,1363567752959692800
10411,1363567534641991681
10412,1363567211454021636
10413,1363567003362086921
10414,1363566490562269190
10415,1363566453522378754
10416,1363566329777836040
10417,1363566177709096960
10418,1363566046637080581
10419,1363565953263542276
10420,1363565784249860097
10421,1363565713793961986
10422,1363565561972670469
10423,1363565527164211201
10424,1363565324315017222
10425,1363565147877494787
10426,1363565143465074692
10427,1363565117389090818
10428,1363565074707841029
10429,1363564809443287040
10430,1363564719009914881
10431,1363564674126647306
10432,1363564553460719619
10433,1363564515930046464
10434,1363564360866619394
10435,1363564335533072385
10436,1363564145245900806
10437,1363564069974908929
10438,1363564061993164801
10439,1363564023048978435
10440,1363563986575380483
10441,1363563963104047111
10442,1363563935656509446
10443,1363563847186067457
10444,1363563768555462656
10445,1363563624602755076
10446,1363563534479745024
10447,1363563296331354112
10448,1363563256317702145
10449,1363563108673937413
10450,1363563005716418561
10451,1363562894525423618
10452,1363562693236555777
10453,1363562660835508232
10454,1363562635975938048
10455,1363562595437969417
10456,1363562593227595783
10457,1363562555214598144
10458,1363562475837399042
10459,1363561970595684355
10460,1363561864618246148
10461,1363561747660087301
10462,1363561681562071042
10463,1363561617284292610
10464,1363561587366330370
10465,1363561185916964870
10466,1363561022062284804
10467,1363560846903902211
10468,1363560829640179714
10469,1363560827152961538
10470,1363560777291083780
10471,1363560552736382981
10472,1363560322079092741
10473,1363560291154485253
10474,1363560256702414857
10475,1363560160820482048
10476,1363560070013927426
10477,1363559816640217091
10478,1363559749141282818
10479,1363559620560715782
10480,1363559564424134656
10481,1363559523282259969
10482,1363559380164112384
10483,1363559277198249987
10484,1363558916492255232
10485,1363558851975516164
10486,1363558776406736896
10487,1363558283261403138
10488,1363558277418803204
10489,1363558253867773963
10490,1363558215309475840
10491,1363557951961710592
10492,1363557881040297985
10493,1363557803143663618
10494,1363557664224124928
10495,1363557606565023753
10496,1363557452097150980
10497,1363557421164158983
10498,1363557374632595459
10499,1363557311277658113
10500,1363557229916524548
10501,1363557194273292289
10502,1363557150254104600
10503,1363557119694430213
10504,1363557066401546240
10505,1363556786989588481
10506,1363556725857599496
10507,1363556599504199680
10508,1363556137732341760
10509,1363556086909861888
10510,1363556045990354944
10511,1363555619282763786
10512,1363555613624705032
10513,1363555360905326592
10514,1363555258794979333
10515,1363555247596134408
10516,1363555026904485888
10517,1363554991072550920
10518,1363554948638777344
10519,1363554904833486853
10520,1363554859123961862
10521,1363554784834424835
10522,1363554591984517122
10523,1363554213914161154
10524,1363553477243330561
10525,1363553381541961734
10526,1363553381378326531
10527,1363553246820859905
10528,1363553236007985161
10529,1363553181633048577
10530,1363552976204357636
10531,1363552905035448325
10532,1363552879865458688
10533,1363552820448886785
10534,1363552601598554119
10535,1363552451455037440
10536,1363552363232063492
10537,1363552024885923840
10538,1363551829418737665
10539,1363551790038458374
10540,1363551455676936196
10541,1363551325259096065
10542,1363551126306648065
10543,1363550971192868864
10544,1363550943191695369
10545,1363550941425799168
10546,1363550839739187200
10547,1363550765244174337
10548,1363550697942310912
10549,1363550288788021248
10550,1363550081467711491
10551,1363550077952946178
10552,1363549832128978945
10553,1363549760448319489
10554,1363549512720072705
10555,1363549345078005769
10556,1363549287758577667
10557,1363549176072724483
10558,1363548978621665281
10559,1363548649226194947
10560,1363548540673417216
10561,1363548431856328704
10562,1363548400751439876
10563,1363548371227672578
10564,1363548078213595136
10565,1363547789758771212
10566,1363547722259832832
10567,1363547407322087427
10568,1363547388779069443
10569,1363547384421187584
10570,1363547145773731846
10571,1363547015972610049
10572,1363546806249000965
10573,1363546715509444611
10574,1363546681443287045
10575,1363546327993434122
10576,1363546042600476674
10577,1363546034027159554
10578,1363545797476954114
10579,1363545699128913922
10580,1363545602102018049
10581,1363545573668880389
10582,1363545204310032392
10583,1363545122059792385
10584,1363545108017217541
10585,1363544927704141828
10586,1363544834917736450
10587,1363544585478234116
10588,1363544571033112581
10589,1363544569518977026
10590,1363544554654334982
10591,1363544262353256451
10592,1363544139023941632
10593,1363544090831421445
10594,1363543775902113792
10595,1363543728804274180
10596,1363543624416387072
10597,1363543598445256704
10598,1363543520078872578
10599,1363543490148319238
10600,1363543004129103876
10601,1363542954397356043
10602,1363542884096557061
10603,1363542785379467266
10604,1363542540151115776
10605,1363542415148253189
10606,1363542304083083264
10607,1363542303818809351
10608,1363542213209243650
10609,1363542171475976193
10610,1363542154925252611
10611,1363541705983741955
10612,1363541696974376966
10613,1363541562026778632
10614,1363541494477430789
10615,1363541436113817603
10616,1363541227870826497
10617,1363540785233330178
10618,1363540655952306181
10619,1363540365563805704
10620,1363540097983987714
10621,1363539832346193925
10622,1363539471443058688
10623,1363539456729505799
10624,1363539137933025282
10625,1363539091975995394
10626,1363538529503051785
10627,1363537973476737028
10628,1363537880220655618
10629,1363537740583890947
10630,1363537730555281409
10631,1363537436643631107
10632,1363537276580622336
10633,1363537021210406914
10634,1363536883221954562
10635,1363536710202773504
10636,1363536673527771145
10637,1363536568938594304
10638,1363536546478108680
10639,1363536436658655236
10640,1363536410309976074
10641,1363536271902199811
10642,1363536026548002816
10643,1363535976241455104
10644,1363535714978304001
10645,1363535332214464525
10646,1363535294826508290
10647,1363535287394172934
10648,1363535149862912009
10649,1363535089901035524
10650,1363535003611709444
10651,1363534997043437568
10652,1363534916806393856
10653,1363534908149424129
10654,1363534883763675141
10655,1363534777542918150
10656,1363534771406659588
10657,1363534654024933380
10658,1363534281277079556
10659,1363534255553466371
10660,1363534253829615616
10661,1363534199496400902
10662,1363534064406458368
10663,1363534038422675457
10664,1363534029400780812
10665,1363533966054223875
10666,1363533881799036932
10667,1363533874505142280
10668,1363533777407004679
10669,1363533776027009026
10670,1363533774118658049
10671,1363533642199408640
10672,1363533544002383877
10673,1363533291551412225
10674,1363533276166635521
10675,1363533223360356355
10676,1363533133648379909
10677,1363532920669888516
10678,1363532861849169927
10679,1363532855406698497
10680,1363532715233062914
10681,1363532464078155776
10682,1363532439377883137
10683,1363532404678406148
10684,1363532303050358786
10685,1363532255084347392
10686,1363532166693535747
10687,1363532036514975745
10688,1363532033088176131
10689,1363531792767209478
10690,1363531679931928576
10691,1363531580707401728
10692,1363531551838007299
10693,1363531312150302720
10694,1363531304457953287
10695,1363531283910037504
10696,1363531153018339335
10697,1363530769730129921
10698,1363530768702709763
10699,1363530580638498819
10700,1363530486111420416
10701,1363530454117277696
10702,1363530453047771139
10703,1363530438153748484
10704,1363530413780647940
10705,1363530389181124608
10706,1363530354510991364
10707,1363530316707729410
10708,1363530089275797511
10709,1363529974200860675
10710,1363529900553043970
10711,1363529894706245644
10712,1363529854952603649
10713,1363529637180170246
10714,1363529625931042822
10715,1363529614182780932
10716,1363528860046884871
10717,1363528706430537735
10718,1363528560267452418
10719,1363528343790960641
10720,1363528178728398854
10721,1363527290756472836
10722,1363527254802890756
10723,1363527124779417607
10724,1363527115925291017
10725,1363527061072056322
10726,1363526415245803522
10727,1363526217488564224
10728,1363526203026587653
10729,1363526015486681091
10730,1363525635314913280
10731,1363525226022207489
10732,1363525112012681222
10733,1363525055725137926
10734,1363524893585911808
10735,1363524747770880003
10736,1363524589909860353
10737,1363524433219121155
10738,1363524150669803531
10739,1363524017966219264
10740,1363523816668811265
10741,1363523660338888707
10742,1363523311142129665
10743,1363523243496386561
10744,1363522994744754181
10745,1363522985051701252
10746,1363522848044777484
10747,1363522564530843650
10748,1363522114385563650
10749,1363522082156523527
10750,1363522033636802564
10751,1363522032869203971
10752,1363521686004518915
10753,1363521644149506060
10754,1363521419439702016
10755,1363521411508293639
10756,1363521354608345093
10757,1363521332001071104
10758,1363520833789034499
10759,1363520645053763590
10760,1363520498160734208
10761,1363520247542726658
10762,1363520118467284992
10763,1363519828359839745
10764,1363519079210958853
10765,1363518764592037888
10766,1363518136302137344
10767,1363517842461782017
10768,1363517177316392961
10769,1363517134693937154
10770,1363517048576499712
10771,1363517042117214211
10772,1363516924076949506
10773,1363516912525856768
10774,1363516660804632579
10775,1363516611940990982
10776,1363516600289284099
10777,1363516508224249856
10778,1363516421246976006
10779,1363516339621617664
10780,1363516230834024448
10781,1363516011232849922
10782,1363515927699021826
10783,1363515885072371718
10784,1363515884191547397
10785,1363515731208523783
10786,1363515609175179272
10787,1363515607476547586
10788,1363515584013557765
10789,1363515476853354500
10790,1363515420423172096
10791,1363515415142535171
10792,1363515344426590210
10793,1363515272620032004
10794,1363514990901293064
10795,1363514968671412225
10796,1363514654035759109
10797,1363514642681724932
10798,1363514353207693313
10799,1363513848641318912
10800,1363513817171427331
10801,1363513391688646665
10802,1363513107063197701
10803,1363513040809959425
10804,1363512947302166529
10805,1363512785599139847
10806,1363512370266521606
10807,1363512196320399366
10808,1363512025964552194
10809,1363511979323850754
10810,1363511795411902465
10811,1363511781486952457
10812,1363511735387385860
10813,1363511725274902531
10814,1363511605246496768
10815,1363511541249810434
10816,1363511399654322177
10817,1363511378389196800
10818,1363511321141116929
10819,1363511059412365319
10820,1363510886305038337
10821,1363510878604308481
10822,1363510255066492929
10823,1363510223873470472
10824,1363510190239268867
10825,1363509898282217481
10826,1363509888362680324
10827,1363509694011232257
10828,1363509338409738240
10829,1363509291416752128
10830,1363508807452798976
10831,1363508778730090498
10832,1363508737516965894
10833,1363508720035123200
10834,1363508712426594306
10835,1363508567152726017
10836,1363507970378768386
10837,1363507863369510913
10838,1363507721635590145
10839,1363507620796071936
10840,1363507571856977923
10841,1363507087922388995
10842,1363507070482456581
10843,1363506236730318851
10844,1363506039539269633
10845,1363505960719949826
10846,1363505913332645890
10847,1363505813134970885
10848,1363505799163760641
10849,1363505772555083776
10850,1363505437438574597
10851,1363505375677472772
10852,1363505361454530563
10853,1363505055840804864
10854,1363504314409484290
10855,1363504102609666064
10856,1363504087598301188
10857,1363504037669314565
10858,1363503984087093248
10859,1363503977627865093
10860,1363503741593387009
10861,1363503672693579780
10862,1363503636035305488
10863,1363503382992945156
10864,1363503195922792454
10865,1363503136309194759
10866,1363502929307697156
10867,1363502755147571207
10868,1363502468538241024
10869,1363502310027067395
10870,1363502234001174533
10871,1363502126211747843
10872,1363501796791042048
10873,1363501530951876609
10874,1363501477545848837
10875,1363501150612381696
10876,1363500809170931713
10877,1363500636495638528
10878,1363500599212400640
10879,1363500153777381377
10880,1363500118712999940
10881,1363499787568492546
10882,1363499584329236481
10883,1363499520257118219
10884,1363499502078984195
10885,1363499493669425153
10886,1363499196410720259
10887,1363499062431989760
10888,1363498483509035017
10889,1363498344954400768
10890,1363498041186082816
10891,1363497967630512129
10892,1363497921275179014
10893,1363497648649551874
10894,1363497489941340165
10895,1363497357971779591
10896,1363497017838870528
10897,1363496918316445698
10898,1363496618369105923
10899,1363496429591887878
10900,1363496324881121280
10901,1363496189690318854
10902,1363496054235271171
10903,1363495895749263361
10904,1363495681168654337
10905,1363495305392586752
10906,1363495213914857472
10907,1363495162425577479
10908,1363495144071319554
10909,1363495141454073856
10910,1363494708174020608
10911,1363494475415375873
10912,1363493339664965632
10913,1363493042632724480
10914,1363493012207198211
10915,1363492496999915521
10916,1363492420948787203
10917,1363492420852224001
10918,1363492355471466496
10919,1363492239054430208
10920,1363492156149751809
10921,1363492019746799619
10922,1363491978332282882
10923,1363491688761741313
10924,1363491680683503619
10925,1363491429956337670
10926,1363491098757394435
10927,1363491023985508353
10928,1363490948232183816
10929,1363490683802316803
10930,1363490431703646208
10931,1363490073359093769
10932,1363490014240325634
10933,1363489960691695617
10934,1363489885722656769
10935,1363489803631738881
10936,1363489611650134022
10937,1363489537792630785
10938,1363489346788155395
10939,1363489188855873538
10940,1363489149681025027
10941,1363489112922198023
10942,1363488880675196929
10943,1363488644066136064
10944,1363488414285332483
10945,1363488321641529347
10946,1363488316147052546
10947,1363488129366306818
10948,1363488084734656517
10949,1363487967201943552
10950,1363487948130385922
10951,1363487592180822016
10952,1363487479765073920
10953,1363487033277218817
10954,1363486919401893891
10955,1363486875458101263
10956,1363486866482360325
10957,1363486828788125700
10958,1363486808013762564
10959,1363486789722378240
10960,1363486612341063680
10961,1363486609094672387
10962,1363486524889829376
10963,1363486484146376710
10964,1363486269473501188
10965,1363485934449266690
10966,1363485736062898178
10967,1363485524430905345
10968,1363485473411395591
10969,1363485365395406850
10970,1363485306805223426
10971,1363485233765617666
10972,1363484979519500288
10973,1363484915808038919
10974,1363484839878475779
10975,1363484763932274689
10976,1363484296175050754
10977,1363484168634695682
10978,1363483793647149056
10979,1363483750718459909
10980,1363483712294420483
10981,1363483708200800256
10982,1363483655826518019
10983,1363483633324064768
10984,1363483577120411650
10985,1363483555997884422
10986,1363483477669269505
10987,1363483317014790147
10988,1363483231518081029
10989,1363482429168750592
10990,1363481832927412225
10991,1363481815709855746
10992,1363481807623237633
10993,1363481769429893127
10994,1363481745916583939
10995,1363481339970920451
10996,1363480981982703617
10997,1363480839179227139
10998,1363480634514157572
10999,1363480588557115393
11000,1363480485998034947
11001,1363480449012670466
11002,1363480397682794496
11003,1363480358919032834
11004,1363480325247107073
11005,1363480294695858179
11006,1363480222289510400
11007,1363480192803631110
11008,1363480154308247552
11009,1363479738086551555
11010,1363479597657034753
11011,1363479534033661952
11012,1363479213613981697
11013,1363478951344103427
11014,1363478769323892737
11015,1363478579535781891
11016,1363478518814937088
11017,1363478231878369282
11018,1363478191990591489
11019,1363478125447938050
11020,1363477911215439872
11021,1363477892047527937
11022,1363477879745576962
11023,1363477558281596930
11024,1363477388567453700
11025,1363477376970153989
11026,1363477245696876546
11027,1363476469566046214
11028,1363476382911766528
11029,1363476175830540289
11030,1363476082188570627
11031,1363476063037255684
11032,1363476010449195010
11033,1363475953217720320
11034,1363475948448997379
11035,1363475249979928581
11036,1363475072221143043
11037,1363474912892100611
11038,1363474852393402375
11039,1363474787545325570
11040,1363474774752649223
11041,1363474596096270336
11042,1363474565939216385
11043,1363474213361876993
11044,1363474100207951874
11045,1363474083439136776
11046,1363473609029783556
11047,1363473397062242305
11048,1363473388904341504
11049,1363473291713925120
11050,1363473268389400576
11051,1363473181185605632
11052,1363472643698143233
11053,1363472633094950915
11054,1363472257612398594
11055,1363471834986000388
11056,1363471737992712192
11057,1363471543406374918
11058,1363471498187595778
11059,1363471449638526979
11060,1363471296667938822
11061,1363471293769801729
11062,1363470874188410881
11063,1363470432570138626
11064,1363470314504609795
11065,1363470285673033728
11066,1363470048673857537
11067,1363469495520657409
11068,1363469495071825921
11069,1363469448368300032
11070,1363469062941138944
11071,1363468892186832901
11072,1363468485762940930
11073,1363468425486610443
11074,1363468382725672964
11075,1363468340937768962
11076,1363468231831408640
11077,1363467801961324549
11078,1363467577629020165
11079,1363467515326775296
11080,1363467396166651908
11081,1363467255649099780
11082,1363466213897166849
11083,1363466089565454339
11084,1363466010435715072
11085,1363465998049902593
11086,1363465997424812035
11087,1363465980643594240
11088,1363465973592969219
11089,1363465968257744897
11090,1363465721666224128
11091,1363465402546798593
11092,1363465384976912388
11093,1363465257344188418
11094,1363465210108010497
11095,1363464738441621505
11096,1363464722343936005
11097,1363464539120017416
11098,1363464507335602178
11099,1363464391727996931
11100,1363464343061413898
11101,1363464203588239360
11102,1363464057139982336
11103,1363464030761984009
11104,1363463771675652097
11105,1363463546936451074
11106,1363463456737878019
11107,1363463379151712257
11108,1363462907590287360
11109,1363462540794159106
11110,1363462432488882177
11111,1363462388876533760
11112,1363462258790121472
11113,1363462192356601857
11114,1363462173201211392
11115,1363462155127959552
11116,1363462111142309889
11117,1363461956447965186
11118,1363461925590474755
11119,1363461621750857728
11120,1363461382193184769
11121,1363461331169529858
11122,1363461314308366337
11123,1363461164789870592
11124,1363461093100814336
11125,1363460485425860608
11126,1363460335953395712
11127,1363460236149940224
11128,1363460010106376199
11129,1363459833572302848
11130,1363459777259597824
11131,1363459598766796804
11132,1363459468839821313
11133,1363459458643460098
11134,1363459249632854018
11135,1363459147942031362
11136,1363458950532890624
11137,1363458685503229961
11138,1363458553495908354
11139,1363458553013485568
11140,1363458470905790467
11141,1363458447832850432
11142,1363458397450997764
11143,1363458116621389827
11144,1363457878087135235
11145,1363457778359148545
11146,1363457776933076992
11147,1363457741092749313
11148,1363457710088466435
11149,1363457644640546818
11150,1363457584779456514
11151,1363457578081083392
11152,1363457560842539010
11153,1363457544354725891
11154,1363457488197156864
11155,1363457402956361736
11156,1363457322601877506
11157,1363457197041217536
11158,1363457144985690112
11159,1363457030627991556
11160,1363456994355666944
11161,1363456959383556097
11162,1363456939993227264
11163,1363456922280722432
11164,1363456863921197056
11165,1363456822389186565
11166,1363456790571147267
11167,1363456759076126721
11168,1363456732270391299
11169,1363456698518822913
11170,1363456660010917888
11171,1363456627123380231
11172,1363456528758550529
11173,1363456527793807360
11174,1363456499528445952
11175,1363456420360953858
11176,1363456413293568001
11177,1363456388278726656
11178,1363456370066997252
11179,1363456321220132869
11180,1363456105289027584
11181,1363455969573933056
11182,1363455815819010053
11183,1363455815814897670
11184,1363455686349365248
11185,1363455448637136896
11186,1363455273181057025
11187,1363455139747688449
11188,1363455007505457156
11189,1363454950282588162
11190,1363454809748168706
11191,1363454807252566017
11192,1363454766123212802
11193,1363454694828486656
11194,1363454650159149056
11195,1363454639895699459
11196,1363454618949320704
11197,1363454574166745088
11198,1363454554692603908
11199,1363454412459540480
11200,1363454355790299139
11201,1363454169848426497
11202,1363454070208540672
11203,1363453990072107009
11204,1363453837118484483
11205,1363453705710927873
11206,1363453240893923331
11207,1363453232866066432
11208,1363453062124298242
11209,1363453013487194118
11210,1363452763657670660
11211,1363452519578537987
11212,1363452418269138946
11213,1363452155584217089
11214,1363452075498160128
11215,1363451999879114752
11216,1363451790805598208
11217,1363451703861862402
11218,1363451691316740097
11219,1363451397715464193
11220,1363451202697101315
11221,1363451146472460289
11222,1363451133818269702
11223,1363451108820197378
11224,1363451017451495426
11225,1363450762303594496
11226,1363450683488428032
11227,1363450524331311105
11228,1363450013079199746
11229,1363449929671319552
11230,1363449869290135553
11231,1363449853200789504
11232,1363449773202812929
11233,1363449534551007232
11234,1363449450748907520
11235,1363449447892582405
11236,1363449409128775684
11237,1363449225749667840
11238,1363449162575060992
11239,1363449157600567297
11240,1363448785003831297
11241,1363448745594138625
11242,1363448471773196289
11243,1363448380517613572
11244,1363448317032685569
11245,1363448314830745601
11246,1363448077202436097
11247,1363448025281146883
11248,1363447760188542978
11249,1363447301780439041
11250,1363447154723979268
11251,1363447018555867138
11252,1363446970673692673
11253,1363446511753953280
11254,1363446463850811398
11255,1363446346716446724
11256,1363446295428534273
11257,1363446191862788099
11258,1363446065924632577
11259,1363446017203597316
11260,1363445729897938950
11261,1363445437592649737
11262,1363444824096059392
11263,1363444663089307650
11264,1363444200126169088
11265,1363443686722457602
11266,1363443565272121344
11267,1363443552592809990
11268,1363443464063623174
11269,1363443444325249024
11270,1363443321276874752
11271,1363443319293042690
11272,1363443143933313027
11273,1363443069601914880
11274,1363442897757102081
11275,1363442442146635776
11276,1363442408197914624
11277,1363442380473585671
11278,1363442207974453248
11279,1363442133412282368
11280,1363441816100601856
11281,1363441755522289667
11282,1363441645476265984
11283,1363441419009093634
11284,1363441356652347392
11285,1363441207964168192
11286,1363441054062641154
11287,1363440983405395970
11288,1363440731298365441
11289,1363440649190653952
11290,1363440506353639428
11291,1363440449726410755
11292,1363440385511587841
11293,1363440319530995713
11294,1363440310378987526
11295,1363440224911687684
11296,1363440214710968324
11297,1363440211347337218
11298,1363440170901647360
11299,1363440115176071172
11300,1363439987467943937
11301,1363439572621869058
11302,1363439533082091524
11303,1363439218337472515
11304,1363438880112996358
11305,1363438875872550916
11306,1363438211335401472
11307,1363438129982697472
11308,1363437996570271745
11309,1363437221840375809
11310,1363437166009978886
11311,1363437082912391168
11312,1363437030345240578
11313,1363436891866091520
11314,1363436890159013888
11315,1363436785032957962
11316,1363436728208531456
11317,1363436326394228739
11318,1363436140091555841
11319,1363435970826285059
11320,1363435719973367809
11321,1363435579099279362
11322,1363435507552813057
11323,1363435142275039235
11324,1363435092568379393
11325,1363435048763064324
11326,1363434957423718402
11327,1363434866252120068
11328,1363433977248440321
11329,1363433921216667654
11330,1363433911347523585
11331,1363433623429517313
11332,1363433474829484032
11333,1363433288203972609
11334,1363433281211879427
11335,1363433278577999880
11336,1363433273603588097
11337,1363433235552862209
11338,1363433187259650048
11339,1363433118695309312
11340,1363432952781234183
11341,1363432882933489665
11342,1363432386004987906
11343,1363432274507669507
11344,1363432235853045763
11345,1363432165208256515
11346,1363431479737528322
11347,1363431452931723264
11348,1363431247918338049
11349,1363431139055173632
11350,1363430855914446848
11351,1363430762368937988
11352,1363430603555807233
11353,1363430492519821314
11354,1363430427709624323
11355,1363430020669038593
11356,1363429786262061059
11357,1363429559438348288
11358,1363429525464494081
11359,1363429460431818754
11360,1363429424604012544
11361,1363429364864589826
11362,1363428951616536576
11363,1363428857664143360
11364,1363428849862774784
11365,1363428616856567811
11366,1363428253340471296
11367,1363428250358149121
11368,1363428193471000577
11369,1363428102110662660
11370,1363427996124733442
11371,1363427988117725185
11372,1363427547380350979
11373,1363427425846255618
11374,1363426976225251329
11375,1363426802165760002
11376,1363426638302752777
11377,1363425848083243010
11378,1363425709511876610
11379,1363425557443149827
11380,1363425256489238529
11381,1363425221060022279
11382,1363425167221923841
11383,1363424948002381827
11384,1363424813403037696
11385,1363424473098063874
11386,1363424466529890306
11387,1363424293833572354
11388,1363424270110572544
11389,1363424162581250052
11390,1363424161616527364
11391,1363424151915085826
11392,1363424024307634178
11393,1363424011506626560
11394,1363424002824413188
11395,1363423945169526786
11396,1363423740638412800
11397,1363422993121234945
11398,1363422882253176832
11399,1363422847432089604
11400,1363422415691350017
11401,1363421847157678082
11402,1363421791792824323
11403,1363421727607296005
11404,1363421563970850816
11405,1363421431816683520
11406,1363421169718874114
11407,1363421130799927297
11408,1363421078102622208
11409,1363421068111859712
11410,1363420950016892931
11411,1363420810598301697
11412,1363420665135693825
11413,1363420568108871681
11414,1363420220841459714
11415,1363419840057401346
11416,1363419806519721985
11417,1363419417938432002
11418,1363418987380539398
11419,1363418906661167106
11420,1363418869264568320
11421,1363418828693250049
11422,1363418817209204737
11423,1363418792072798208
11424,1363418410026217474
11425,1363418222972829698
11426,1363418056299536386
11427,1363417736039321601
11428,1363417650710388741
11429,1363417631412408327
11430,1363417427787337732
11431,1363417384590188547
11432,1363417290147057667
11433,1363417075633557504
11434,1363416963431735296
11435,1363416925418754050
11436,1363416901012123648
11437,1363416870443958273
11438,1363416788776718337
11439,1363416715061780480
11440,1363416647533551617
11441,1363416061589258247
11442,1363415945893588993
11443,1363415844148178944
11444,1363415794915414016
11445,1363415789534126081
11446,1363415638262362114
11447,1363415590304706561
11448,1363415561376567299
11449,1363415427238404096
11450,1363415423492845569
11451,1363415130478960643
11452,1363414837506752518
11453,1363414713959333889
11454,1363414593079549952
11455,1363414464272470016
11456,1363414317270503428
11457,1363413929037352963
11458,1363413864294068225
11459,1363413789048266752
11460,1363413666914263040
11461,1363413323648278531
11462,1363413155506913281
11463,1363413090377887746
11464,1363413088213626880
11465,1363413082203189249
11466,1363412731890720768
11467,1363412442601172993
11468,1363412275122622465
11469,1363412003428122627
11470,1363411911048654850
11471,1363411864353464322
11472,1363411600502308866
11473,1363411491072917507
11474,1363411400664711170
11475,1363411377499611141
11476,1363411204153241601
11477,1363410768029483009
11478,1363410264658497537
11479,1363410232463007744
11480,1363410226993577984
11481,1363410011293122562
11482,1363409987918299136
11483,1363409974353887233
11484,1363409853243396098
11485,1363409595071397889
11486,1363409482362019843
11487,1363409373498761217
11488,1363409164005965824
11489,1363409027972161537
11490,1363408733192286216
11491,1363408645397098499
11492,1363408430262845441
11493,1363408378060562436
11494,1363408194442297344
11495,1363407320068333572
11496,1363406897416658946
11497,1363406855217819651
11498,1363406631137128450
11499,1363406612728320000
11500,1363406604100591616
11501,1363406553395712004
11502,1363406112977002496
11503,1363405944747675649
11504,1363405715222708226
11505,1363405598885371904
11506,1363405543394709510
11507,1363405221641265156
11508,1363405191693885441
11509,1363405145661452290
11510,1363404761442222081
11511,1363404685797974019
11512,1363404365801865219
11513,1363404000670973954
11514,1363403676887494657
11515,1363403469114249216
11516,1363403459014328323
11517,1363403311748157440
11518,1363403258690232321
11519,1363403234728108033
11520,1363403082168590336
11521,1363402871694389248
11522,1363402361738317826
11523,1363401686836985859
11524,1363401561377021955
11525,1363401470993977347
11526,1363401436164468736
11527,1363401432381202433
11528,1363401427452911616
11529,1363401222712143877
11530,1363401011600228352
11531,1363400080028553217
11532,1363400059640029186
11533,1363400036302925827
11534,1363399838805741574
11535,1363399695477989379
11536,1363399467437879296
11537,1363399352090300418
11538,1363398641411571714
11539,1363398135582752772
11540,1363397692995604481
11541,1363397677145284608
11542,1363395924890951683
11543,1363395752626692096
11544,1363395454625587210
11545,1363395241458470912
11546,1363394580717195265
11547,1363394549641584642
11548,1363394242526253056
11549,1363394132350291968
11550,1363394038104264705
11551,1363394007494197248
11552,1363393534791995396
11553,1363393154259501056
11554,1363393146563010560
11555,1363393023153999874
11556,1363392971576606722
11557,1363392870917496834
11558,1363392757549654023
11559,1363392757176406024
11560,1363392713383673858
11561,1363392539450032130
11562,1363392032266412033
11563,1363391956248846336
11564,1363391917099253761
11565,1363391691647025153
11566,1363390990313226249
11567,1363390930519273472
11568,1363390813556924419
11569,1363390740114595840
11570,1363390715699617793
11571,1363390524300939264
11572,1363390499504193537
11573,1363390499315462145
11574,1363390327453863936
11575,1363390075678167041
11576,1363390068921167873
11577,1363389893511151621
11578,1363389609481240576
11579,1363389546688348160
11580,1363389484545564672
11581,1363389251547717632
11582,1363389077815443457
11583,1363388919186939904
11584,1363388710193102849
11585,1363388571793715200
11586,1363388483461672963
11587,1363388314942906373
11588,1363387982594547719
11589,1363387649105539072
11590,1363387354401169409
11591,1363387244388749313
11592,1363387066776756224
11593,1363386772777033729
11594,1363386545466732545
11595,1363385700935217152
11596,1363385696518561792
11597,1363385391076753409
11598,1363385291457855488
11599,1363384173034168320
11600,1363383651422134273
11601,1363383643218010113
11602,1363383488691453952
11603,1363383321116434432
11604,1363383091050512386
11605,1363382951942225922
11606,1363382951682207747
11607,1363382939095040001
11608,1363382938340102146
11609,1363382578607247362
11610,1363382518175662081
11611,1363382382527733760
11612,1363382281721765890
11613,1363382229561462787
11614,1363382137626492929
11615,1363382071067107329
11616,1363381989835956226
11617,1363381093349613568
11618,1363380342716059649
11619,1363380035298742272
11620,1363379882659610624
11621,1363379806906236928
11622,1363379735393361920
11623,1363379441259274243
11624,1363379387358396416
11625,1363379012958060547
11626,1363378963419119619
11627,1363378922814070786
11628,1363378731449004034
11629,1363378623487565831
11630,1363377787734810625
11631,1363377752125104130
11632,1363377238314541061
11633,1363376658036781056
11634,1363376305325154315
11635,1363376150580400130
11636,1363375937144913922
11637,1363375750305492995
11638,1363375109428420610
11639,1363374942591533058
11640,1363374897674780673
11641,1363374716426280962
11642,1363374682666397696
11643,1363374578437918721
11644,1363374056028913665
11645,1363373120745308160
11646,1363372600525750272
11647,1363372531290374150
11648,1363371998269833217
11649,1363371936752017410
11650,1363370743103447045
11651,1363370597032591362
11652,1363369392776568833
11653,1363369336874954753
11654,1363369249859854339
11655,1363369110701301765
11656,1363369097292111873
11657,1363368672123891713
11658,1363368653819887617
11659,1363368640507183110
11660,1363368413343678465
11661,1363368276840116224
11662,1363367876577665030
11663,1363367535991808005
11664,1363367289811312642
11665,1363367131321163777
11666,1363366419132534784
11667,1363365932442222594
11668,1363365609858363394
11669,1363365349924741120
11670,1363365213962203136
11671,1363364882842869760
11672,1363364842615287810
11673,1363364494970355713
11674,1363364408198631425
11675,1363364355711131649
11676,1363364230192369667
11677,1363364115490758657
11678,1363362816586055681
11679,1363362431133749249
11680,1363361937162178560
11681,1363361916043866112
11682,1363361677610205184
11683,1363361265868025857
11684,1363359902434013184
11685,1363359548518596610
11686,1363359545397899264
11687,1363359024645873669
11688,1363358838859173892
11689,1363358697276268545
11690,1363358349220315137
11691,1363357969069592579
11692,1363357895660883968
11693,1363357890015358978
11694,1363357579922051076
11695,1363357261570138113
11696,1363357059689906176
11697,1363356665798656002
11698,1363356493777690627
11699,1363356341411151874
11700,1363356267784372224
11701,1363356178357567490
11702,1363356063618248705
11703,1363355896416522240
11704,1363355362263511048
11705,1363355160513232899
11706,1363355028975681537
11707,1363355001784053765
11708,1363354538460254209
11709,1363354367315869698
11710,1363354276093964288
11711,1363353848857956352
11712,1363353779517739010
11713,1363353516576804866
11714,1363353360628396032
11715,1363352753645363203
11716,1363352720799916032
11717,1363351763617787905
11718,1363351549213368328
11719,1363350807152893954
11720,1363350193018650624
11721,1363349915003478020
11722,1363349613596532738
11723,1363349342531239941
11724,1363349270120792065
11725,1363349168916467712
11726,1363348729978314752
11727,1363348574449336321
11728,1363348441594810369
11729,1363348317044883460
11730,1363348237042782209
11731,1363348130490646528
11732,1363347341617598464
11733,1363347131747233793
11734,1363346993540644866
11735,1363345963608375296
11736,1363345403811418113
11737,1363345391454986245
11738,1363345201813614592
11739,1363344876159516672
11740,1363344320124891141
11741,1363344310733836291
11742,1363344078763622400
11743,1363344021071007744
11744,1363343761590386689
11745,1363343697555853312
11746,1363343613074300928
11747,1363343588537548808
11748,1363343414973116423
11749,1363343007924297730
11750,1363342861908004866
11751,1363342829465001984
11752,1363341733950554112
11753,1363341330995380231
11754,1363341053403820034
11755,1363340883022733315
11756,1363340692714631169
11757,1363340036465430530
11758,1363339780004720642
11759,1363339595010703362
11760,1363339477624709122
11761,1363339368430190593
11762,1363339225924591617
11763,1363338981409247235
11764,1363338875012268033
11765,1363338868410507266
11766,1363338679666827264
11767,1363338289516859395
11768,1363338151306162179
11769,1363338139734007808
11770,1363338091231076354
11771,1363337026221801472
11772,1363336974145355779
11773,1363336861993889793
11774,1363336802027847680
11775,1363336757895380993
11776,1363336737628561410
11777,1363336684339933184
11778,1363336638118694913
11779,1363336461509091329
11780,1363336455821660161
11781,1363336446871015426
11782,1363336378642272261
11783,1363336281078571008
11784,1363335678034137091
11785,1363335631397662722
11786,1363335313775497216
11787,1363335233140047872
11788,1363334990075990017
11789,1363334960644575235
11790,1363334040443449349
11791,1363333859098689540
11792,1363333645168242688
11793,1363333589484662785
11794,1363333565765869568
11795,1363333387721863168
11796,1363333365731119105
11797,1363333341274120192
11798,1363332464614211584
11799,1363332426211221506
11800,1363332220145041417
11801,1363332064670593025
11802,1363331467259084801
11803,1363331375445782530
11804,1363331359507439618
11805,1363331206595686400
11806,1363331108675465216
11807,1363331060403175425
11808,1363330907923431425
11809,1363330851828809734
11810,1363330728956747778
11811,1363330545795665927
11812,1363330060242087937
11813,1363329416504426499
11814,1363328926114852869
11815,1363328458135379976
11816,1363328125891973122
11817,1363326476733579267
11818,1363326336035528705
11819,1363326299016753152
11820,1363325628922138628
11821,1363325073575313408
11822,1363325067975778307
11823,1363325063366336517
11824,1363324919036186624
11825,1363324869304279052
11826,1363324430630477832
11827,1363323941981458441
11828,1363323680114229250
11829,1363323542767550465
11830,1363323481694367755
11831,1363323065153773571
11832,1363323009927438337
11833,1363322558557356032
11834,1363321136218595328
11835,1363320981603942402
11836,1363320599116976129
11837,1363319635635040259
11838,1363319425030643712
11839,1363319309733396480
11840,1363318926298517504
11841,1363318658496405512
11842,1363318374068068352
11843,1363318161836228608
11844,1363317720465502212
11845,1363317611082244098
11846,1363317351404498949
11847,1363317161717096449
11848,1363316795168415745
11849,1363316263699812361
11850,1363315939324923904
11851,1363315614354399232
11852,1363315002497671171
11853,1363314843080605696
11854,1363314283057192960
11855,1363314262827966466
11856,1363314113133359104
11857,1363313810682109954
11858,1363313708580110341
11859,1363313480170930178
11860,1363313093502197771
11861,1363312673845297154
11862,1363312623719186433
11863,1363312037884022794
11864,1363311968266903559
11865,1363311892534603778
11866,1363311549864157187
11867,1363311281189621762
11868,1363310685946585089
11869,1363310455712862212
11870,1363310206625710081
11871,1363310023967965188
11872,1363310012450435072
11873,1363309963599298560
11874,1363309840278249476
11875,1363308961902956544
11876,1363308647049273353
11877,1363308340680474627
11878,1363308197134630912
11879,1363307827507449857
11880,1363307374379950080
11881,1363307049292038145
11882,1363306948255506441
11883,1363306766642085888
11884,1363306559695187969
11885,1363305903542460420
11886,1363305226363498496
11887,1363305071610630145
11888,1363305021228666883
11889,1363304959656288261
11890,1363304906334097415
11891,1363304754571603974
11892,1363303949600710667
11893,1363303697665687553
11894,1363303637129302017
11895,1363303633765466112
11896,1363303603625222146
11897,1363303478009995266
11898,1363303140595015683
11899,1363303126128861184
11900,1363303006997995520
11901,1363302125166592001
11902,1363301723679391747
11903,1363301506141806592
11904,1363300613946236930
11905,1363300062818938881
11906,1363299592092209152
11907,1363299045406609412
11908,1363298884563464192
11909,1363298703470116871
11910,1363298156327370753
11911,1363298075012399106
11912,1363297907340943362
11913,1363296941266755585
11914,1363296852276371456
11915,1363296381729923079
11916,1363296167363239936
11917,1363296055115284480
11918,1363295875728961536
11919,1363295708850376704
11920,1363295602424090624
11921,1363295538628673538
11922,1363295280637112320
11923,1363295274471415808
11924,1363295036511817729
11925,1363294625692340226
11926,1363294541466501121
11927,1363294461187522569
11928,1363294084274786305
11929,1363293932008968198
11930,1363293849997742085
11931,1363293467997315079
11932,1363293445868183557
11933,1363293421352456192
11934,1363293231790886912
11935,1363293186312003585
11936,1363293001750036481
11937,1363292355755868161
11938,1363292301561376769
11939,1363292252865503233
11940,1363292189179133953
11941,1363291849054642176
11942,1363291767165120515
11943,1363291373370236934
11944,1363291154834481157
11945,1363291085230002176
11946,1363290893764157442
11947,1363290837145288707
11948,1363290698179637248
11949,1363290570106503172
11950,1363290350266245126
11951,1363290341852463104
11952,1363290293332807681
11953,1363290266594074624
11954,1363290127385194496
11955,1363290083563102210
11956,1363290057839423492
11957,1363290012796784644
11958,1363289833934704649
11959,1363289616569229312
11960,1363289256404353035
11961,1363289239337730048
11962,1363289131200245764
11963,1363288922902695943
11964,1363288885464334337
11965,1363288625451065345
11966,1363288592982962183
11967,1363288543272001541
11968,1363288214719578112
11969,1363288213226479616
11970,1363287762066169858
11971,1363287722614534146
11972,1363287615475187714
11973,1363287572676567043
11974,1363287550052487169
11975,1363287265993187329
11976,1363286584712450052
11977,1363286228767043589
11978,1363286079667920897
11979,1363286035778703361
11980,1363285886692122628
11981,1363285669221699584
11982,1363285636678103041
11983,1363285394591252482
11984,1363285315050475521
11985,1363285221161005064
11986,1363284242139086848
11987,1363284095594283014
11988,1363284030515462154
11989,1363283977386262529
11990,1363283953059266562
11991,1363283658736627715
11992,1363283569326620672
11993,1363283449558228996
11994,1363283184872529921
11995,1363283078635008007
11996,1363282895536848896
11997,1363282831867322375
11998,1363282708076654600
11999,1363282677185597441
12000,1363282343004405761
12001,1363282290097278977
12002,1363282166239670272
12003,1363282043296186369
12004,1363282034450432002
12005,1363282024086274049
12006,1363281974278897665
12007,1363281965957406725
12008,1363281752643547137
12009,1363281508891516928
12010,1363281213084078085
12011,1363280926696955904
12012,1363280821193486336
12013,1363280735671627776
12014,1363280645590573058
12015,1363280465797521410
12016,1363280266211586048
12017,1363279847821365250
12018,1363279570825342979
12019,1363279531977494530
12020,1363279099138093057
12021,1363279059740950529
12022,1363278904056832001
12023,1363278814613286923
12024,1363278790219161601
12025,1363278762238967808
12026,1363278749542842368
12027,1363278729846341635
12028,1363278717687132163
12029,1363278694941405189
12030,1363278553912127489
12031,1363278074167635969
12032,1363277935407341569
12033,1363277307159453699
12034,1363277258396475393
12035,1363277108550787072
12036,1363276876236673035
12037,1363276538540658694
12038,1363276340783443970
12039,1363276166799441921
12040,1363276010242908160
12041,1363276001896185857
12042,1363275791061176321
12043,1363275713957216259
12044,1363275696391548930
12045,1363275503860211713
12046,1363275482641420289
12047,1363275353192595457
12048,1363275330136465410
12049,1363275235060043781
12050,1363275108798889984
12051,1363275016792649728
12052,1363274870906380290
12053,1363274789809512448
12054,1363274657877659648
12055,1363274622209155073
12056,1363274620246220800
12057,1363274493976846338
12058,1363274480404074498
12059,1363274470065111046
12060,1363274322601791490
12061,1363274178191896577
12062,1363273797701427200
12063,1363273400475656195
12064,1363273320448327681
12065,1363273314261680130
12066,1363272938435321858
12067,1363272392789925889
12068,1363272189101957126
12069,1363271952790609920
12070,1363271655330631680
12071,1363271556097540098
12072,1363271438933889026
12073,1363271025870467074
12074,1363270738736783364
12075,1363270684449927169
12076,1363270634298564610
12077,1363270619597520899
12078,1363270581769166850
12079,1363270341787856900
12080,1363270257520091137
12081,1363270013155749888
12082,1363269843554865153
12083,1363269797379796992
12084,1363269754191024134
12085,1363269752752398339
12086,1363269484631519233
12087,1363269342016770050
12088,1363269240481079296
12089,1363269106057834496
12090,1363268821277097987
12091,1363268518049951748
12092,1363268205230235648
12093,1363268201904136199
12094,1363268024590082052
12095,1363267973071441923
12096,1363267882549977092
12097,1363267790925402114
12098,1363267765608579074
12099,1363267686487195648
12100,1363267463341867008
12101,1363267404294467587
12102,1363267382282698752
12103,1363267272794664963
12104,1363267150924951553
12105,1363266731003817992
12106,1363266510802812928
12107,1363266470621437957
12108,1363266319517323265
12109,1363266317449449477
12110,1363266213217005568
12111,1363266038721306629
12112,1363265903404724227
12113,1363265900678443009
12114,1363265866352189441
12115,1363265594997563393
12116,1363265550890266631
12117,1363265355150471168
12118,1363265326260101127
12119,1363265164829687808
12120,1363264963633176583
12121,1363264878161625093
12122,1363264696309137416
12123,1363264684971941890
12124,1363264659030163459
12125,1363264635093278722
12126,1363264631532359688
12127,1363264613568110595
12128,1363264546673156096
12129,1363264514918080512
12130,1363264468520730625
12131,1363264435914178563
12132,1363264013455536130
12133,1363263967704059909
12134,1363263958472359941
12135,1363263883541172227
12136,1363263852339728388
12137,1363263677932199938
12138,1363263633820700675
12139,1363263607824343047
12140,1363263551163535360
12141,1363263550433734656
12142,1363263529411891200
12143,1363263518825414657
12144,1363263508507418626
12145,1363263505571454976
12146,1363263325677699075
12147,1363263309122859016
12148,1363263184317149191
12149,1363262890501881857
12150,1363262791956758530
12151,1363262434518138880
12152,1363262253848547329
12153,1363262181345796098
12154,1363261942467616769
12155,1363261789694291969
12156,1363261654285320192
12157,1363261598543003650
12158,1363261540779106310
12159,1363261417483304960
12160,1363261403369529346
12161,1363261384033783808
12162,1363261368992956422
12163,1363261099987111936
12164,1363260476021473284
12165,1363260428231581696
12166,1363260347696754688
12167,1363260045220343817
12168,1363259909861736449
12169,1363259718240731138
12170,1363259448697970688
12171,1363258980974399488
12172,1363258807384735744
12173,1363258646222766082
12174,1363258356937461764
12175,1363258205250478080
12176,1363257987402448901
12177,1363257741901463554
12178,1363257713099161606
12179,1363257454331584514
12180,1363257362295971840
12181,1363257326816403457
12182,1363257282625159168
12183,1363257262702125058
12184,1363257218183880709
12185,1363257080803639298
12186,1363256955670827010
12187,1363256883335884802
12188,1363256703354085380
12189,1363256555089637381
12190,1363256498760081408
12191,1363256416786604035
12192,1363256319222968321
12193,1363256233961140224
12194,1363256196682178560
12195,1363256168978726912
12196,1363256035654443008
12197,1363256013663698946
12198,1363255988476907532
12199,1363255901839372289
12200,1363255858528980995
12201,1363255775964106761
12202,1363255363794010114
12203,1363255160298962944
12204,1363255111926091782
12205,1363255047686148103
12206,1363254955864453120
12207,1363254888529035264
12208,1363254872053846017
12209,1363254740184829952
12210,1363254478087020544
12211,1363254121772572673
12212,1363253891236827138
12213,1363253727289876491
12214,1363253692607172610
12215,1363253570339016704
12216,1363253430253481987
12217,1363253341262905344
12218,1363253313924460544
12219,1363253313039433728
12220,1363253287303184393
12221,1363253187638157314
12222,1363253170265284614
12223,1363252939679272967
12224,1363252916530909184
12225,1363252778370555906
12226,1363252718656229382
12227,1363252622241779717
12228,1363252615027507202
12229,1363252571809447936
12230,1363252513760284672
12231,1363252343148527620
12232,1363251762300354561
12233,1363251641361829889
12234,1363251634751614976
12235,1363251600584761348
12236,1363251414756122634
12237,1363251409970466816
12238,1363251379293335555
12239,1363251310083063821
12240,1363251309944700932
12241,1363251106755788800
12242,1363251082806366212
12243,1363250844955795463
12244,1363250680954314756
12245,1363250554789634051
12246,1363250515581300741
12247,1363250495364734981
12248,1363250489429794816
12249,1363250370730991616
12250,1363250348123693056
12251,1363250305199136770
12252,1363250186001252361
12253,1363249920082382848
12254,1363249911047815170
12255,1363249625759686661
12256,1363249609670352897
12257,1363249583594340357
12258,1363249570625413120
12259,1363249534458019841
12260,1363249442929971204
12261,1363249150708633605
12262,1363249062082977793
12263,1363249053191049217
12264,1363248894491176963
12265,1363248846369927174
12266,1363248780783603719
12267,1363248696817811464
12268,1363248589514899459
12269,1363248134864961539
12270,1363248010239619076
12271,1363247945097895939
12272,1363247930719821830
12273,1363247909890904064
12274,1363247506579202048
12275,1363247420843438083
12276,1363247247727673344
12277,1363247080492453896
12278,1363247068681297926
12279,1363247034053111808
12280,1363247011621969927
12281,1363246917468176392
12282,1363246868847820810
12283,1363246814724579333
12284,1363246802242318337
12285,1363246700584927237
12286,1363246573837254661
12287,1363246556737110016
12288,1363246436767399938
12289,1363246385609457665
12290,1363246363820118016
12291,1363246232240594944
12292,1363246222195249156
12293,1363246079672729606
12294,1363245975683411969
12295,1363245865297674242
12296,1363245835274887169
12297,1363245834901544961
12298,1363245803784065026
12299,1363245711027019783
12300,1363245664105299979
12301,1363245478339559432
12302,1363245477605605377
12303,1363245372253097990
12304,1363245027598757898
12305,1363244920463581186
12306,1363244848875208714
12307,1363244706222792704
12308,1363244482863521793
12309,1363244115853475843
12310,1363244001185439744
12311,1363243990196383747
12312,1363243979605704713
12313,1363243817290371073
12314,1363243772474236931
12315,1363243635089768451
12316,1363243599241052160
12317,1363243562029187079
12318,1363243419540283392
12319,1363243339508760579
12320,1363243110537527296
12321,1363243032674451458
12322,1363242762716512256
12323,1363242746903945220
12324,1363242680252268544
12325,1363242673851805708
12326,1363242466950938626
12327,1363242371945799706
12328,1363242355416006657
12329,1363242338672386050
12330,1363242212205723654
12331,1363242098309419008
12332,1363241863768064008
12333,1363241460024434688
12334,1363241452336263174
12335,1363241349412233217
12336,1363241341770108929
12337,1363241310589698049
12338,1363241134965870592
12339,1363240885354442756
12340,1363240809970216967
12341,1363240774998097923
12342,1363240697424457730
12343,1363240569129099264
12344,1363240465877843980
12345,1363240303348580355
12346,1363240141200842753
12347,1363239848149200904
12348,1363239771473125376
12349,1363239624852840448
12350,1363239565599928325
12351,1363239554656960520
12352,1363239368283070473
12353,1363239217158107137
12354,1363238832028663812
12355,1363238827985428495
12356,1363238824399241218
12357,1363238759840567308
12358,1363238521167892480
12359,1363238441190834183
12360,1363238327202291716
12361,1363238142371913729
12362,1363238052638957574
12363,1363237994178699265
12364,1363237992006111239
12365,1363237851488522242
12366,1363237841552236544
12367,1363237780546068481
12368,1363237756718219265
12369,1363237701856727042
12370,1363237622257242112
12371,1363237610303463425
12372,1363237268140490753
12373,1363237002099982339
12374,1363236839302258690
12375,1363236805026451457
12376,1363236784596000770
12377,1363236575656763392
12378,1363236555251449858
12379,1363236417586032647
12380,1363236412213108741
12381,1363236129705758720
12382,1363235981059649547
12383,1363235927464771586
12384,1363235921517289473
12385,1363235882610921474
12386,1363235830601576456
12387,1363235791892320261
12388,1363235334860005383
12389,1363235333568147456
12390,1363235041833340935
12391,1363235018521382913
12392,1363234567197450240
12393,1363234344207343616
12394,1363234321021210625
12395,1363234319041445890
12396,1363234249042755589
12397,1363234218810179585
12398,1363234166918234112
12399,1363234090258939906
12400,1363234035519156224
12401,1363234032931246084
12402,1363233774264287238
12403,1363233399117406209
12404,1363233134976901120
12405,1363233045780852739
12406,1363233034603032584
12407,1363232959013285891
12408,1363232954017841159
12409,1363232910808088583
12410,1363232806483197952
12411,1363232765697736706
12412,1363232696944705540
12413,1363232688346435593
12414,1363232667647561735
12415,1363232557681283075
12416,1363232336742133768
12417,1363232300885037063
12418,1363232215212167173
12419,1363232061335691264
12420,1363231829675945984
12421,1363231794330492931
12422,1363231670070050817
12423,1363231552222683137
12424,1363231520610263050
12425,1363231484946112523
12426,1363231176069103620
12427,1363231151914160129
12428,1363231004224335876
12429,1363230961329188871
12430,1363230638728486913
12431,1363230623788326920
12432,1363230565139374083
12433,1363230538677501960
12434,1363230306103406598
12435,1363230179905175557
12436,1363230173970247680
12437,1363230147256573954
12438,1363230121168093184
12439,1363229840565014540
12440,1363229785770590208
12441,1363229777872769026
12442,1363229673652682752
12443,1363229584460759046
12444,1363229575803731970
12445,1363229560586838016
12446,1363229466223398919
12447,1363229331649101833
12448,1363229171716079619
12449,1363228869822730245
12450,1363228794249699334
12451,1363228359023542276
12452,1363228250558914560
12453,1363228249703219210
12454,1363228179549274117
12455,1363228033772101640
12456,1363227968542244866
12457,1363227629441155080
12458,1363227551569690630
12459,1363227247386238978
12460,1363227011234336768
12461,1363226958889422853
12462,1363226929097297933
12463,1363226901616201730
12464,1363226865092149252
12465,1363226857047474176
12466,1363226846372970503
12467,1363226823841230851
12468,1363226758707830796
12469,1363226595918548993
12470,1363226556794044417
12471,1363226515794759690
12472,1363226455111532544
12473,1363226373540761601
12474,1363225990818914305
12475,1363225858253676547
12476,1363225802645540865
12477,1363225799311183872
12478,1363225789848772608
12479,1363225789458771976
12480,1363225647024205827
12481,1363225526513639428
12482,1363225461581578245
12483,1363225444502372352
12484,1363225313820487680
12485,1363225187794227206
12486,1363224945627521025
12487,1363224895052800000
12488,1363224868012118020
12489,1363224849150337027
12490,1363224672104546304
12491,1363224531826077703
12492,1363224351911337990
12493,1363224159103377408
12494,1363224008167161856
12495,1363223927271682052
12496,1363223915863154697
12497,1363223881083977731
12498,1363223847416303624
12499,1363223809462042627
12500,1363223777203679232
12501,1363223729132732427
12502,1363223721444524033
12503,1363223715782287361
12504,1363223661361119232
12505,1363223605316882438
12506,1363223459107635200
12507,1363223371471814658
12508,1363223316929126402
12509,1363223219935858696
12510,1363223122707701762
12511,1363222785150095366
12512,1363222662575583233
12513,1363222527464660994
12514,1363222517486354433
12515,1363221953558020097
12516,1363221583930785794
12517,1363221440930152448
12518,1363221389277290500
12519,1363221359459983363
12520,1363221357547253760
12521,1363221354913427456
12522,1363221304162287622
12523,1363221239893004289
12524,1363221222046244868
12525,1363221205084495880
12526,1363221199040503812
12527,1363221157445578762
12528,1363221137308680193
12529,1363220580527448071
12530,1363220573090938881
12531,1363220244781752322
12532,1363220243238289409
12533,1363220083703754756
12534,1363220077726810113
12535,1363219998144143360
12536,1363219979445952517
12537,1363219834482352130
12538,1363219800328183808
12539,1363219651308769280
12540,1363219423490957314
12541,1363219375139000322
12542,1363219289151537153
12543,1363219011270541314
12544,1363218843636760576
12545,1363218379801264135
12546,1363218371454644227
12547,1363218351653322760
12548,1363218340337119237
12549,1363218269923119104
12550,1363218255536603138
12551,1363218159071879170
12552,1363218028666773510
12553,1363217688865161217
12554,1363217530819665925
12555,1363217496485019648
12556,1363217372665028608
12557,1363217111431184385
12558,1363217106502877190
12559,1363216870019596290
12560,1363216803992854529
12561,1363216758405029895
12562,1363216596135780369
12563,1363216333278760961
12564,1363216259219914752
12565,1363216199501414402
12566,1363216052570710017
12567,1363215737712762883
12568,1363215652933300225
12569,1363215586768134146
12570,1363215530518319104
12571,1363215363857657859
12572,1363215184853147653
12573,1363215157623676928
12574,1363215142914301959
12575,1363215142717161473
12576,1363214696816537604
12577,1363214551530012682
12578,1363214155608698885
12579,1363214038231101442
12580,1363214018605891588
12581,1363213700455424004
12582,1363213207557591047
12583,1363213156072513538
12584,1363213147784511497
12585,1363213068197629954
12586,1363213055795068930
12587,1363212581037555712
12588,1363212573215227912
12589,1363212515392380930
12590,1363212496362999815
12591,1363212459511701504
12592,1363212421561802752
12593,1363212316318253056
12594,1363212274484314117
12595,1363212151331172358
12596,1363212124475052032
12597,1363212068330098697
12598,1363211695271903232
12599,1363211672064847878
12600,1363211611977240579
12601,1363211481114947590
12602,1363211414953943043
12603,1363211384666939396
12604,1363211372146929669
12605,1363211341708881926
12606,1363211223710457861
12607,1363211210599108611
12608,1363210954427793413
12609,1363210952703795210
12610,1363210926904774656
12611,1363210912195375104
12612,1363210695559503877
12613,1363210525828653063
12614,1363210519889534984
12615,1363210461169205249
12616,1363210384015040514
12617,1363210333268160516
12618,1363210319737352194
12619,1363210291736158209
12620,1363209960151203859
12621,1363209873496805376
12622,1363209827254751234
12623,1363209713010302981
12624,1363209536962707459
12625,1363209493748867076
12626,1363209453143736320
12627,1363209314433986561
12628,1363209114407628800
12629,1363209021528891395
12630,1363208976947687429
12631,1363208947306528773
12632,1363208865291067393
12633,1363208832088997894
12634,1363208801793544193
12635,1363208737150877710
12636,1363208710584217600
12637,1363208628786917385
12638,1363208610482966528
12639,1363208573396934660
12640,1363208331079385091
12641,1363208326692171776
12642,1363208151575769092
12643,1363208067811262464
12644,1363208054897000448
12645,1363207885438803970
12646,1363207660280172545
12647,1363207588842717185
12648,1363207509142622214
12649,1363207507603259393
12650,1363207431615045633
12651,1363207428809125890
12652,1363207400564674565
12653,1363207165192863754
12654,1363207071798280197
12655,1363207004840480768
12656,1363206712405225474
12657,1363206676850081792
12658,1363206492506251265
12659,1363206489842810888
12660,1363206479780720645
12661,1363206383706001412
12662,1363206117267021838
12663,1363206116302352391
12664,1363206112829440002
12665,1363206032198107137
12666,1363206025080414211
12667,1363205914434686985
12668,1363205653381152772
12669,1363205579519500289
12670,1363205499324420101
12671,1363205443238187018
12672,1363205403413262336
12673,1363205317807505418
12674,1363205309087551493
12675,1363205307657318401
12676,1363205257002631168
12677,1363204914634186767
12678,1363204821231284226
12679,1363204560181985288
12680,1363204272070877190
12681,1363204244409614342
12682,1363204194300268550
12683,1363203858806280195
12684,1363203841613791237
12685,1363203633702125573
12686,1363203439279411208
12687,1363203421503905795
12688,1363203243728392194
12689,1363203150283431940
12690,1363203107174383617
12691,1363202839678492676
12692,1363202823169716225
12693,1363202740256710659
12694,1363202656014110723
12695,1363202421175033860
12696,1363202367911583744
12697,1363202305466769412
12698,1363202015665545222
12699,1363201960938250245
12700,1363201873948385289
12701,1363201847142604801
12702,1363201758831333376
12703,1363201755622871041
12704,1363201399576793089
12705,1363201160396562432
12706,1363201112996741121
12707,1363201088321650691
12708,1363200885258616832
12709,1363200761165938689
12710,1363200630282665986
12711,1363200580030709765
12712,1363200398752968704
12713,1363200242901012481
12714,1363200148432650243
12715,1363200091511803904
12716,1363200032472780809
12717,1363199880433442817
12718,1363199770664325120
12719,1363199726301179906
12720,1363199659276197895
12721,1363199602816667651
12722,1363199512630747136
12723,1363199498604920836
12724,1363199267687567367
12725,1363198916439797760
12726,1363198535928340487
12727,1363198465711476745
12728,1363198324472438789
12729,1363198278368690184
12730,1363198173024571392
12731,1363198066493423617
12732,1363197998512173057
12733,1363197980615008262
12734,1363197980514414600
12735,1363197937350803457
12736,1363197744702234627
12737,1363197734560407556
12738,1363197684643946496
12739,1363197638439546884
12740,1363197635708993536
12741,1363197599164080130
12742,1363197560450670594
12743,1363197417185828866
12744,1363197357886693378
12745,1363197285920833542
12746,1363197184913604615
12747,1363196960484769795
12748,1363196884786024457
12749,1363196792737824778
12750,1363196437585133569
12751,1363196397147869185
12752,1363196258358288384
12753,1363196098672799744
12754,1363196005882212354
12755,1363195955160432642
12756,1363195916321230848
12757,1363195752009334796
12758,1363195718035513348
12759,1363195483087400964
12760,1363195350723436544
12761,1363195047357906946
12762,1363194799780728839
12763,1363194515184566272
12764,1363194469424771072
12765,1363194292165107712
12766,1363194287157108738
12767,1363194262226141190
12768,1363194198950899719
12769,1363194117107421186
12770,1363194010689544194
12771,1363193733743849477
12772,1363193681650601985
12773,1363193676218961920
12774,1363193366196944903
12775,1363193026110185483
12776,1363192982489468932
12777,1363192966916018186
12778,1363192964202127368
12779,1363192919369388033
12780,1363192825232334849
12781,1363192691501248518
12782,1363192667090415622
12783,1363192653538619393
12784,1363192627395493891
12785,1363192587939643393
12786,1363192387858743302
12787,1363192308632588289
12788,1363192183717822470
12789,1363192147059613706
12790,1363192113219989510
12791,1363192032957779973
12792,1363191892754784258
12793,1363191889470627855
12794,1363191876757692420
12795,1363191767034658817
12796,1363191740082053121
12797,1363191695274369027
12798,1363191689335037956
12799,1363191689175855106
12800,1363191689125367808
12801,1363191653062868998
12802,1363191630090686464
12803,1363191458237272064
12804,1363191382886801409
12805,1363191225982078976
12806,1363190889611485184
12807,1363190885362634752
12808,1363190819977637889
12809,1363190771810267138
12810,1363190617807945737
12811,1363190588758249474
12812,1363190518642049025
12813,1363190270318231556
12814,1363190254698651650
12815,1363190245819371522
12816,1363190178018435072
12817,1363190020832710669
12818,1363190003778654216
12819,1363189865513369600
12820,1363189851974164495
12821,1363189804024930304
12822,1363189801911017473
12823,1363189755874340864
12824,1363189589310078976
12825,1363189468874891267
12826,1363189442895376384
12827,1363189317313695753
12828,1363189249722511360
12829,1363189212879740929
12830,1363189191161618439
12831,1363189186858262533
12832,1363189182504579074
12833,1363189018800885760
12834,1363188920125698048
12835,1363188803947659270
12836,1363188755234971653
12837,1363188742991839233
12838,1363188738726240256
12839,1363188522405023747
12840,1363188295295975425
12841,1363188187515023368
12842,1363188138668142595
12843,1363188091226324993
12844,1363187754658578440
12845,1363187713759993859
12846,1363187650413424640
12847,1363187601851764736
12848,1363187341490274307
12849,1363187309898833920
12850,1363187072673153030
12851,1363186987402936320
12852,1363186947708092416
12853,1363186877881339908
12854,1363186793449938944
12855,1363186773749334021
12856,1363186364028760066
12857,1363186354008465410
12858,1363186234785484804
12859,1363186122160037890
12860,1363185871734910976
12861,1363185727912218632
12862,1363185595556716544
12863,1363185584227950596
12864,1363185526271074304
12865,1363185516221448193
12866,1363185355474755590
12867,1363185246045417477
12868,1363185044441997314
12869,1363184850946166787
12870,1363184403946569728
12871,1363184346773995520
12872,1363184160945434630
12873,1363184066217017356
12874,1363183715468390403
12875,1363183534983290880
12876,1363183439013433347
12877,1363183430985539586
12878,1363183375226458125
12879,1363183264161275904
12880,1363183189590740995
12881,1363182255372460032
12882,1363182134484226051
12883,1363181899120844803
12884,1363181721970216962
12885,1363181699304214528
12886,1363181592492052484
12887,1363181557184356353
12888,1363181492587925506
12889,1363181243651743746
12890,1363181114253336580
12891,1363181053511368712
12892,1363180943041789953
12893,1363180854223245315
12894,1363180793078677506
12895,1363180792600477703
12896,1363180790381752320
12897,1363180706340474881
12898,1363180576333791237
12899,1363180521879134209
12900,1363180282971648009
12901,1363180253120786433
12902,1363180000866893826
12903,1363179799083114498
12904,1363179698084274180
12905,1363179660503310336
12906,1363179642249699343
12907,1363179608905043969
12908,1363179506496847874
12909,1363179436724609030
12910,1363179292352536577
12911,1363179257703370760
12912,1363179200782487553
12913,1363179068636729344
12914,1363179063016366080
12915,1363179019005534216
12916,1363179007936770050
12917,1363178869847687171
12918,1363178753292132356
12919,1363178675869540352
12920,1363178629321138177
12921,1363178609410600963
12922,1363178541542764544
12923,1363178106207547396
12924,1363178062242865157
12925,1363177909805068289
12926,1363177770931658758
12927,1363177730687328261
12928,1363177640727896064
12929,1363177535773827073
12930,1363177511438401537
12931,1363177473505132552
12932,1363177277987713029
12933,1363177196454608899
12934,1363177123364675594
12935,1363177086345699330
12936,1363177084244361220
12937,1363177043266064388
12938,1363177008327315457
12939,1363176927222202373
12940,1363176867738624001
12941,1363176754144292867
12942,1363176751262797828
12943,1363176741263593472
12944,1363176702789234689
12945,1363176635168661509
12946,1363176618274000897
12947,1363176576326766596
12948,1363176523973410817
12949,1363176443182796800
12950,1363176371879612416
12951,1363176278153691137
12952,1363176249590480914
12953,1363176222986014726
12954,1363176151028543491
12955,1363176148386144256
12956,1363176036641484802
12957,1363175977174581256
12958,1363175858115125250
12959,1363175845523775490
12960,1363175759674761217
12961,1363175694163927045
12962,1363175673867735040
12963,1363175664703188999
12964,1363175645220638727
12965,1363175638744641536
12966,1363175631073267715
12967,1363175599548862469
12968,1363175560676048901
12969,1363175554187464711
12970,1363175210761994246
12971,1363175128054562820
12972,1363174958046797826
12973,1363174907568410624
12974,1363174891118338049
12975,1363174868066463744
12976,1363174865281376260
12977,1363174838186237960
12978,1363174828992299011
12979,1363174797144948743
12980,1363174773971378180
12981,1363174565443227648
12982,1363174557763440645
12983,1363174496170094593
12984,1363174448124334084
12985,1363174304637202443
12986,1363174241278038026
12987,1363174202631745539
12988,1363174169970700293
12989,1363174150106447880
12990,1363174139750662150
12991,1363174129688526848
12992,1363174126970634243
12993,1363174105722290191
12994,1363174076517408771
12995,1363173970489573378
12996,1363173871126478855
12997,1363173813538725888
12998,1363173676577873922
12999,1363173658680778752
13000,1363173556432097281
13001,1363173548454469637
13002,1363173495455293444
13003,1363173428254171140
13004,1363173403826528265
13005,1363173402899587076
13006,1363173399024041987
13007,1363173352538583040
13008,1363173282372059140
13009,1363172659257835527
13010,1363172641230778372
13011,1363172539913150473
13012,1363172522376585220
13013,1363172521152028673
13014,1363172505553424385
13015,1363172467112611841
13016,1363172433436553216
13017,1363172410913087495
13018,1363172404978192386
13019,1363172339173703680
13020,1363172228595134465
13021,1363172139730403328
13022,1363172123506860034
13023,1363171944217075713
13024,1363171919902703623
13025,1363171800549621760
13026,1363171773815128065
13027,1363171673873276931
13028,1363171628167880705
13029,1363171609348091907
13030,1363171607821357059
13031,1363171552016138242
13032,1363171205839286279
13033,1363171190530015234
13034,1363171182317559809
13035,1363171176269418498
13036,1363171101774389250
13037,1363171088906285061
13038,1363171056840830976
13039,1363171033407254532
13040,1363171000150618112
13041,1363170955040808963
13042,1363170882760421378
13043,1363170762643939333
13044,1363170747192066048
13045,1363170626664615941
13046,1363170561543839746
13047,1363170491566071811
13048,1363170408997019650
13049,1363170400264454144
13050,1363170383411769344
13051,1363170298275778561
13052,1363170266289963009
13053,1363170200460398593
13054,1363170184953962498
13055,1363169990841671689
13056,1363169980842471429
13057,1363169973506629635
13058,1363169911963541510
13059,1363169909639946241
13060,1363169872893652994
13061,1363169821827997696
13062,1363169757353148421
13063,1363169407598546951
13064,1363169289717624835
13065,1363169233681711112
13066,1363169039984562185
13067,1363168974901551113
13068,1363168934527180803
13069,1363168782408114181
13070,1363168668465704962
13071,1363168541961314309
13072,1363168426060107777
13073,1363168291905298432
13074,1363168203615195137
13075,1363167781458497536
13076,1363167767801774091
13077,1363167698142830594
13078,1363167007844220929
13079,1363166942413135884
13080,1363166855335133184
13081,1363166845369544706
13082,1363166613739036672
13083,1363166543576768519
13084,1363166523334873089
13085,1363166451226533888
13086,1363166221718413313
13087,1363166147986792450
13088,1363166054256701442
13089,1363165981724598282
13090,1363165968067870722
13091,1363165956768423938
13092,1363165909829885953
13093,1363165861943590915
13094,1363165833468518402
13095,1363165801214337032
13096,1363165712261464064
13097,1363165700853014528
13098,1363165620519522310
13099,1363165602416910350
13100,1363165510532288513
13101,1363165361206661120
13102,1363165351404519427
13103,1363165212925435905
13104,1363165194218799104
13105,1363165007110889474
13106,1363164998462242821
13107,1363164982133850118
13108,1363164819449401346
13109,1363164753938546689
13110,1363164753221349378
13111,1363164608794660867
13112,1363164600070455298
13113,1363164565861728265
13114,1363164375658487808
13115,1363164181705486336
13116,1363164150092988422
13117,1363164100491149313
13118,1363163951186534400
13119,1363163899428802566
13120,1363163898065657863
13121,1363163600140054528
13122,1363163585459945478
13123,1363163516312702976
13124,1363162814182027269
13125,1363162654089609218
13126,1363162538221981698
13127,1363162241051332608
13128,1363162161925804038
13129,1363162116476334082
13130,1363162100374339584
13131,1363161906517839873
13132,1363161798971711489
13133,1363161772144922625
13134,1363161615101788160
13135,1363161588413390852
13136,1363161542473179138
13137,1363161451305848839
13138,1363161440815878151
13139,1363161389712424962
13140,1363161385857908737
13141,1363161367235211268
13142,1363161324398645257
13143,1363161308229742595
13144,1363161082974642177
13145,1363161049818673155
13146,1363160992625029122
13147,1363160855345569794
13148,1363160850580783112
13149,1363160783602020356
13150,1363160753344249856
13151,1363160733798793217
13152,1363160645378711555
13153,1363160642920792068
13154,1363160590739505162
13155,1363160564130865155
13156,1363160313076600834
13157,1363160299268882439
13158,1363160275042582532
13159,1363159976076804103
13160,1363159771445153797
13161,1363159731800596486
13162,1363159674225360908
13163,1363159665132077056
13164,1363158986355269633
13165,1363158929425850372
13166,1363158742020333568
13167,1363158719794667522
13168,1363158679164452864
13169,1363158653256278025
13170,1363158599955066886
13171,1363158480606162949
13172,1363158357494923270
13173,1363158090019991559
13174,1363158060030697473
13175,1363157872507580418
13176,1363157599294607364
13177,1363157549491638276
13178,1363157140697939977
13179,1363156987576524804
13180,1363156978923675653
13181,1363156804193169412
13182,1363156794210680836
13183,1363156457924001794
13184,1363156439439708162
13185,1363156202872569860
13186,1363155962438299655
13187,1363155841583509511
13188,1363155812177371141
13189,1363155720498208771
13190,1363155501425561601
13191,1363155476335251459
13192,1363155449562955778
13193,1363155445574225922
13194,1363155418713890816
13195,1363155275872690176
13196,1363155093848272896
13197,1363155030447185921
13198,1363154795910090753
13199,1363154778310778883
13200,1363154698396696586
13201,1363154678234677251
13202,1363154658840244238
13203,1363154473506529280
13204,1363154430863036420
13205,1363154180681191426
13206,1363153919732572164
13207,1363153804531752965
13208,1363153436959727618
13209,1363153370018635776
13210,1363153236178464769
13211,1363153169048625155
13212,1363153163340103682
13213,1363153156268507138
13214,1363152764075978758
13215,1363152761538441219
13216,1363152641551958019
13217,1363152508475109378
13218,1363152346864353283
13219,1363152198675406848
13220,1363152148654096385
13221,1363152020950155267
13222,1363152010019819522
13223,1363151903543209988
13224,1363151603352674307
13225,1363151514542477313
13226,1363151487522770947
13227,1363151391292801025
13228,1363151303468326912
13229,1363151240092405766
13230,1363150658363359232
13231,1363150627065516037
13232,1363150551349944321
13233,1363150249217425409
13234,1363150150194126852
13235,1363149666112729091
13236,1363149629475414018
13237,1363149384544845827
13238,1363149361497182210
13239,1363148905433731076
13240,1363148814593449992
13241,1363148697635332097
13242,1363148473286217732
13243,1363147787827879938
13244,1363147613395177473
13245,1363147591001767947
13246,1363147532679979009
13247,1363147217809342464
13248,1363146905736253441
13249,1363146821460242434
13250,1363146615037526016
13251,1363146361336696837
13252,1363146093568159746
13253,1363146014295797768
13254,1363145894800031747
13255,1363145683981713410
13256,1363145408718004225
13257,1363145273833385989
13258,1363145267059585027
13259,1363145260591964161
13260,1363145132489416711
13261,1363145073106550793
13262,1363144758059761665
13263,1363144718381703168
13264,1363144632310317058
13265,1363144528383860736
13266,1363144467151265794
13267,1363144333445238784
13268,1363144297655242753
13269,1363144111700779010
13270,1363144093828841478
13271,1363144050900090883
13272,1363144037998469124
13273,1363143930792071169
13274,1363143756141191172
13275,1363143685060390916
13276,1363143512863170560
13277,1363143388170776576
13278,1363143111954857994
13279,1363142710757064708
13280,1363142627432882181
13281,1363142590334435332
13282,1363142545866424326
13283,1363142509740896258
13284,1363142497409642502
13285,1363142253116555267
13286,1363142168433618946
13287,1363142008202809350
13288,1363141992616775680
13289,1363141969535467526
13290,1363141907887648771
13291,1363141713833955329
13292,1363141383066947587
13293,1363141365509447683
13294,1363141343040700424
13295,1363141272370896904
13296,1363141238367670273
13297,1363140954753032195
13298,1363140954283257867
13299,1363140790105632777
13300,1363140670614044674
13301,1363140651056041985
13302,1363140597985513483
13303,1363140562673688580
13304,1363140416351203332
13305,1363140272897548291
13306,1363140265180078083
13307,1363140160129540097
13308,1363140100150992897
13309,1363139854251532292
13310,1363139703495606274
13311,1363139557546471424
13312,1363139146278125576
13313,1363139101705256965
13314,1363139016833568773
13315,1363138993630625794
13316,1363138699492552705
13317,1363138682006495234
13318,1363138321434750977
13319,1363138220788187137
13320,1363138177410695175
13321,1363138129021046786
13322,1363137923231711236
13323,1363137774153572352
13324,1363137765093892097
13325,1363137592561131521
13326,1363137503495086080
13327,1363137485455376385
13328,1363137254726774786
13329,1363137194798575621
13330,1363137126766903300
13331,1363137117715587074
13332,1363137102175690753
13333,1363137067358781444
13334,1363137060752789508
13335,1363136809950183426
13336,1363136785124118528
13337,1363136670825123842
13338,1363136659374690307
13339,1363136283846070272
13340,1363136082674651136
13341,1363135993201577986
13342,1363135967054487553
13343,1363135829640683520
13344,1363135754117996545
13345,1363135189342441472
13346,1363135073004961799
13347,1363134993485213701
13348,1363134837981388801
13349,1363134674458071044
13350,1363134584414683137
13351,1363134391950671872
13352,1363133839044972547
13353,1363133718622330883
13354,1363133450476285955
13355,1363133385716228103
13356,1363133258008039426
13357,1363133024980914180
13358,1363132675045883906
13359,1363132616862552066
13360,1363132401170415622
13361,1363132397626261507
13362,1363132343595266048
13363,1363132324104265738
13364,1363132008524886016
13365,1363131749119774723
13366,1363131708476948481
13367,1363131624402092032
13368,1363131591241924608
13369,1363131582635270146
13370,1363131465337368577
13371,1363131243391557640
13372,1363130718650564615
13373,1363130627642515462
13374,1363130622739439618
13375,1363130549439725571
13376,1363130271114092547
13377,1363130139849199619
13378,1363129472816398340
13379,1363129126375325699
13380,1363128926483189760
13381,1363128900818264067
13382,1363128881973231621
13383,1363128841196236806
13384,1363128830815305731
13385,1363128748862799872
13386,1363128710149382146
13387,1363128323916849164
13388,1363128252341059584
13389,1363128197563490305
13390,1363128139757535240
13391,1363128044660137985
13392,1363127919577546752
13393,1363127847607554048
13394,1363127826887684098
13395,1363127822747901955
13396,1363127336921612291
13397,1363127115965730816
13398,1363127056951889926
13399,1363126912986587150
13400,1363126807059443715
13401,1363126527865614339
13402,1363126402632085504
13403,1363126385821294597
13404,1363126373464825861
13405,1363126339805577218
13406,1363126310156070919
13407,1363126303034064898
13408,1363126261883629574
13409,1363126188349272067
13410,1363126182020083720
13411,1363126028164595715
13412,1363125976184537095
13413,1363125580477120517
13414,1363125563037212674
13415,1363125446024466438
13416,1363125245754900481
13417,1363125185063358464
13418,1363125100309061638
13419,1363124999792525315
13420,1363124711388028933
13421,1363124584443224066
13422,1363124323993718784
13423,1363124274249281543
13424,1363124234504048648
13425,1363124105072046085
13426,1363124060608212993
13427,1363123878629900291
13428,1363123792017514498
13429,1363123541865029634
13430,1363123447660879874
13431,1363123423778603029
13432,1363123384926756864
13433,1363123263413641217
13434,1363123219700604937
13435,1363123182287392779
13436,1363122943635693573
13437,1363122874882658305
13438,1363122733085786113
13439,1363122688651382786
13440,1363122261822218240
13441,1363122236064993282
13442,1363121933026492418
13443,1363121782123859968
13444,1363121764944007178
13445,1363121761223598090
13446,1363121472697470979
13447,1363121416971972611
13448,1363121354665562112
13449,1363120972950368261
13450,1363120440433139713
13451,1363120317791674368
13452,1363120282244898817
13453,1363120280357527555
13454,1363120272975486979
13455,1363120188753854465
13456,1363120172421308419
13457,1363119969370800129
13458,1363119824453459968
13459,1363119622468296707
13460,1363119605577736198
13461,1363119434609668097
13462,1363119424694333448
13463,1363118858396176390
13464,1363118805799612425
13465,1363118706587557892
13466,1363118352475041802
13467,1363118267800420353
13468,1363118172392591367
13469,1363118137802190851
13470,1363118125517070337
13471,1363117936110669824
13472,1363117666773438464
13473,1363117585382916097
13474,1363117361184845827
13475,1363117241051602944
13476,1363117113116884994
13477,1363117109090344961
13478,1363116920103456771
13479,1363116693678129159
13480,1363116335358738436
13481,1363115979463655425
13482,1363115871443578881
13483,1363115817076809735
13484,1363115292558303233
13485,1363114955092983820
13486,1363114776826687500
13487,1363114522928689153
13488,1363114469543526405
13489,1363114339583033346
13490,1363114300806729730
13491,1363114277146681345
13492,1363113993351684097
13493,1363113908916129794
13494,1363113677604483072
13495,1363113656893009920
13496,1363113651859783681
13497,1363113572008677376
13498,1363113487153643520
13499,1363113232861437953
13500,1363113006113165314
13501,1363112995396722692
13502,1363112857626419203
13503,1363112813590417408
13504,1363112635126992898
13505,1363112285821149185
13506,1363111995789238278
13507,1363111351019839490
13508,1363111321231908870
13509,1363110770825904130
13510,1363110768208666624
13511,1363110738882162692
13512,1363110650269097984
13513,1363110621923966978
13514,1363110413433516036
13515,1363110306831032320
13516,1363110139570585604
13517,1363110090090442752
13518,1363109952651427843
13519,1363109942874542082
13520,1363109873672716289
13521,1363109852852150276
13522,1363109744416878593
13523,1363109664012042247
13524,1363109381936713728
13525,1363109330908819458
13526,1363109277435654153
13527,1363109234838233089
13528,1363109224205725698
13529,1363109030466625538
13530,1363108993556701184
13531,1363108963169021957
13532,1363108879903698945
13533,1363108874430070784
13534,1363108581311197184
13535,1363108546905276421
13536,1363108460255186948
13537,1363108438591602690
13538,1363108436582490120
13539,1363108367473004544
13540,1363108282303471623
13541,1363108227534237699
13542,1363108154532270080
13543,1363108147800408066
13544,1363108123087634442
13545,1363107937665826818
13546,1363107631045427203
13547,1363107613962027009
13548,1363107568546025484
13549,1363107383887753219
13550,1363107369715175424
13551,1363107177108549633
13552,1363107000100470785
13553,1363106998120767489
13554,1363106927643918338
13555,1363106568322056196
13556,1363106313283260417
13557,1363106229913059330
13558,1363105901465505792
13559,1363105900215627778
13560,1363105796012318720
13561,1363105019390791682
13562,1363104983940534273
13563,1363104888952135682
13564,1363104443819040769
13565,1363104252869107713
13566,1363104209462317059
13567,1363104085034078212
13568,1363104043762122758
13569,1363103967744524291
13570,1363103921363955718
13571,1363103844125839361
13572,1363103747090616320
13573,1363103564357378049
13574,1363103494966812675
13575,1363103480802590721
13576,1363103314511020032
13577,1363103267010580480
13578,1363103253135785986
13579,1363103032309932035
13580,1363103010520526849
13581,1363102816408137729
13582,1363102679187259392
13583,1363102585083879425
13584,1363102350383063045
13585,1363102283014234116
13586,1363101856143179778
13587,1363101371243855876
13588,1363101191572488194
13589,1363101051759509505
13590,1363100853125713921
13591,1363100449633689601
13592,1363100144833622016
13593,1363099953535549442
13594,1363099544926515202
13595,1363099398285254656
13596,1363099287106826240
13597,1363099278122643459
13598,1363099257138515972
13599,1363099236401885190
13600,1363098958348906499
13601,1363098638508052480
13602,1363098588834918411
13603,1363098383695634433
13604,1363098352259391494
13605,1363098201096609793
13606,1363098172273344517
13607,1363097997563805696
13608,1363097909496012800
13609,1363097837886705665
13610,1363097655346425856
13611,1363097545690533894
13612,1363097523141963776
13613,1363097522944802819
13614,1363097467437395971
13615,1363097320007606273
13616,1363097280786538496
13617,1363097059440615426
13618,1363096977723035648
13619,1363096930503507970
13620,1363096918180716547
13621,1363096905799057408
13622,1363096864401293312
13623,1363096804263346176
13624,1363096748193964036
13625,1363096697820299265
13626,1363096653620793344
13627,1363096613061820416
13628,1363096569369812993
13629,1363096551644626945
13630,1363096522867539973
13631,1363096494094573572
13632,1363096445377740801
13633,1363096392605069314
13634,1363096383411138564
13635,1363096327530414080
13636,1363096285650309121
13637,1363096240532160512
13638,1363096203731365891
13639,1363096199243382784
13640,1363096143060688899
13641,1363096101193199619
13642,1363096064962793472
13643,1363096064350425092
13644,1363096060340576269
13645,1363096015725879302
13646,1363095935195185153
13647,1363095867364937730
13648,1363095820292263936
13649,1363095782258311170
13650,1363095779292950532
13651,1363095769247584258
13652,1363095721784844291
13653,1363095581363683328
13654,1363095521125142529
13655,1363095288290938881
13656,1363095209287053314
13657,1363095109806489600
13658,1363095103527616512
13659,1363095040566956038
13660,1363094525321830400
13661,1363094447626407938
13662,1363094409806569476
13663,1363094056105095172
13664,1363093997196091392
13665,1363093930192089090
13666,1363093909715492864
13667,1363093882741944320
13668,1363093760456990722
13669,1363093746204758018
13670,1363093554877267969
13671,1363093318658383872
13672,1363093220360663041
13673,1363093118166462464
13674,1363092846669012998
13675,1363092053555613697
13676,1363091963986198530
13677,1363091724910919680
13678,1363091637275160576
13679,1363091504105988096
13680,1363091427710935046
13681,1363091277701664772
13682,1363091257388650498
13683,1363091172219101185
13684,1363091019819057162
13685,1363090934653718531
13686,1363090889527164938
13687,1363090744219688962
13688,1363090648732233733
13689,1363090421908439040
13690,1363090211337609217
13691,1363090127531171844
13692,1363090056341291011
13693,1363089934815555588
13694,1363089665910276099
13695,1363089618720202755
13696,1363089563506405376
13697,1363089503674658818
13698,1363089449693941760
13699,1363089439027822593
13700,1363089271758983175
13701,1363089168969129986
13702,1363089108898373632
13703,1363088915046027268
13704,1363088746271408135
13705,1363088688914309125
13706,1363088636116426754
13707,1363088511151185920
13708,1363088286542143489
13709,1363088274139537408
13710,1363088256938766336
13711,1363088250445963265
13712,1363088167180591104
13713,1363088147815489537
13714,1363088082292064256
13715,1363088042895020032
13716,1363087962720845828
13717,1363087955464761347
13718,1363087889274466304
13719,1363087884568440834
13720,1363087597636096000
13721,1363087258769760256
13722,1363087122777964546
13723,1363087089668157441
13724,1363087087180926976
13725,1363087059280355336
13726,1363086969027366914
13727,1363086925637312516
13728,1363086724163895297
13729,1363086692635271171
13730,1363086655951953920
13731,1363086543628472322
13732,1363086295929655298
13733,1363086244587204610
13734,1363085970627772416
13735,1363085849785757697
13736,1363085609221373954
13737,1363085557975416832
13738,1363085434725752837
13739,1363085235529916417
13740,1363084983552909313
13741,1363084895795429377
13742,1363084690035458049
13743,1363084610477907968
13744,1363084544921001984
13745,1363084498846556160
13746,1363084429757980673
13747,1363084421163851776
13748,1363084162341740545
13749,1363084043458383872
13750,1363084041629667329
13751,1363083771600273408
13752,1363083711047172102
13753,1363083690851598337
13754,1363083634442444806
13755,1363083492951752705
13756,1363083111056179202
13757,1363083058497400834
13758,1363083026863972352
13759,1363083013140189187
13760,1363082990197342208
13761,1363082931691016193
13762,1363082681253326848
13763,1363082434636570629
13764,1363082433906827268
13765,1363082401254096896
13766,1363082357381734401
13767,1363082330617831425
13768,1363082066691305472
13769,1363081761127825420
13770,1363081691351445505
13771,1363081389776732160
13772,1363081383678271488
13773,1363081298139578368
13774,1363081292389249028
13775,1363081203595833347
13776,1363081163032711168
13777,1363081106178867200
13778,1363081103670726660
13779,1363081074184749058
13780,1363080963379449858
13781,1363080842415927296
13782,1363080840226373635
13783,1363080720193847297
13784,1363080672227823618
13785,1363080621510320130
13786,1363080478505512961
13787,1363080360033157120
13788,1363080353875910658
13789,1363080317393924097
13790,1363080218882297856
13791,1363080023402549249
13792,1363079872260825091
13793,1363079338065858562
13794,1363079212073181184
13795,1363079062978232321
13796,1363078981227081728
13797,1363078832002015238
13798,1363078575268777985
13799,1363078189405396995
13800,1363078072736632832
13801,1363077925881413633
13802,1363077787372957697
13803,1363077305753550848
13804,1363076740160106496
13805,1363076730181844992
13806,1363076690054905856
13807,1363075926305644544
13808,1363075844718084102
13809,1363075546331119618
13810,1363075327593877505
13811,1363075056570671105
13812,1363074956809093122
13813,1363074949204836352
13814,1363074511365697536
13815,1363074418470232065
13816,1363074401835638787
13817,1363074269727629314
13818,1363073808656179200
13819,1363073717929148416
13820,1363073507639320579
13821,1363072791994540032
13822,1363072593482420226
13823,1363072497122443266
13824,1363072490550005760
13825,1363072176258248706
13826,1363072070188478466
13827,1363071989175508992
13828,1363071571326361605
13829,1363071142840438784
13830,1363070983385538560
13831,1363070967833128962
13832,1363070604488953857
13833,1363070484452175876
13834,1363070230914809856
13835,1363069664541216769
13836,1363069635244007425
13837,1363069515505033217
13838,1363069325763088384
13839,1363068747955724290
13840,1363068582800850945
13841,1363068537322024961
13842,1363068470456422407
13843,1363067828442652674
13844,1363066776301535232
13845,1363066676867174404
13846,1363066631161868288
13847,1363066594600120326
13848,1363066342040100864
13849,1363066236356210689
13850,1363066151065055234
13851,1363066055929782281
13852,1363065866481528833
13853,1363065863654363137
13854,1363065861125246977
13855,1363065835691081730
13856,1363065478550274048
13857,1363065237520408576
13858,1363064780832071681
13859,1363064272423694336
13860,1363064234100187138
13861,1363064084992819200
13862,1363064022589988864
13863,1363063851395219457
13864,1363063231351312387
13865,1363063034114105345
13866,1363062841171992578
13867,1363062723366555651
13868,1363062719218405376
13869,1363062110515789826
13870,1363062028626243584
13871,1363061971923456001
13872,1363061970690269185
13873,1363061814402105344
13874,1363061366978981890
13875,1363061280190398466
13876,1363060897841876992
13877,1363060826869932036
13878,1363060555339231232
13879,1363060447201615874
13880,1363060128593940482
13881,1363059664141897730
13882,1363059561003962371
13883,1363059534676295681
13884,1363059379189280771
13885,1363058537711214594
13886,1363058448016023552
13887,1363058403514458114
13888,1363057934918430728
13889,1363057838168375296
13890,1363057821219192836
13891,1363057656341139458
13892,1363057512023527425
13893,1363057500917035011
13894,1363057236420030464
13895,1363057034934026240
13896,1363056728913440773
13897,1363056658147065860
13898,1363056589935108098
13899,1363056409076781058
13900,1363056287676833792
13901,1363055788340748288
13902,1363055751028170759
13903,1363055731809861632
13904,1363055652944420865
13905,1363055511118245892
13906,1363055330649923585
13907,1363055001141141504
13908,1363054864033599491
13909,1363054747733876736
13910,1363054652980400128
13911,1363054591554818048
13912,1363054549682905088
13913,1363054451959996416
13914,1363054235613593601
13915,1363054197894230017
13916,1363054138972647425
13917,1363054045204779010
13918,1363053930343788544
13919,1363053920600420354
13920,1363053909485436933
13921,1363053885590564866
13922,1363053562301997056
13923,1363053521046827008
13924,1363053470627069954
13925,1363053337973829632
13926,1363053100538462209
13927,1363053025451991045
13928,1363053009886982145
13929,1363052747872825346
13930,1363052513927258114
13931,1363052426706776065
13932,1363052372872884224
13933,1363052105959882754
13934,1363051768825995265
13935,1363051649720287232
13936,1363051197528178693
13937,1363050760431300610
13938,1363050593137422340
13939,1363050521355976705
13940,1363050519627845636
13941,1363050457401229317
13942,1363050349737689091
13943,1363050335141560322
13944,1363050297426206723
13945,1363050250907365379
13946,1363049865933185024
13947,1363049235499876353
13948,1363049092977418244
13949,1363049091706613761
13950,1363049066557505537
13951,1363049062765838337
13952,1363049003441618946
13953,1363048889142505472
13954,1363048671147876353
13955,1363048533742530565
13956,1363048335867846656
13957,1363048235401682948
13958,1363048052009955328
13959,1363047996506652674
13960,1363047978186010630
13961,1363047483904061441
13962,1363047326818959360
13963,1363047096207695872
13964,1363046771274973184
13965,1363046604337520641
13966,1363046517947392006
13967,1363046461555023875
13968,1363046449068593152
13969,1363046295791927296
13970,1363046260803047425
13971,1363045999858618368
13972,1363045878135676930
13973,1363045595804553217
13974,1363045216484274176
13975,1363045100453056514
13976,1363044973990576130
13977,1363044661191979012
13978,1363044507638501376
13979,1363044395562528771
13980,1363044186786836480
13981,1363044186707156993
13982,1363044063604277248
13983,1363043805331603456
13984,1363043435767341056
13985,1363043310005325825
13986,1363043212462497794
13987,1363043212215136261
13988,1363042977086648321
13989,1363042931964280834
13990,1363042837806342145
13991,1363042766251565056
13992,1363042518208806914
13993,1363042302869053440
13994,1363042229296766977
13995,1363042054918578176
13996,1363042035297628160
13997,1363042025298407425
13998,1363041917202669576
13999,1363041837003403270
14000,1363041631402921984
14001,1363041522560696321
14002,1363041278041161729
14003,1363041249477943297
14004,1363041219769679872
14005,1363041174186057731
14006,1363041162458771457
14007,1363041109430202368
14008,1363040694416379904
14009,1363040642167943169
14010,1363040487691726849
14011,1363040242891186177
14012,1363040048539656192
14013,1363040032479735808
14014,1363039694754299904
14015,1363039687494033414
14016,1363039457176391685
14017,1363039436120809477
14018,1363038825640042498
14019,1363038770476576770
14020,1363038665757364224
14021,1363038647788990466
14022,1363038625940860929
14023,1363038514934382594
14024,1363038177703813127
14025,1363037567952826369
14026,1363037352231276547
14027,1363037321487089668
14028,1363037284845686787
14029,1363037245792526338
14030,1363037100065644544
14031,1363037092914335753
14032,1363036984743256065
14033,1363036838806626305
14034,1363036539027079171
14035,1363036509809631233
14036,1363035930043559936
14037,1363035680327294976
14038,1363035661918494720
14039,1363035556490403840
14040,1363035391532613634
14041,1363034708116971520
14042,1363034525664698369
14043,1363034524465127425
14044,1363034471658840064
14045,1363034408928882688
14046,1363034339550846977
14047,1363034097317273601
14048,1363033730638610432
14049,1363033596160864257
14050,1363033461456568320
14051,1363032529150898178
14052,1363032380567609345
14053,1363032122106253312
14054,1363031891906097155
14055,1363031698057932801
14056,1363031652717494272
14057,1363031578763534337
14058,1363031506327916545
14059,1363030914050252800
14060,1363030907943325696
14061,1363030649792327680
14062,1363030646386475008
14063,1363030594674962437
14064,1363030481919483906
14065,1363030481550397440
14066,1363030357461798914
14067,1363030288117493760
14068,1363029580026703872
14069,1363029497025617922
14070,1363029318767624197
14071,1363029184411500547
14072,1363028843041337344
14073,1363028428727980035
14074,1363028239531331584
14075,1363028216009621507
14076,1363028162033176579
14077,1363027827633831937
14078,1363027544468033536
14079,1363027371289423872
14080,1363026839090913281
14081,1363026523285049344
14082,1363026340644061184
14083,1363026299120418817
14084,1363025501258977282
14085,1363025209062793216
14086,1363025010537947136
14087,1363024994545131520
14088,1363024366267678721
14089,1363023806466514944
14090,1363023597464346626
14091,1363023367176130560
14092,1363022816120098819
14093,1363022521189216262
14094,1363022437726707713
14095,1363021685855780865
14096,1363021588757676033
14097,1363020607995195400
14098,1363020450922643456
14099,1363020392416296961
14100,1363020187650424833
14101,1363020159200370688
14102,1363019968984592384
14103,1363019755100192769
14104,1363019620685340672
14105,1363018915513835521
14106,1363018506577596416
14107,1363018179107291137
14108,1363017502213734400
14109,1363017393224753153
14110,1363017251541164032
14111,1363016937010327555
14112,1363016489767497729
14113,1363016328945274884
14114,1363015968042147841
14115,1363015942708621313
14116,1363015638978072578
14117,1363015506593271808
14118,1363015234336735233
14119,1363015068485619716
14120,1363015060927430656
14121,1363014685797326853
14122,1363014634501009409
14123,1363014580465721346
14124,1363014214722314242
14125,1363014090306764801
14126,1363013637913403392
14127,1363013554085969923
14128,1363013440814673921
14129,1363013366923558913
14130,1363013251852881921
14131,1363012768090193922
14132,1363012569737424897
14133,1363012484274286592
14134,1363012403823321091
14135,1363011645371518977
14136,1363011514337095684
14137,1363011480644444160
14138,1363010611865661440
14139,1363010456219222017
14140,1363010425613385728
14141,1363010359406264321
14142,1363010346110312452
14143,1363010281132163072
14144,1363010164408934401
14145,1363009978446020608
14146,1363009945634041859
14147,1363009902768193536
14148,1363009709729587203
14149,1363009350122557442
14150,1363008802958831616
14151,1363008785460125698
14152,1363008713905307648
14153,1363008667155628032
14154,1363008549035646977
14155,1363008507373568000
14156,1363008114228871169
14157,1363008013494288384
14158,1363008010927357955
14159,1363008004665331713
14160,1363007945357881344
14161,1363007910935166977
14162,1363007803649110017
14163,1363007674787495939
14164,1363007654927470595
14165,1363007386110341125
14166,1363007378732560385
14167,1363007254266585088
14168,1363007157445287937
14169,1363007106807398401
14170,1363007094148988930
14171,1363007069478150145
14172,1363006952071172099
14173,1363006634092560384
14174,1363006481772249088
14175,1363006481352818688
14176,1363006262489870336
14177,1363006184001798145
14178,1363005462187229188
14179,1363005231257239552
14180,1363005059739623424
14181,1363004575968464900
14182,1363004509535010816
14183,1363004469479407616
14184,1363004462277795840
14185,1363004321726611456
14186,1363004284313493506
14187,1363003992817680385
14188,1363003769898860546
14189,1363003060746919937
14190,1363003039431467009
14191,1363002915263242241
14192,1363002498915708928
14193,1363002389662490624
14194,1363002339158859777
14195,1363001660243648512
14196,1363001292155723776
14197,1363001191307829249
14198,1363000770526855172
14199,1363000632668549120
14200,1363000477663842304
14201,1362999714971611136
14202,1362999552203194369
14203,1362999532984950786
14204,1362999170710335488
14205,1362999091907735552
14206,1362998735525978112
14207,1362998356423946241
14208,1362998346483384321
14209,1362997651843784705
14210,1362997295223078913
14211,1362997235089350656
14212,1362996947687272448
14213,1362996323021127681
14214,1362996273025015808
14215,1362995806748475393
14216,1362995484705619971
14217,1362995476715491331
14218,1362995395618603010
14219,1362995381030842368
14220,1362995193918742529
14221,1362995020765233152
14222,1362994685820731393
14223,1362994505474068480
14224,1362994191765278720
14225,1362994156889595904
14226,1362994094998499329
14227,1362994031970684928
14228,1362993977344069633
14229,1362993825900331008
14230,1362993495271739392
14231,1362993314660683781
14232,1362993304728702980
14233,1362993279869009920
14234,1362993271497056257
14235,1362993263800684544
14236,1362992949529894915
14237,1362992851366338566
14238,1362992818738900993
14239,1362992670365351942
14240,1362992263022981125
14241,1362992155585822724
14242,1362991926623010821
14243,1362991668945965057
14244,1362991220105043970
14245,1362991014152134658
14246,1362990994548019200
14247,1362990767850065922
14248,1362990683620016128
14249,1362990288722145283
14250,1362990263208185860
14251,1362990182035836931
14252,1362989748055404544
14253,1362989747120054275
14254,1362989436410204164
14255,1362989403967279108
14256,1362989226103603200
14257,1362988918744879108
14258,1362988823899238400
14259,1362988695247343616
14260,1362988528636989440
14261,1362988141192314883
14262,1362987621186691074
14263,1362986779582881792
14264,1362986766089789442
14265,1362986557288964096
14266,1362986450019639297
14267,1362986335942766593
14268,1362986328955183105
14269,1362985989589843969
14270,1362985651302465536
14271,1362985575435878400
14272,1362985461560541184
14273,1362985029249425412
14274,1362984932805644290
14275,1362984732045303809
14276,1362984657374089217
14277,1362984656719794179
14278,1362984260295098372
14279,1362984253642964993
14280,1362983393714200576
14281,1362983209974267907
14282,1362983184670023681
14283,1362983138645991424
14284,1362982720088002561
14285,1362982711049261058
14286,1362982412184084487
14287,1362982383859949568
14288,1362982302943490048
14289,1362982285881057283
14290,1362982195527360513
14291,1362982137188782082
14292,1362982011875524609
14293,1362982006540353539
14294,1362982001209466880
14295,1362981998340505601
14296,1362981924415942656
14297,1362981875120275456
14298,1362981734170689537
14299,1362981580843741187
14300,1362981227163222020
14301,1362980952415305731
14302,1362980667005485057
14303,1362980661347368962
14304,1362980624831832067
14305,1362980435085656065
14306,1362980296170291206
14307,1362980034911358976
14308,1362979985829552129
14309,1362979696988868611
14310,1362979669407129601
14311,1362979656924864514
14312,1362979556680998913
14313,1362979520505131014
14314,1362979436530987010
14315,1362979101125058560
14316,1362978472629579778
14317,1362978016482242560
14318,1362977998039826433
14319,1362977936085815300
14320,1362977806502817793
14321,1362977687984369666
14322,1362977666299789313
14323,1362977233242099714
14324,1362976632248676360
14325,1362976186893221889
14326,1362975866565914625
14327,1362975791601098757
14328,1362975731744202752
14329,1362975514462478340
14330,1362975262959415296
14331,1362975007379492864
14332,1362974816861585408
14333,1362974641627795460
14334,1362974553346084864
14335,1362974429488234497
14336,1362974289574658056
14337,1362973778628784129
14338,1362973690351284233
14339,1362973626199375873
14340,1362973602371485696
14341,1362973392740122631
14342,1362973333042651147
14343,1362973236917592066
14344,1362973201408606212
14345,1362973107305254916
14346,1362972964866654208
14347,1362972477249495040
14348,1362972470765096962
14349,1362972423168155652
14350,1362971502333812736
14351,1362971046794649601
14352,1362970926724317192
14353,1362970799511138307
14354,1362970449651650562
14355,1362970250761957377
14356,1362970152938180613
14357,1362970006699581443
14358,1362969200290103296
14359,1362968993330520065
14360,1362968517365145605
14361,1362968092389888000
14362,1362967607951958016
14363,1362967584547762177
14364,1362967468826836996
14365,1362967380243189760
14366,1362967325012594689
14367,1362966614967214080
14368,1362966611515367427
14369,1362966455030079490
14370,1362966361396420613
14371,1362965955194806272
14372,1362965852124041216
14373,1362965654807150593
14374,1362965592228134918
14375,1362965410430214144
14376,1362964839057002496
14377,1362964770530488330
14378,1362964701139898368
14379,1362963376800997376
14380,1362963302247194628
14381,1362963176808189953
14382,1362963146839904258
14383,1362963049720741888
14384,1362962947228774400
14385,1362962922213941250
14386,1362962730697838592
14387,1362962710472888333
14388,1362962535788515331
14389,1362962251091767300
14390,1362962233911894023
14391,1362961952465694720
14392,1362961811255873537
14393,1362961714711588864
14394,1362961425724026881
14395,1362960746896908288
14396,1362960378716643332
14397,1362960299263950854
14398,1362960139372949505
14399,1362959983361593347
14400,1362959953468645380
14401,1362958932562632704
14402,1362958210366332930
14403,1362957607904903171
14404,1362957297367023616
14405,1362956514064027649
14406,1362956181438926850
14407,1362955189913870338
14408,1362954982039904256
14409,1362954656100593664
14410,1362954435920560131
14411,1362954136728313861
14412,1362953934055301121
14413,1362953923661824000
14414,1362953829763932162
14415,1362953560531603458
14416,1362953458781978624
14417,1362953439488192512
14418,1362953350938062850
14419,1362953184910704641
14420,1362952384406827009
14421,1362951903961874435
14422,1362951601007325187
14423,1362951526289965059
14424,1362951255287603202
14425,1362950942774210562
14426,1362949975303458817
14427,1362949932592824320
14428,1362949855048523777
14429,1362949742104375299
14430,1362949469231345670
14431,1362948688457445379
14432,1362948402737209344
14433,1362947740079112197
14434,1362947657388466179
14435,1362946970504097792
14436,1362946932260372481
14437,1362946860290301954
14438,1362946655524380673
14439,1362946471126061056
14440,1362946442457931778
14441,1362946322706350080
14442,1362946252548280322
14443,1362946168767078401
14444,1362945813777907712
14445,1362945566297194496
14446,1362945197735313408
14447,1362945156169814023
14448,1362945139761704962
14449,1362945010182877186
14450,1362944886941614082
14451,1362944633639235587
14452,1362944557256744966
14453,1362944103646912515
14454,1362943732178378757
14455,1362943709277548544
14456,1362943589907632128
14457,1362943546597253126
14458,1362943511973269505
14459,1362943268221247496
14460,1362943035361931267
14461,1362942627084173316
14462,1362942538345295878
14463,1362942531382763521
14464,1362942392714878979
14465,1362942304827428866
14466,1362942025302241280
14467,1362942000262176770
14468,1362941802823757824
14469,1362941680702390278
14470,1362941635676536836
14471,1362941611127099392
14472,1362941592399708162
14473,1362941382147657729
14474,1362941233870602241
14475,1362940692910268418
14476,1362940676418240512
14477,1362940622466908172
14478,1362940409119449091
14479,1362939974363062281
14480,1362939777616662531
14481,1362939720557334533
14482,1362939382538321924
14483,1362939299663122436
14484,1362939076735860743
14485,1362938792643080192
14486,1362938624535363584
14487,1362938533032386562
14488,1362938323002605571
14489,1362938186327085057
14490,1362938085386895361
14491,1362938082035716103
14492,1362938054890110979
14493,1362937985508007937
14494,1362937841207177219
14495,1362937757736325122
14496,1362937706586775557
14497,1362937629671587846
14498,1362937453892558857
14499,1362937272333594624
14500,1362937247146901504
14501,1362937183443779584
14502,1362937052719947784
14503,1362936853410816000
14504,1362936410936913920
14505,1362935747565801474
14506,1362935660009697282
14507,1362935498361159680
14508,1362935253246103559
14509,1362935095619948548
14510,1362935046269788164
14511,1362934705310617602
14512,1362934071345692675
14513,1362933974318866436
14514,1362933959773089793
14515,1362933814163615744
14516,1362933402169708549
14517,1362933373010735104
14518,1362933116785070082
14519,1362933071109115907
14520,1362932974719819782
14521,1362932486582505477
14522,1362932371201404930
14523,1362932207053135876
14524,1362931976404148224
14525,1362931509737500691
14526,1362931375398125571
14527,1362930878968692744
14528,1362930801189543938
14529,1362930564077084672
14530,1362930159842713605
14531,1362929968905220096
14532,1362929577597755392
14533,1362928865383956484
14534,1362928761558228993
14535,1362928750913089545
14536,1362928578137100293
14537,1362928534034014208
14538,1362928513855213570
14539,1362928475338723328
14540,1362928120945397764
14541,1362927915189628934
14542,1362927665351716865
14543,1362927452792774656
14544,1362927358693543937
14545,1362926913304600577
14546,1362926884376428545
14547,1362926653933056010
14548,1362926439406927872
14549,1362926436378697731
14550,1362926343256608771
14551,1362926342577270786
14552,1362926268057067522
14553,1362926242786398213
14554,1362926189728260099
14555,1362925701637242881
14556,1362925660772171778
14557,1362925644095586311
14558,1362925549459562501
14559,1362925496368050177
14560,1362925426155393025
14561,1362925293250478081
14562,1362925181757501446
14563,1362925005810659328
14564,1362924931563020290
14565,1362924862659039238
14566,1362924747353436163
14567,1362924461931040769
14568,1362924372235866112
14569,1362924246679322626
14570,1362923879409328129
14571,1362923530048983040
14572,1362923490580574210
14573,1362923398398156802
14574,1362923086711029761
14575,1362922773828546562
14576,1362922416222187523
14577,1362922338526908419
14578,1362922298659905538
14579,1362922225477832707
14580,1362922015083147266
14581,1362921947164778496
14582,1362921847927488513
14583,1362921834568630277
14584,1362921761940070402
14585,1362921630129938433
14586,1362921576384131072
14587,1362921410331607045
14588,1362920817248657411
14589,1362919987506257928
14590,1362919951904964617
14591,1362919927372513285
14592,1362919911752933376
14593,1362919909244731392
14594,1362919208284278784
14595,1362919176143306752
14596,1362918949759971330
14597,1362918709849907200
14598,1362918078347157504
14599,1362917984113733636
14600,1362917870561341442
14601,1362917695411417088
14602,1362917669423484929
14603,1362917613303705602
14604,1362916630100127748
14605,1362916498315034626
14606,1362916367301824512
14607,1362916347227889664
14608,1362916129350557699
14609,1362915989130678273
14610,1362915793575550977
14611,1362915681017221125
14612,1362915630928826368
14613,1362915606358593539
14614,1362915529736994824
14615,1362915510732656642
14616,1362915382852546566
14617,1362915250262208513
14618,1362915091763593222
14619,1362915029205540868
14620,1362914881993912321
14621,1362914866281934852
14622,1362914719087161353
14623,1362914717308776448
14624,1362914540476919808
14625,1362914487221821440
14626,1362914232493342726
14627,1362914210863321089
14628,1362914164155559937
14629,1362913737326395397
14630,1362913708847099922
14631,1362913474335170563
14632,1362913401253597186
14633,1362913243879120897
14634,1362913156083945480
14635,1362913087867789312
14636,1362912969340964871
14637,1362912783772303360
14638,1362912640734027778
14639,1362912618764189697
14640,1362912351331225608
14641,1362912348424478723
14642,1362912248038125571
14643,1362911748848779265
14644,1362911732335849476
14645,1362911656960028675
14646,1362911569265496065
14647,1362911339321163780
14648,1362911320245493761
14649,1362911313454895107
14650,1362911248564772873
14651,1362911208756625409
14652,1362911195896942592
14653,1362911140032954369
14654,1362910976111239173
14655,1362910956255391745
14656,1362910839062343683
14657,1362910789666017282
14658,1362910661349670912
14659,1362910462627745793
14660,1362910288035647488
14661,1362910069394923527
14662,1362909809448783884
14663,1362909737361276941
14664,1362909596818489345
14665,1362909588719337473
14666,1362909522889764864
14667,1362909433219715072
14668,1362909431952982018
14669,1362909192152113163
14670,1362909168256970753
14671,1362908892657836037
14672,1362908734448689156
14673,1362908663963344896
14674,1362908623131840518
14675,1362908512708395008
14676,1362908351387041792
14677,1362908239579521025
14678,1362908041297952769
14679,1362908011203862534
14680,1362907973815779333
14681,1362907890592415746
14682,1362907787567726595
14683,1362907574086025219
14684,1362907555954057228
14685,1362907409937801220
14686,1362907406133571593
14687,1362907261568507907
14688,1362907207361310730
14689,1362907193100623877
14690,1362907099295006720
14691,1362907059776323590
14692,1362906910891118593
14693,1362906878569836545
14694,1362906856407109634
14695,1362906767634673665
14696,1362906751432073217
14697,1362906668275793925
14698,1362906664282836994
14699,1362906499920592897
14700,1362906381263794177
14701,1362906287323938824
14702,1362906281367994370
14703,1362906185444294656
14704,1362906162665054216
14705,1362906095900106760
14706,1362906005932306432
14707,1362905876340879363
14708,1362905801720033281
14709,1362905646463672321
14710,1362905570143952896
14711,1362905563462475779
14712,1362905558400069633
14713,1362905191331291136
14714,1362905170116550658
14715,1362905139925942279
14716,1362905122691571717
14717,1362904831388745732
14718,1362904829190897667
14719,1362904466282975232
14720,1362904400142991364
14721,1362904367599337482
14722,1362904293825777666
14723,1362904261294702604
14724,1362904174317490178
14725,1362903829579239430
14726,1362903738059546627
14727,1362903719159947264
14728,1362903564142718983
14729,1362903361457160196
14730,1362903152203333632
14731,1362903135497428995
14732,1362903128652341253
14733,1362903103159357455
14734,1362902926524616706
14735,1362902870455169024
14736,1362902844752470021
14737,1362902670898438148
14738,1362902482347778049
14739,1362902253221380096
14740,1362902224498794498
14741,1362902128356950019
14742,1362902120194854912
14743,1362902073927479298
14744,1362902048946204675
14745,1362901791025823744
14746,1362901627179577347
14747,1362901485244338176
14748,1362901352368726023
14749,1362901225138753544
14750,1362901211373043713
14751,1362900990270332929
14752,1362900927334805505
14753,1362900908376489986
14754,1362900741099257860
14755,1362900581363445761
14756,1362900490049175552
14757,1362900415831040001
14758,1362900389184606210
14759,1362900254165774336
14760,1362900230547640326
14761,1362900228358168577
14762,1362900071822557184
14763,1362899867983560708
14764,1362899681664258049
14765,1362899656829775874
14766,1362899597266472962
14767,1362899393561657348
14768,1362899320434008065
14769,1362899219128979457
14770,1362899092955934722
14771,1362899029756149761
14772,1362898644190588933
14773,1362898522455031808
14774,1362898495615754240
14775,1362898448379502595
14776,1362898259610660865
14777,1362897876456734720
14778,1362897728817233920
14779,1362897509736013828
14780,1362897289690382337
14781,1362897249030844416
14782,1362897149760065536
14783,1362896970264817664
14784,1362896965663612933
14785,1362896873758085125
14786,1362896667872276481
14787,1362896644040196096
14788,1362896521902120963
14789,1362896501177917444
14790,1362896411633848325
14791,1362896378729480196
14792,1362896332755714049
14793,1362896293329256448
14794,1362896274387779584
14795,1362896113393664003
14796,1362895883155755012
14797,1362895852977737737
14798,1362895644365570048
14799,1362895610492444680
14800,1362895443366191105
14801,1362895161697648646
14802,1362894802178756620
14803,1362894416600576003
14804,1362894274422071296
14805,1362894248639660033
14806,1362894240141959176
14807,1362893836717015040
14808,1362893801602355205
14809,1362893795826806790
14810,1362893374458646528
14811,1362893278975254533
14812,1362892989475995650
14813,1362892943779131398
14814,1362892832575533063
14815,1362892823289360384
14816,1362892808378531843
14817,1362892747720568834
14818,1362892660780982272
14819,1362892576089661443
14820,1362892417414750209
14821,1362892416844517376
14822,1362892409240174594
14823,1362892382035927047
14824,1362892269448278024
14825,1362891899951083524
14826,1362891764697346048
14827,1362891643247017986
14828,1362891642982793216
14829,1362891283291910145
14830,1362891203860119554
14831,1362891121408565248
14832,1362891075350896640
14833,1362891028701806595
14834,1362890863081381888
14835,1362890801739661312
14836,1362890517793673218
14837,1362890468992909315
14838,1362890455776690177
14839,1362890419898621956
14840,1362890251933540356
14841,1362889939273277441
14842,1362889896701153287
14843,1362889786911031297
14844,1362889397897723908
14845,1362889387588136964
14846,1362889336673435650
14847,1362889192221515778
14848,1362889038982709250
14849,1362889038731051008
14850,1362888872254914561
14851,1362888821600362499
14852,1362888802629521409
14853,1362888732651708419
14854,1362888705514606595
14855,1362888677861584899
14856,1362888568805466112
14857,1362888539696939008
14858,1362888507509923846
14859,1362888438656217090
14860,1362888415977611270
14861,1362888378790912004
14862,1362888354531008516
14863,1362888353184636933
14864,1362888351196577798
14865,1362888272213639168
14866,1362888220783108098
14867,1362888039874383876
14868,1362888022270889995
14869,1362888005422370831
14870,1362887852904882179
14871,1362887575975972864
14872,1362887572024942596
14873,1362887508938403840
14874,1362887453313556481
14875,1362887438331482115
14876,1362887320274231297
14877,1362887167790440450
14878,1362886840026554375
14879,1362886834255241217
14880,1362886787090288642
14881,1362886614993756160
14882,1362886612485632002
14883,1362886514640891914
14884,1362886493321183233
14885,1362886323900715009
14886,1362886046963359748
14887,1362886020954529798
14888,1362885934065328128
14889,1362885924158398466
14890,1362885909000167428
14891,1362885713398751239
14892,1362885554275254276
14893,1362885467537039362
14894,1362885466891177984
14895,1362885205632155657
14896,1362885006339829760
14897,1362884908897681412
14898,1362884906783768576
14899,1362884839431675904
14900,1362884592198385665
14901,1362884547738746882
14902,1362884408336912387
14903,1362884376669933577
14904,1362884369023705089
14905,1362884335179878400
14906,1362884302975942659
14907,1362884241261023235
14908,1362884200551112710
14909,1362883984347303940
14910,1362883773629661190
14911,1362883758957944835
14912,1362883714313764866
14913,1362883551889403904
14914,1362883542796161026
14915,1362883508562231297
14916,1362883337715658758
14917,1362883329700298757
14918,1362883283185512455
14919,1362883113412608003
14920,1362883003702247424
14921,1362882936190738435
14922,1362882787666190338
14923,1362882572431347715
14924,1362882408522125314
14925,1362882043093413889
14926,1362882024017702914
14927,1362881964127252481
14928,1362881954392203271
14929,1362881944489521153
14930,1362881877602893824
14931,1362881786850680834
14932,1362881724045221890
14933,1362881692558635013
14934,1362881542968721413
14935,1362881399800356869
14936,1362881380867309568
14937,1362881085932240899
14938,1362881046820323329
14939,1362880965744427010
14940,1362880762165534724
14941,1362880555247894528
14942,1362880544854462469
14943,1362880533412282369
14944,1362880532376260609
14945,1362880516035407883
14946,1362880403736944641
14947,1362880389631643654
14948,1362880388209799170
14949,1362880262238064650
14950,1362880174690287635
14951,1362880017127124992
14952,1362879967261052932
14953,1362879932502859780
14954,1362879903432118273
14955,1362879876395655173
14956,1362879810842804229
14957,1362879694182481925
14958,1362879655322214403
14959,1362879651941658627
14960,1362879568680484871
14961,1362879326371381250
14962,1362879280842219522
14963,1362879207576076290
14964,1362879148604194819
14965,1362879131927642113
14966,1362879101493796865
14967,1362879041427054599
14968,1362878713315098634
14969,1362878693488685056
14970,1362878253984276480
14971,1362878074124197890
14972,1362877950090182656
14973,1362877889440591877
14974,1362877796243111937
14975,1362877770276237313
14976,1362877642962264068
14977,1362877544509358086
14978,1362877207736184832
14979,1362877116283559948
14980,1362876973987618816
14981,1362876760921104387
14982,1362876438773452800
14983,1362876399640600577
14984,1362876339766915075
14985,1362876234842202116
14986,1362876125265985552
14987,1362876046702444549
14988,1362875935775731714
14989,1362875466563125254
14990,1362875423818977280
14991,1362875388536500224
14992,1362875364675043329
14993,1362875332714455040
14994,1362875060902653955
14995,1362875045400489985
14996,1362874731922358274
14997,1362874568646483972
14998,1362874547792457730
14999,1362874465517002755
15000,1362874289125474305
15001,1362874273472393226
15002,1362874211291844609
15003,1362874138172481538
15004,1362874004634279936
15005,1362873968642969606
15006,1362873931896651779
15007,1362873728741240834
15008,1362873667072450561
15009,1362873400457388036
15010,1362873391796154369
15011,1362873286934351873
15012,1362873284161855491
15013,1362873235239538688
15014,1362872882829922306
15015,1362872763271290880
15016,1362872545037348868
15017,1362872422794485765
15018,1362872381350543361
15019,1362872359393386501
15020,1362872206645223430
15021,1362872028647337987
15022,1362871922225250309
15023,1362871793028063233
15024,1362871685167411208
15025,1362871642754584579
15026,1362871517806288903
15027,1362871407852584961
15028,1362871361232855042
15029,1362871160829001730
15030,1362870933829124097
15031,1362870915579731970
15032,1362870754073747456
15033,1362870705751289869
15034,1362870312174579713
15035,1362870293228888064
15036,1362870197468745729
15037,1362870111489691650
15038,1362870079428427779
15039,1362870076102348810
15040,1362870051406303244
15041,1362869994418241541
15042,1362869872112369666
15043,1362869658014126082
15044,1362869476744704002
15045,1362869386789404675
15046,1362869336914989059
15047,1362869335459528707
15048,1362869287912951821
15049,1362869115531243530
15050,1362868993057574918
15051,1362868992436748289
15052,1362868794977361925
15053,1362868707664486400
15054,1362868707211550731
15055,1362868608284655617
15056,1362868566832410628
15057,1362868561035866117
15058,1362868444815835136
15059,1362868372803899394
15060,1362868184056008704
15061,1362868138099027970
15062,1362868005500309504
15063,1362868000903352320
15064,1362867932544524294
15065,1362867920062341129
15066,1362867712230309892
15067,1362867396432842757
15068,1362867385804455936
15069,1362867377340301317
15070,1362867373515173895
15071,1362867109244641283
15072,1362866893095374848
15073,1362866872593563648
15074,1362866805233049602
15075,1362866804327129100
15076,1362866741601325061
15077,1362866645417549829
15078,1362866470141763586
15079,1362866431222816769
15080,1362866397278330887
15081,1362866241828962304
15082,1362866046550614019
15083,1362865839163195393
15084,1362865721550725132
15085,1362865615615229956
15086,1362865535466278913
15087,1362865507515383808
15088,1362865394671902720
15089,1362865331186843662
15090,1362865200001597442
15091,1362865199376719872
15092,1362865121329090560
15093,1362865117969416198
15094,1362864965678415873
15095,1362864895994302466
15096,1362864888033533957
15097,1362864724463992838
15098,1362864676975960065
15099,1362864581643763717
15100,1362864575880843268
15101,1362864555815170050
15102,1362864533593817094
15103,1362864489373261826
15104,1362864384188547073
15105,1362864339728891914
15106,1362864318648352776
15107,1362864302605148161
15108,1362864159298367489
15109,1362864048447115273
15110,1362864036707188736
15111,1362864035918712833
15112,1362864021762953220
15113,1362863970768551942
15114,1362863900006502400
15115,1362863769634938880
15116,1362863737699508224
15117,1362863691536990216
15118,1362863680451444739
15119,1362863649505882118
15120,1362863624398794756
15121,1362863542609846278
15122,1362863523261513732
15123,1362863511836258308
15124,1362863457406713861
15125,1362863399282040835
15126,1362863394068561924
15127,1362863373969485829
15128,1362863372354670598
15129,1362863371029278723
15130,1362863328259891200
15131,1362863282097451018
15132,1362863260165419012
15133,1362863249667092483
15134,1362863208479002628
15135,1362863107706650629
15136,1362863072579321861
15137,1362863068305387523
15138,1362863043781222403
15139,1362863009048260611
15140,1362863008117100545
15141,1362863002630959104
15142,1362862946959958017
15143,1362862944950902788
15144,1362862894984146960
15145,1362862849215913990
15146,1362862844899975170
15147,1362862806320742403
15148,1362862790311088129
15149,1362862722967240706
15150,1362862596513292289
15151,1362862549599997957
15152,1362862508328038414
15153,1362862478405861378
15154,1362862311288020992
15155,1362862290790477827
15156,1362862262701223939
15157,1362862153758220290
15158,1362862118131949576
15159,1362862113140654080
15160,1362862111433572355
15161,1362862100842954753
15162,1362862006286573568
15163,1362861861839007746
15164,1362861849428054018
15165,1362861828175523841
15166,1362861813218619394
15167,1362861779227934728
15168,1362861726656561152
15169,1362861714857996293
15170,1362861658197151747
15171,1362861537992601601
15172,1362861464420311043
15173,1362861454140006402
15174,1362861389883277314
15175,1362861337840398342
15176,1362861325869867011
15177,1362861198203629571
15178,1362861119535259648
15179,1362861074018693124
15180,1362860928593723393
15181,1362860741959823362
15182,1362860719579004938
15183,1362860708128559109
15184,1362860622870958081
15185,1362860586288222211
15186,1362860559503405056
15187,1362860462447202304
15188,1362860355718950912
15189,1362860355605590018
15190,1362860351226851328
15191,1362860311179649029
15192,1362860288354250759
15193,1362860207311847425
15194,1362860080178352136
15195,1362860076445405186
15196,1362859981431844868
15197,1362859918487932930
15198,1362859854868676611
15199,1362859706230923268
15200,1362859666271830019
15201,1362859509761327105
15202,1362859451473141764
15203,1362859098769928194
15204,1362858959162474497
15205,1362858934504194051
15206,1362858895010652160
15207,1362858749149409280
15208,1362858624314441731
15209,1362858614327816199
15210,1362858585798107136
15211,1362858576407113728
15212,1362858469842378757
15213,1362858385394302977
15214,1362858337763815429
15215,1362858242011930625
15216,1362858188564013062
15217,1362858127503331328
15218,1362858054774120452
15219,1362857998419427330
15220,1362857838733852679
15221,1362857826150940675
15222,1362857759876653056
15223,1362857594625359873
15224,1362857564904579076
15225,1362857507396472840
15226,1362857497174953987
15227,1362857373610696705
15228,1362857361183019011
15229,1362857360486768645
15230,1362857301862981642
15231,1362857257097134089
15232,1362857187895357444
15233,1362857110804004864
15234,1362857038494257154
15235,1362856895573348353
15236,1362856864757788677
15237,1362856768028704773
15238,1362856739310342147
15239,1362856626257080324
15240,1362856552839970823
15241,1362856418861285379
15242,1362856394333040648
15243,1362856326729236483
15244,1362856262459916288
15245,1362856210442166274
15246,1362856173037355008
15247,1362856161263951874
15248,1362856051041849345
15249,1362856016749203457
15250,1362855873320792065
15251,1362855730575998980
15252,1362855577085501449
15253,1362855404238237697
15254,1362855306460561409
15255,1362855174310666241
15256,1362855121147858947
15257,1362855001018753024
15258,1362854967401406473
15259,1362854901295046657
15260,1362854831275311106
15261,1362854821141839873
15262,1362854811004268547
15263,1362854689356800012
15264,1362854676564164610
15265,1362854569043234819
15266,1362854483882094592
15267,1362854473333407748
15268,1362854391154413574
15269,1362854321776447498
15270,1362854290520477698
15271,1362854273198018561
15272,1362854201991299080
15273,1362854109980803078
15274,1362854084999544833
15275,1362853898030100482
15276,1362853857324318728
15277,1362853848654651392
15278,1362853740567478276
15279,1362853721684795394
15280,1362853689455747073
15281,1362853505615212546
15282,1362853423083905024
15283,1362853398211657735
15284,1362853377957371906
15285,1362853291856715779
15286,1362853151762747392
15287,1362853151301398535
15288,1362853002982420492
15289,1362852893058072585
15290,1362852853770027012
15291,1362852853333827590
15292,1362852819942977542
15293,1362852665294807040
15294,1362852436361293826
15295,1362852393168297984
15296,1362852089458610176
15297,1362851798688628736
15298,1362851644971642880
15299,1362851628601253892
15300,1362851613858267139
15301,1362851596560969735
15302,1362851018971766788
15303,1362850932145455105
15304,1362850889468379138
15305,1362850864491352068
15306,1362850749714214917
15307,1362850748535611396
15308,1362850521502121985
15309,1362850516049494016
15310,1362850334847156224
15311,1362850255377731587
15312,1362850082383659013
15313,1362849957863059458
15314,1362849859959726080
15315,1362849772181344270
15316,1362849615150804994
15317,1362849546347364356
15318,1362848990606278660
15319,1362848872905781252
15320,1362848750583115776
15321,1362848741225545730
15322,1362848704458354697
15323,1362848418914304001
15324,1362848237548363776
15325,1362848235342168065
15326,1362848187078303747
15327,1362848175829245955
15328,1362848088516354050
15329,1362848021608824835
15330,1362847896660549644
15331,1362847750275088385
15332,1362847725495197696
15333,1362847709485481985
15334,1362847501112537092
15335,1362847386985447428
15336,1362847334233759754
15337,1362847295696490496
15338,1362847274670444549
15339,1362847250569981959
15340,1362847111100960770
15341,1362846986202992641
15342,1362846804979580928
15343,1362846792149327876
15344,1362846763556700167
15345,1362846705457192962
15346,1362846590793355264
15347,1362846539404759040
15348,1362846512171122689
15349,1362846409817546762
15350,1362846398069276675
15351,1362846378297294856
15352,1362846283371851780
15353,1362846219660312578
15354,1362846167533580295
15355,1362846010058416128
15356,1362845922120454145
15357,1362845921059303424
15358,1362845407496335361
15359,1362845210187866116
15360,1362845169553301504
15361,1362845079686250503
15362,1362845067652845577
15363,1362845009914044429
15364,1362844952699543559
15365,1362844870218555395
15366,1362844654052507649
15367,1362844654039945219
15368,1362844566408290304
15369,1362844554022551554
15370,1362844488482365450
15371,1362844482853605383
15372,1362844482836774922
15373,1362844481586946052
15374,1362844458925121536
15375,1362844362993000452
15376,1362843993579610117
15377,1362843952169291778
15378,1362843873861660672
15379,1362843846611189762
15380,1362843615320567815
15381,1362843346784370690
15382,1362843315801055232
15383,1362843142563778564
15384,1362842987898757128
15385,1362842976490311681
15386,1362842969020260359
15387,1362842881803886595
15388,1362842796927971328
15389,1362842754011844612
15390,1362842725503139840
15391,1362842472104214528
15392,1362842444266627072
15393,1362842440403664897
15394,1362842273449394176
15395,1362842249927790597
15396,1362842213693202434
15397,1362842177735426050
15398,1362842141677006851
15399,1362841790123028484
15400,1362841778773233668
15401,1362841704252997635
15402,1362841660925870082
15403,1362841542591930368
15404,1362841301058748416
15405,1362841145181626369
15406,1362840997084995594
15407,1362840895603810304
15408,1362840846090063874
15409,1362840707766099971
15410,1362840428693831693
15411,1362840358019862532
15412,1362840233218367494
15413,1362840198057512960
15414,1362840161986482178
15415,1362840107125006338
15416,1362840007845765124
15417,1362839664722382853
15418,1362839655721406473
15419,1362839505007349760
15420,1362839370672275457
15421,1362839264883580929
15422,1362839232058908672
15423,1362838875891236867
15424,1362838834929688578
15425,1362838832194945025
15426,1362838596311515137
15427,1362838550849458180
15428,1362838545761714184
15429,1362838437506805766
15430,1362838343101394944
15431,1362838181071253504
15432,1362838067820822528
15433,1362837829060079620
15434,1362837742212808713
15435,1362837729902551048
15436,1362837612478750722
15437,1362837572641296391
15438,1362837449811050496
15439,1362837439631523840
15440,1362837429682593793
15441,1362837351467282436
15442,1362837291484479494
15443,1362837131664719873
15444,1362837032276525061
15445,1362836975003254794
15446,1362836930593972226
15447,1362836927699910658
15448,1362836720853598210
15449,1362836504259809283
15450,1362836424605790209
15451,1362836342426783755
15452,1362836203129761799
15453,1362836131725860866
15454,1362836009327751170
15455,1362835892398936065
15456,1362835850334244869
15457,1362835838250459149
15458,1362835782495576069
15459,1362835671300333570
15460,1362835593160388608
15461,1362835585229086723
15462,1362835325513515008
15463,1362835216105152517
15464,1362835185805500417
15465,1362835092318658566
15466,1362835020071714822
15467,1362834973678526465
15468,1362834662222086150
15469,1362834633868648448
15470,1362834444621594628
15471,1362834429291474944
15472,1362834385913999363
15473,1362834091452866560
15474,1362833952742858752
15475,1362833687671357442
15476,1362833623431413761
15477,1362833414521581568
15478,1362833279842410496
15479,1362833197478928389
15480,1362833101949444109
15481,1362833026061897730
15482,1362832910752096262
15483,1362832862978924544
15484,1362832802358689794
15485,1362832612163731462
15486,1362832605926850568
15487,1362832513635409930
15488,1362832258915332097
15489,1362832225037877248
15490,1362832084579024898
15491,1362832045827833856
15492,1362831961115525132
15493,1362831957206384640
15494,1362831873756581891
15495,1362831773592395779
15496,1362831693506355202
15497,1362831581057056770
15498,1362831545841700866
15499,1362831513704873985
15500,1362831402421600262
15501,1362831201191387137
15502,1362830899428089864
15503,1362830794906095618
15504,1362830720901742596
15505,1362830720767565832
15506,1362830566064861186
15507,1362830254189015042
15508,1362830174404894726
15509,1362830148005945345
15510,1362829803552989192
15511,1362829801678123010
15512,1362829685604900864
15513,1362829506675884033
15514,1362829469841514498
15515,1362829301406568454
15516,1362829218418147331
15517,1362829091272077314
15518,1362828987823710210
15519,1362828910338187266
15520,1362828907788066816
15521,1362828734735265795
15522,1362828716515164162
15523,1362828682121924613
15524,1362828652862459905
15525,1362828624391507970
15526,1362828462206177286
15527,1362828284757737474
15528,1362828280496291840
15529,1362828043912380417
15530,1362828010227986434
15531,1362827986962165763
15532,1362827966875635712
15533,1362827931924508678
15534,1362827817289924619
15535,1362827817105453059
15536,1362827811409526788
15537,1362827556194557952
15538,1362827362736496642
15539,1362827299918348300
15540,1362826895260319746
15541,1362826889983836167
15542,1362826792030138371
15543,1362826775772938241
15544,1362826748711350272
15545,1362826717249888265
15546,1362826606805450759
15547,1362826514916642823
15548,1362826469840453633
15549,1362826346079133707
15550,1362826245550006281
15551,1362826223496400896
15552,1362826162607714308
15553,1362826077484236804
15554,1362825964670119939
15555,1362825911314317312
15556,1362825886043668480
15557,1362825856368934920
15558,1362825795077623810
15559,1362825716727971842
15560,1362825689540530187
15561,1362825552399269889
15562,1362825358777712645
15563,1362825280163831812
15564,1362825058004123651
15565,1362825013838151684
15566,1362824965976956930
15567,1362824931856314372
15568,1362824894959022080
15569,1362824738469515266
15570,1362824722782765062
15571,1362824668873437185
15572,1362824616675315714
15573,1362824599537344517
15574,1362824533678374922
15575,1362824437561753602
15576,1362824333186502658
15577,1362824316820275202
15578,1362824265742102528
15579,1362824124658315264
15580,1362824113115590664
15581,1362824043410427907
15582,1362823990360866819
15583,1362823949109907457
15584,1362823938779324422
15585,1362823901101887494
15586,1362823846085210114
15587,1362823785603346439
15588,1362823764858314754
15589,1362823720616747010
15590,1362823673724477441
15591,1362823534226120704
15592,1362823522914074625
15593,1362823462767759364
15594,1362823410406064131
15595,1362823335286046720
15596,1362823214272032769
15597,1362823190368710660
15598,1362823121032593415
15599,1362823115433246721
15600,1362823007425728531
15601,1362822654659604486
15602,1362822642869305346
15603,1362822580797919235
15604,1362822500686696455
15605,1362822447939092481
15606,1362822405580861441
15607,1362822274122973191
15608,1362822142182776833
15609,1362822041775218688
15610,1362821982409089034
15611,1362821789072510979
15612,1362821744801759235
15613,1362821532305797127
15614,1362821526702198787
15615,1362821488752144386
15616,1362821426332450818
15617,1362821332686241801
15618,1362821189077467142
15619,1362821180512739335
15620,1362821090947514370
15621,1362820914803531780
15622,1362820626604564482
15623,1362820614030057476
15624,1362820563631300610
15625,1362820549777440769
15626,1362820355983896578
15627,1362820324321079299
15628,1362820247603003396
15629,1362820104392740872
15630,1362820019827138560
15631,1362819993562398726
15632,1362819645904936963
15633,1362819582285795337
15634,1362819419949445137
15635,1362819338940645377
15636,1362819232795418625
15637,1362819044185956354
15638,1362819021226311685
15639,1362818959452561412
15640,1362818730334572544
15641,1362818664454631424
15642,1362818630837284868
15643,1362818577758322692
15644,1362818410862755843
15645,1362818373227139073
15646,1362818349089124356
15647,1362818262631809024
15648,1362818245015781380
15649,1362818171925762053
15650,1362818058746793989
15651,1362817943210516480
15652,1362817918682161157
15653,1362817858712043523
15654,1362817823102423041
15655,1362817751677599746
15656,1362817396118089736
15657,1362817301049917440
15658,1362817294427160583
15659,1362817124306198535
15660,1362816970966654982
15661,1362816835591278594
15662,1362816751151558662
15663,1362816558943371270
15664,1362816555411771404
15665,1362816534247260162
15666,1362816376885379083
15667,1362816306274304011
15668,1362816296593879044
15669,1362816243636535301
15670,1362816203086004226
15671,1362815983807782913
15672,1362815952094642181
15673,1362815884453179394
15674,1362815629712125957
15675,1362815518772776964
15676,1362815447373070337
15677,1362815440955846657
15678,1362815422542843907
15679,1362815279676481538
15680,1362815067373330433
15681,1362815030895509505
15682,1362814889572634624
15683,1362814696827613194
15684,1362814601142927363
15685,1362814533086150657
15686,1362814505563095041
15687,1362814456573665282
15688,1362814295604686849
15689,1362814224100175873
15690,1362814152058757123
15691,1362813994168418306
15692,1362813988841603073
15693,1362813974060953603
15694,1362813954779734016
15695,1362813921372078089
15696,1362813902396997636
15697,1362813677867589640
15698,1362813629846982659
15699,1362813569453215746
15700,1362813495113363458
15701,1362813377639309316
15702,1362813024621518849
15703,1362812891838230528
15704,1362812843641421833
15705,1362812805003563016
15706,1362812675307233285
15707,1362812672501309440
15708,1362812661252161540
15709,1362812650233745416
15710,1362812628486225920
15711,1362812623163707400
15712,1362812537130082317
15713,1362812498727034891
15714,1362812424534040582
15715,1362812303482253312
15716,1362812255717502982
15717,1362812175258124290
15718,1362812170799616005
15719,1362812075156918273
15720,1362811898400563210
15721,1362811708838993922
15722,1362811699036712962
15723,1362811688689545221
15724,1362811677566189570
15725,1362811655579656204
15726,1362811450998353923
15727,1362811418840616963
15728,1362811401996279813
15729,1362811388591288325
15730,1362811360472690689
15731,1362811324548415501
15732,1362811294622117889
15733,1362811265542983686
15734,1362811192528539648
15735,1362811192444669962
15736,1362811125763608580
15737,1362811060949053446
15738,1362811029034569737
15739,1362810891209740291
15740,1362810880854007808
15741,1362810776889790465
15742,1362810751023464449
15743,1362810743754788864
15744,1362810654881636364
15745,1362810528456925184
15746,1362810493249990659
15747,1362810451487297536
15748,1362810412887117826
15749,1362810264207450116
15750,1362810217365405696
15751,1362810161451175940
15752,1362810139846270978
15753,1362810098695962627
15754,1362810048074944513
15755,1362810046548221958
15756,1362809948229562373
15757,1362809919825657859
15758,1362809773863940101
15759,1362809772454662146
15760,1362809579533434881
15761,1362809517516476421
15762,1362809484058517507
15763,1362809404236713986
15764,1362809393092386821
15765,1362809368899710980
15766,1362809315522920449
15767,1362809035444076550
15768,1362808914497196035
15769,1362808834251702282
15770,1362808812080660480
15771,1362808810465857537
15772,1362808745982648320
15773,1362808744552390656
15774,1362808731004764164
15775,1362808569821868032
15776,1362808534711304195
15777,1362808471595479043
15778,1362808463869562887
15779,1362808444387000329
15780,1362808341513310210
15781,1362808092866588679
15782,1362808062780854275
15783,1362807620709593094
15784,1362807552636039175
15785,1362807410860183558
15786,1362807276646658049
15787,1362807232497385472
15788,1362807225446789128
15789,1362807074304983041
15790,1362807050967875584
15791,1362807014557159427
15792,1362806980755226627
15793,1362806822567051272
15794,1362806793647378433
15795,1362806766581481485
15796,1362806759744823300
15797,1362806712315637764
15798,1362806606925361157
15799,1362806457801056261
15800,1362806400292896770
15801,1362806269019578373
15802,1362806237100994563
15803,1362806143920312321
15804,1362806087234310146
15805,1362806003616669698
15806,1362805951640842241
15807,1362805872494317574
15808,1362805834435198978
15809,1362805820656877570
15810,1362805686850174976
15811,1362805575290126345
15812,1362805350131503113
15813,1362805202370322432
15814,1362805202106150919
15815,1362804764812193801
15816,1362804736953634820
15817,1362804668917821443
15818,1362804624613376001
15819,1362804549040414720
15820,1362804417372827649
15821,1362804392991277056
15822,1362804367666126849
15823,1362804358623211520
15824,1362804288523808770
15825,1362804278080008194
15826,1362804257611788289
15827,1362804222878773252
15828,1362804212971700224
15829,1362804195124994051
15830,1362804171116789767
15831,1362804135578333191
15832,1362804133716180995
15833,1362804133380689930
15834,1362804103722713096
15835,1362804091890638849
15836,1362803824906416129
15837,1362803815045623808
15838,1362803806573129735
15839,1362803803335098375
15840,1362803785345748996
15841,1362803767578681349
15842,1362803719532904449
15843,1362803714310868994
15844,1362803685340938244
15845,1362803617904943107
15846,1362803599466770434
15847,1362803560614944775
15848,1362803328363724809
15849,1362803169869389827
15850,1362803136159756292
15851,1362803078605512707
15852,1362802995310841857
15853,1362802972103704576
15854,1362802916604727296
15855,1362802894630707206
15856,1362802883549409283
15857,1362802863152521224
15858,1362802836233453571
15859,1362802776678543364
15860,1362802764875780098
15861,1362802733200326658
15862,1362802648626438149
15863,1362802620537200643
15864,1362802368367235073
15865,1362802157876043785
15866,1362802087088713731
15867,1362801975738454025
15868,1362801782645280773
15869,1362801652164665345
15870,1362801480017805314
15871,1362801439693824002
15872,1362801330599960582
15873,1362801218125508608
15874,1362801195077816325
15875,1362801090346037260
15876,1362801036302417923
15877,1362800997593186304
15878,1362800901849812996
15879,1362800771247521798
15880,1362800713970163712
15881,1362800388429271043
15882,1362800378161623041
15883,1362800291788312578
15884,1362800205641449473
15885,1362800188310642693
15886,1362800087575969804
15887,1362799877269426181
15888,1362799745815748616
15889,1362799664609820675
15890,1362799121220927491
15891,1362799039721390081
15892,1362798979755487235
15893,1362798873606049794
15894,1362798858191929346
15895,1362798782077956104
15896,1362798713580756996
15897,1362798689253797896
15898,1362798627933073412
15899,1362798611256532993
15900,1362798455517810691
15901,1362798446927831043
15902,1362798421795606529
15903,1362798137363070977
15904,1362798064239542277
15905,1362798042739597314
15906,1362798028659261440
15907,1362797380043755525
15908,1362797181330161668
15909,1362796621965254661
15910,1362796610279899136
15911,1362796605519388673
15912,1362796598699384835
15913,1362796582308044802
15914,1362796509662691332
15915,1362796490670952448
15916,1362796281610043398
15917,1362796276291690497
15918,1362796267303284743
15919,1362795381625655305
15920,1362795190625394699
15921,1362795104025649157
15922,1362794925633503234
15923,1362794900048216065
15924,1362794730736803842
15925,1362794492101853192
15926,1362794388884250626
15927,1362794240074514432
15928,1362794159258615813
15929,1362794072381870080
15930,1362793962210287622
15931,1362793920992804864
15932,1362793847202467850
15933,1362793665761001480
15934,1362793656164491265
15935,1362793623478280193
15936,1362793419274391554
15937,1362793244791365645
15938,1362793156383801344
15939,1362793113648058379
15940,1362793102914842625
15941,1362793083511963656
15942,1362793053350674440
15943,1362793007288885248
15944,1362792829232250889
15945,1362792760311480320
15946,1362792740581441545
15947,1362792667147628546
15948,1362792628702629894
15949,1362792621681352706
15950,1362792538357260295
15951,1362792507021656064
15952,1362792430555258880
15953,1362792402830979073
15954,1362792152854634498
15955,1362791982238560257
15956,1362791753498173445
15957,1362791750344007680
15958,1362791747580026881
15959,1362791687563673614
15960,1362791595909787652
15961,1362791588074835968
15962,1362791586611032069
15963,1362791305122832384
15964,1362791055679184899
15965,1362791049287008258
15966,1362790929678143488
15967,1362790925471211523
15968,1362790853119528960
15969,1362790829262274561
15970,1362790737067331588
15971,1362790560113823746
15972,1362790493604749312
15973,1362790471110688769
15974,1362790399467782147
15975,1362790385265827840
15976,1362790252608372742
15977,1362789890178572290
15978,1362789657533165576
15979,1362789635756294144
15980,1362789586435530760
15981,1362789483033280516
15982,1362789364636520455
15983,1362789087321726976
15984,1362789067398782978
15985,1362788944379842562
15986,1362788899559530498
15987,1362788713038766089
15988,1362788602216873986
15989,1362788431332601860
15990,1362788412386922498
15991,1362788354954326026
15992,1362788323383730177
15993,1362788304824004608
15994,1362788242823733250
15995,1362787919971446789
15996,1362787780997357580
15997,1362787761569341444
15998,1362787702031216649
15999,1362787581386186761
16000,1362787422313074688
16001,1362787362820997121
16002,1362787327299444737
16003,1362787272773562373
16004,1362787012500217859
16005,1362786841376796676
16006,1362786813266579465
16007,1362786510811062276
16008,1362786385627934720
16009,1362786340526563331
16010,1362786231357218818
16011,1362786145864740868
16012,1362786061882130433
16013,1362785782088556548
16014,1362785670239047680
16015,1362785640111300615
16016,1362785634889433093
16017,1362785546263748613
16018,1362785486021001220
16019,1362785449694146572
16020,1362785214737641474
16021,1362785033627566084
16022,1362784995044184067
16023,1362784925972373505
16024,1362784918493921282
16025,1362784906754088966
16026,1362784842086293505
16027,1362784646350659588
16028,1362784604860657676
16029,1362784595352109059
16030,1362784586711896068
16031,1362784381367164938
16032,1362784290828939267
16033,1362784030870093827
16034,1362783987287138314
16035,1362783868475101190
16036,1362783794034540545
16037,1362783793040384002
16038,1362783784085651459
16039,1362783770315808768
16040,1362783761935532041
16041,1362783617580224516
16042,1362783471345745920
16043,1362783372037279744
16044,1362783297911201792
16045,1362783276209946626
16046,1362783211638636547
16047,1362783104591667201
16048,1362783040964096004
16049,1362782931064881155
16050,1362782852564271107
16051,1362782835342467072
16052,1362782746779746304
16053,1362782745517322243
16054,1362782698989899778
16055,1362782694833291267
16056,1362782647685103618
16057,1362782623249145859
16058,1362782450745769985
16059,1362782359309983744
16060,1362782306616885248
16061,1362782150442053635
16062,1362782137506803713
16063,1362782094519394304
16064,1362782087024115720
16065,1362782012201926659
16066,1362781910678831106
16067,1362781719867359233
16068,1362781698312859658
16069,1362781671943266309
16070,1362781655602233344
16071,1362781655027638272
16072,1362781584328433669
16073,1362781548479733765
16074,1362781535590641666
16075,1362781434847637505
16076,1362781401590996997
16077,1362781286394380288
16078,1362781223253401608
16079,1362781198238552067
16080,1362781108950171651
16081,1362780949919002627
16082,1362780563023794186
16083,1362780473026609156
16084,1362780329732431873
16085,1362780323654828033
16086,1362780051624886278
16087,1362779944405913600
16088,1362779831042211846
16089,1362779808489492494
16090,1362779779259379724
16091,1362779740080246784
16092,1362779524128256000
16093,1362779304854245378
16094,1362779269609512961
16095,1362779247463522304
16096,1362779161950052359
16097,1362778998112219136
16098,1362778976041771010
16099,1362778693890932739
16100,1362778677696692228
16101,1362778439711940609
16102,1362778403267633154
16103,1362778369377660932
16104,1362778310229569540
16105,1362778164280385537
16106,1362778162590060547
16107,1362778155451379717
16108,1362778128528121857
16109,1362778060601389063
16110,1362778056885227536
16111,1362778048605609986
16112,1362778026879107079
16113,1362778021195886594
16114,1362777979466752001
16115,1362777976711036929
16116,1362777949687058438
16117,1362777948365979648
16118,1362777938224181251
16119,1362777860168175619
16120,1362777628734808065
16121,1362777418268819457
16122,1362777126924136462
16123,1362777040253030404
16124,1362776882291302403
16125,1362776847298293767
16126,1362776815203450884
16127,1362776772006338562
16128,1362776725021749253
16129,1362776677324054533
16130,1362776657321459718
16131,1362776640032366592
16132,1362776486474842123
16133,1362776455873261570
16134,1362776434025111552
16135,1362776412961337347
16136,1362776303242469382
16137,1362776272498212870
16138,1362776213962563586
16139,1362776205980815361
16140,1362776174657699848
16141,1362776112489787400
16142,1362776091144912896
16143,1362776051563327494
16144,1362776037642416131
16145,1362775853051109381
16146,1362775847376150529
16147,1362775843391602692
16148,1362775780024057857
16149,1362775726114635777
16150,1362775657436958721
16151,1362775647454711808
16152,1362775632720130051
16153,1362775585005719559
16154,1362775539321290754
16155,1362775536628596737
16156,1362775468013944832
16157,1362775447470280704
16158,1362775446614597633
16159,1362775367262613515
16160,1362775320919764992
16161,1362775278922170372
16162,1362775228938653697
16163,1362775185800257559
16164,1362775185665966086
16165,1362775124940832774
16166,1362775101565976577
16167,1362775059300044808
16168,1362775058628939777
16169,1362775025259077634
16170,1362775005650710532
16171,1362774975082594304
16172,1362774926747439107
16173,1362774731171262465
16174,1362774661344464899
16175,1362774648509911045
16176,1362774640377135104
16177,1362774607766388736
16178,1362774605346336772
16179,1362774598564069376
16180,1362774542805049344
16181,1362774522307502089
16182,1362774519107231746
16183,1362774499784073219
16184,1362774451671224320
16185,1362774378166030340
16186,1362774339934969858
16187,1362774307580108800
16188,1362774263682502661
16189,1362774148628557824
16190,1362774044282617859
16191,1362774001773379585
16192,1362773999516872713
16193,1362773979795251200
16194,1362773978423693322
16195,1362773898564153344
16196,1362773845128675335
16197,1362773799716990980
16198,1362773772139438088
16199,1362773770742751236
16200,1362773573811785730
16201,1362773545919668225
16202,1362773451166122006
16203,1362773418635104278
16204,1362773310279401472
16205,1362773243426439168
16206,1362773095371710465
16207,1362773055412576259
16208,1362773027709194240
16209,1362773019958067205
16210,1362772942187339778
16211,1362772800214335490
16212,1362772680399859716
16213,1362772535570530313
16214,1362772525680381954
16215,1362772430083797002
16216,1362772423440035842
16217,1362772349704171522
16218,1362772282066796544
16219,1362772250273972225
16220,1362772240308334621
16221,1362772080249483274
16222,1362772075287629833
16223,1362772061509349388
16224,1362772015724265474
16225,1362771972300681218
16226,1362771944546979842
16227,1362771814989103108
16228,1362771682486874116
16229,1362771546528493579
16230,1362771315032268800
16231,1362771288146780162
16232,1362771109146468356
16233,1362771019132452865
16234,1362770958596141061
16235,1362770940938100742
16236,1362770918578208771
16237,1362770855890214918
16238,1362770774856204288
16239,1362770752227934208
16240,1362770707155988488
16241,1362770597151924236
16242,1362770570652360705
16243,1362770530663817217
16244,1362770448946241537
16245,1362770384022609921
16246,1362770305018703877
16247,1362770219022888993
16248,1362770161619492865
16249,1362770130061717506
16250,1362770086914883588
16251,1362769963224883200
16252,1362769926516338690
16253,1362769689823313926
16254,1362769541982519299
16255,1362769520990052353
16256,1362769469223948291
16257,1362769467277770754
16258,1362769436147671040
16259,1362769406309326858
16260,1362769370976555011
16261,1362769342224601095
16262,1362769314647068674
16263,1362769309156671495
16264,1362769282887782406
16265,1362769243620708354
16266,1362769158035943426
16267,1362769095968628739
16268,1362769020483756051
16269,1362768916972453893
16270,1362768908621602817
16271,1362768877286027265
16272,1362768853772750851
16273,1362768844088102917
16274,1362768811104096262
16275,1362768778963152897
16276,1362768769177763840
16277,1362768765256163332
16278,1362768740723658754
16279,1362768726165225476
16280,1362768705495646208
16281,1362768680384348163
16282,1362768656657178627
16283,1362768646427312131
16284,1362768642421702656
16285,1362768568111296513
16286,1362768560985174019
16287,1362768523660058625
16288,1362768509143515140
16289,1362768484770398213
16290,1362768280453324801
16291,1362768274916859906
16292,1362768268264673284
16293,1362768252930318336
16294,1362768220210536459
16295,1362768078648541191
16296,1362768035048812546
16297,1362768013288693760
16298,1362767593866752026
16299,1362767522412519433
16300,1362767514808295432
16301,1362767428246261761
16302,1362767327318654987
16303,1362767275481313286
16304,1362767193952440321
16305,1362767191523942410
16306,1362767104739524611
16307,1362767089522642946
16308,1362767027103035392
16309,1362766977543118851
16310,1362766944655593472
16311,1362766831191212034
16312,1362766786022821891
16313,1362766718939123716
16314,1362766673506369540
16315,1362766616140935170
16316,1362766565607960576
16317,1362766560801280004
16318,1362766494308958213
16319,1362766477850521602
16320,1362766437862035466
16321,1362766306051829762
16322,1362766276381315074
16323,1362766208156762112
16324,1362766128838303748
16325,1362766113000587266
16326,1362766089264971780
16327,1362765985367928854
16328,1362765960353046530
16329,1362765949460500487
16330,1362765881080700941
16331,1362765801871261702
16332,1362765730719105032
16333,1362765719277027332
16334,1362765592340672513
16335,1362765573554397184
16336,1362765526813061133
16337,1362765462145269763
16338,1362765334537625605
16339,1362765305576103940
16340,1362765244393750534
16341,1362765213725036545
16342,1362765207886569474
16343,1362765198394875930
16344,1362765181378564097
16345,1362765154987876361
16346,1362765122356326400
16347,1362765074293813250
16348,1362764904386682882
16349,1362764888603566083
16350,1362764855862841348
16351,1362764818978111497
16352,1362764720189628417
16353,1362764716976791552
16354,1362764707803856901
16355,1362764704641413121
16356,1362764699457175555
16357,1362764689445429252
16358,1362764654582317064
16359,1362764542460243972
16360,1362764475636588547
16361,1362764194383282181
16362,1362764187697516545
16363,1362764122333589507
16364,1362764080768053249
16365,1362763934521040898
16366,1362763884743057412
16367,1362763853021532160
16368,1362763822780579845
16369,1362763818179387392
16370,1362763768447590402
16371,1362763616685076482
16372,1362763548456271876
16373,1362763525370892302
16374,1362763507482177539
16375,1362763504076341256
16376,1362763458375262214
16377,1362763443321864194
16378,1362763426511134722
16379,1362763373465722889
16380,1362763212970729475
16381,1362763166053261317
16382,1362763149192093698
16383,1362763005432373252
16384,1362762996863406103
16385,1362762952194084871
16386,1362762861341265925
16387,1362762807100510217
16388,1362762741128323076
16389,1362762731221360644
16390,1362762594461900806
16391,1362762561737928704
16392,1362762525675249668
16393,1362762504930267137
16394,1362762475859542032
16395,1362762385216442368
16396,1362762254454718471
16397,1362762250558308360
16398,1362762201250070529
16399,1362762068957528075
16400,1362762064079503368
16401,1362762012313456642
16402,1362761916670738434
16403,1362761796512268291
16404,1362761753558478848
16405,1362761720377335813
16406,1362761678144876545
16407,1362761643147595777
16408,1362761642921099270
16409,1362761621320339459
16410,1362761527305113603
16411,1362761475752886276
16412,1362761353480392710
16413,1362761286572990465
16414,1362761286430429187
16415,1362761285532794882
16416,1362761214414225415
16417,1362761187071524869
16418,1362761116359753739
16419,1362761098466910214
16420,1362760981710069777
16421,1362760966426009606
16422,1362760637278003202
16423,1362760598728151044
16424,1362760471456198658
16425,1362760458617380865
16426,1362760200822923264
16427,1362760194615349250
16428,1362760112805445635
16429,1362760021499650060
16430,1362760012167139331
16431,1362759955095379972
16432,1362759853605679108
16433,1362759812736507905
16434,1362759713763586048
16435,1362759666535714825
16436,1362759601314287618
16437,1362759442622779392
16438,1362759367246966794
16439,1362759325740118019
16440,1362759222795108354
16441,1362759213131382792
16442,1362759209931206662
16443,1362759197235032064
16444,1362759191086120966
16445,1362759173646262279
16446,1362759141907963910
16447,1362759078167068672
16448,1362759075164016640
16449,1362758976346198022
16450,1362758924890431493
16451,1362758766052184069
16452,1362758739749707780
16453,1362758698498719747
16454,1362758627552067588
16455,1362758601694195712
16456,1362758541912772609
16457,1362758540952297479
16458,1362758469871415299
16459,1362758400736714758
16460,1362758332516343812
16461,1362758304334766083
16462,1362758258000281604
16463,1362758245559992322
16464,1362758236743606275
16465,1362758219630862341
16466,1362758197174501378
16467,1362758151204929538
16468,1362758112176930819
16469,1362758110591541248
16470,1362758058838024198
16471,1362758057231605761
16472,1362757990005243906
16473,1362757986343677959
16474,1362757961764986883
16475,1362757907067068416
16476,1362757867443527680
16477,1362757865811955723
16478,1362757735591387139
16479,1362757700019486729
16480,1362757503164030982
16481,1362757495396200450
16482,1362757378593161220
16483,1362757299345973248
16484,1362757250398486531
16485,1362757119661998085
16486,1362757109721538564
16487,1362756990955626497
16488,1362756983418466310
16489,1362756961926860803
16490,1362756898731274240
16491,1362756778514071555
16492,1362756775812993025
16493,1362756752350056449
16494,1362756615624138752
16495,1362756584934408198
16496,1362756572590571527
16497,1362756537819811843
16498,1362756456202838020
16499,1362756438184124416
16500,1362756394533998598
16501,1362756370064408578
16502,1362756348593778695
16503,1362756332613419012
16504,1362756309465071620
16505,1362756286497054723
16506,1362756251646652416
16507,1362756157903937541
16508,1362756099229810688
16509,1362756077742419972
16510,1362756069232177152
16511,1362756048625561600
16512,1362756034260062213
16513,1362755969483210752
16514,1362755895390834694
16515,1362755733230649357
16516,1362755703572738055
16517,1362755691568656385
16518,1362755682945146885
16519,1362755609343459328
16520,1362755605363097602
16521,1362755584211251202
16522,1362755543320973314
16523,1362755540812718090
16524,1362755531631456258
16525,1362755503579951106
16526,1362755466925907972
16527,1362755406968324100
16528,1362755368015835137
16529,1362755287329955840
16530,1362755200612773890
16531,1362755138239266816
16532,1362755127346679808
16533,1362755011931893764
16534,1362754921880301574
16535,1362754908970188804
16536,1362754906688487424
16537,1362754874954428419
16538,1362754654245965824
16539,1362754565712580615
16540,1362754548662738949
16541,1362754548079681538
16542,1362754531386359812
16543,1362754524012826625
16544,1362754473882513409
16545,1362754463207985152
16546,1362754449622630401
16547,1362754381985308672
16548,1362754359503773697
16549,1362754323114000384
16550,1362754275370147842
16551,1362754202523566081
16552,1362754173666807813
16553,1362754116909477892
16554,1362754080129626113
16555,1362753934583029767
16556,1362753898277179394
16557,1362753807499882496
16558,1362753728730824705
16559,1362753709646770202
16560,1362753644672737282
16561,1362753610602455041
16562,1362753595012177921
16563,1362753574653071360
16564,1362753558559531017
16565,1362753546718961669
16566,1362753476049133571
16567,1362753451164372992
16568,1362753450128400392
16569,1362753433590235136
16570,1362753416368447488
16571,1362753400849498113
16572,1362753301763219456
16573,1362753174537388032
16574,1362753160700395523
16575,1362753093713166338
16576,1362753050826448899
16577,1362753012259827718
16578,1362752953875070978
16579,1362752910652768256
16580,1362752910170484741
16581,1362752856403640325
16582,1362752854881140738
16583,1362752840012283905
16584,1362752812241870853
16585,1362752810874511362
16586,1362752773633245186
16587,1362752767874449410
16588,1362752759817240577
16589,1362752611632500738
16590,1362752567156031492
16591,1362752497715187712
16592,1362752469818896384
16593,1362752403213287426
16594,1362752340957290496
16595,1362752324305887237
16596,1362752224863137792
16597,1362752212934537218
16598,1362752175068348419
16599,1362752172849573895
16600,1362752169678626816
16601,1362752096064405505
16602,1362752074870620160
16603,1362752012673310721
16604,1362751899007598594
16605,1362751884604420100
16606,1362751859748986880
16607,1362751795416727557
16608,1362751710880481280
16609,1362751691456659461
16610,1362751648330825730
16611,1362751420345294848
16612,1362751293345968130
16613,1362751278829428737
16614,1362751258134802432
16615,1362751148663443465
16616,1362750924670853127
16617,1362750878021808133
16618,1362750851832549378
16619,1362750831423066124
16620,1362750754935754755
16621,1362750674837061633
16622,1362750647431528448
16623,1362750620411781125
16624,1362750616683110407
16625,1362750525209522179
16626,1362750487586607104
16627,1362750435040362501
16628,1362750381051248640
16629,1362750342472097792
16630,1362750300084338694
16631,1362750146497372161
16632,1362750102188814337
16633,1362750086133014531
16634,1362749882134638593
16635,1362749801520132096
16636,1362749596879962113
16637,1362749580283109377
16638,1362749513920880645
16639,1362749511580418049
16640,1362749456790265857
16641,1362749311977730048
16642,1362749262296137730
16643,1362749145388351490
16644,1362749098848378880
16645,1362749060784996352
16646,1362749010273067010
16647,1362748943365505024
16648,1362748929272610818
16649,1362748828106039298
16650,1362748780441821186
16651,1362748676918108161
16652,1362748619045093377
16653,1362748550208253954
16654,1362748438346149895
16655,1362748322042286083
16656,1362747934761172996
16657,1362747922505465857
16658,1362747912074240002
16659,1362747891488555010
16660,1362747849541320707
16661,1362747763285499905
16662,1362747703004983296
16663,1362747663976968196
16664,1362747606636630018
16665,1362747547249426434
16666,1362747455570345984
16667,1362747382618857473
16668,1362747374108631045
16669,1362747342261223424
16670,1362747334002671617
16671,1362747232345350144
16672,1362747209628925955
16673,1362747205380173824
16674,1362747200560857091
16675,1362747198040064001
16676,1362747194479169541
16677,1362747177408335873
16678,1362747163600711687
16679,1362747036387467265
16680,1362747025801048065
16681,1362746999171407875
16682,1362746969110757379
16683,1362746948445495300
16684,1362746928237264900
16685,1362746907253161986
16686,1362746899581779970
16687,1362746766618206215
16688,1362746746133229569
16689,1362746743255891970
16690,1362746722376691719
16691,1362746703623950338
16692,1362746689266802688
16693,1362746683336048643
16694,1362746657058783232
16695,1362746624439648256
16696,1362746573571174401
16697,1362746573436956672
16698,1362746530525048834
16699,1362746528188821506
16700,1362746514691534849
16701,1362746499134857217
16702,1362746449432371201
16703,1362746448673136641
16704,1362746433439416320
16705,1362746421007499270
16706,1362746357551882250
16707,1362746356222287874
16708,1362746288836653057
16709,1362746287997730829
16710,1362746285372149760
16711,1362746268267778056
16712,1362746248718127106
16713,1362746230636498945
16714,1362746227624968197
16715,1362746191889465346
16716,1362746169198321667
16717,1362746150051282950
16718,1362746131021766662
16719,1362745968983162883
16720,1362745955037151237
16721,1362745926125764611
16722,1362745903707271174
16723,1362745879057334274
16724,1362745866122125313
16725,1362745865333522435
16726,1362745864310169605
16727,1362745813932376067
16728,1362745758626234370
16729,1362745706331652098
16730,1362745703576010752
16731,1362745691026706437
16732,1362745682822635522
16733,1362745648609714176
16734,1362745645895983105
16735,1362745608612810755
16736,1362745524772823040
16737,1362745521069293568
16738,1362745478362898432
16739,1362745470112722949
16740,1362745402349477889
16741,1362745401510617088
16742,1362745371169087490
16743,1362745336402477059
16744,1362745278013599751
16745,1362745262964436992
16746,1362745229414121474
16747,1362745194664366085
16748,1362745160086519811
16749,1362745117283647492
16750,1362745061692350465
16751,1362744960840261635
16752,1362744936530141186
16753,1362744906335281153
16754,1362744865860292608
16755,1362744856578297860
16756,1362744813284687872
16757,1362744768418177025
16758,1362744721215479815
16759,1362744685127680007
16760,1362744613191245825
16761,1362744591745773570
16762,1362744581557788672
16763,1362744552151515138
16764,1362744546493349891
16765,1362744542919860226
16766,1362744534237601798
16767,1362744525849034761
16768,1362744516017545231
16769,1362744503782825985
16770,1362744447759507456
16771,1362744386178719745
16772,1362744382823292931
16773,1362744345741455374
16774,1362744333502398464
16775,1362744320063922179
16776,1362744155840147456
16777,1362744135665545218
16778,1362744123523031041
16779,1362744005952499714
16780,1362743998486618117
16781,1362743981935894530
16782,1362743955335630860
16783,1362743935760752643
16784,1362743904844546049
16785,1362743813039661061
16786,1362743762582175750
16787,1362743669690892288
16788,1362743641194790918
16789,1362743462995648515
16790,1362743401100304390
16791,1362743335945981952
16792,1362743332431163392
16793,1362743293319274499
16794,1362743268602183683
16795,1362743251611049987
16796,1362743215317803011
16797,1362743194409185280
16798,1362743054705246208
16799,1362742984266162178
16800,1362742982626086919
16801,1362742936878919681
16802,1362742695018565634
16803,1362742674797850626
16804,1362742625137291267
16805,1362742541813227536
16806,1362742517284929540
16807,1362742441921683460
16808,1362742416806191105
16809,1362742409361313793
16810,1362742357423226881
16811,1362742353862275079
16812,1362742336644644864
16813,1362742328897732611
16814,1362742198849126402
16815,1362742161553391616
16816,1362742092913500163
16817,1362742083711336454
16818,1362742075557634049
16819,1362742032087867395
16820,1362741995744165889
16821,1362741915473567749
16822,1362741880925147142
16823,1362741851548246017
16824,1362741837115629568
16825,1362741799102664707
16826,1362741789384466433
16827,1362741706064560132
16828,1362741692567273473
16829,1362741667393118209
16830,1362741660531249155
16831,1362741650242605056
16832,1362741622744711173
16833,1362741614398083073
16834,1362741596773621761
16835,1362741575420411906
16836,1362741463843487749
16837,1362741346130407427
16838,1362741327251845120
16839,1362741260927328256
16840,1362741244011704320
16841,1362741241792901120
16842,1362741222289199104
16843,1362741196603486208
16844,1362741189590593544
16845,1362741179142574080
16846,1362741145357418500
16847,1362741140517244945
16848,1362741138805968898
16849,1362741103691264001
16850,1362741101510164487
16851,1362741085538295809
16852,1362741051421847553
16853,1362741034971762688
16854,1362741026750926848
16855,1362741018475520000
16856,1362741010170843141
16857,1362740969653891072
16858,1362740969246965766
16859,1362740906798051331
16860,1362740879832801283
16861,1362740721149751297
16862,1362740704934563840
16863,1362740654187700225
16864,1362740589939355652
16865,1362740493927526402
16866,1362740465649516548
16867,1362740423630938115
16868,1362740353577713669
16869,1362740348909461506
16870,1362740148077789184
16871,1362740120726732800
16872,1362740095183372289
16873,1362740054318329857
16874,1362740013570666499
16875,1362740000081678340
16876,1362739979026395137
16877,1362739837506359297
16878,1362739797610102786
16879,1362739766974906370
16880,1362739766786215939
16881,1362739735937048577
16882,1362739695592103936
16883,1362739682795286529
16884,1362739668861792258
16885,1362739547071803392
16886,1362739538330845188
16887,1362739389651157000
16888,1362739318117310470
16889,1362739303256850433
16890,1362739268523859969
16891,1362739254015713283
16892,1362739237855125508
16893,1362739203767943168
16894,1362739199376506881
16895,1362739194590883843
16896,1362739192040738816
16897,1362739142849888266
16898,1362739042090115074
16899,1362738907025199106
16900,1362738896161939463
16901,1362738891149697026
16902,1362738866034204676
16903,1362738857167495168
16904,1362738854491480064
16905,1362738846992064517
16906,1362738845431853056
16907,1362738793032404995
16908,1362738777815453697
16909,1362738744017752065
16910,1362738711314726913
16911,1362738707950952453
16912,1362738617689518080
16913,1362738584256712704
16914,1362738565768216577
16915,1362738524898938887
16916,1362738510818664449
16917,1362738462902910978
16918,1362738314541989889
16919,1362738286113017856
16920,1362738236032974849
16921,1362738233986207746
16922,1362738192647086088
16923,1362738180965941251
16924,1362738019422396416
16925,1362738016100487168
16926,1362737973352148992
16927,1362737961457119235
16928,1362737960051998722
16929,1362737950086164486
16930,1362737927055429634
16931,1362737918561951754
16932,1362737874836332546
16933,1362737839713124356
16934,1362737830343151620
16935,1362737821346390016
16936,1362737802002243587
16937,1362737792095289356
16938,1362737652911525889
16939,1362737636608270338
16940,1362737630673272832
16941,1362737568538836994
16942,1362737538876735491
16943,1362737390058688512
16944,1362737376938835972
16945,1362737319434989571
16946,1362737316884844546
16947,1362737296445964290
16948,1362737253458526210
16949,1362737236878512131
16950,1362737220273201154
16951,1362737206830510080
16952,1362737197967900675
16953,1362737185313742848
16954,1362737168574111751
16955,1362737155165081600
16956,1362737129193934849
16957,1362737126475980802
16958,1362737115075907587
16959,1362737021257662466
16960,1362737019584213006
16961,1362737007357739008
16962,1362736989993320451
16963,1362736965737738240
16964,1362736914441383938
16965,1362736895248195585
16966,1362736882350776323
16967,1362736804911321093
16968,1362736802948407299
16969,1362736801354498051
16970,1362736705221103616
16971,1362736642952413192
16972,1362736636640002050
16973,1362736636287680520
16974,1362736600371912711
16975,1362736579672965123
16976,1362736574572621829
16977,1362736569321484289
16978,1362736544843456512
16979,1362736521573498880
16980,1362736489860333571
16981,1362736406506967041
16982,1362736405441634308
16983,1362736381102067713
16984,1362736334239072259
16985,1362736309773688832
16986,1362736267172208642
16987,1362736248805285898
16988,1362736211895451650
16989,1362736151837233154
16990,1362736113320931328
16991,1362736071847669761
16992,1362735996635381762
16993,1362735984069259265
16994,1362735917958656001
16995,1362735911520321537
16996,1362735834647191556
16997,1362735826426355713
16998,1362735764400971777
16999,1362735744482172933
17000,1362735659379793924
17001,1362735598323322880
17002,1362735530786639872
17003,1362735522247041026
17004,1362735505566228481
17005,1362735458682347520
17006,1362735444748881924
17007,1362735380127248385
17008,1362735302947860481
17009,1362735220865314819
17010,1362735188527239171
17011,1362735075302010880
17012,1362735006641184776
17013,1362734991952785408
17014,1362734877951610880
17015,1362734672510410752
17016,1362734665082277889
17017,1362734603132407816
17018,1362734591904202753
17019,1362734561889820677
17020,1362734516109012993
17021,1362734389243879431
17022,1362734327990267909
17023,1362734323116474369
17024,1362734154736140291
17025,1362734050201530368
17026,1362734048800628737
17027,1362734004378689539
17028,1362733954877558794
17029,1362733858685411342
17030,1362733807070240768
17031,1362733788191678465
17032,1362733773230645249
17033,1362733742142459907
17034,1362733717291208705
17035,1362733699608027140
17036,1362733671887822851
17037,1362733657534914561
17038,1362733611766669312
17039,1362733532192403458
17040,1362733523745067014
17041,1362733522776190976
17042,1362733516929253378
17043,1362733440731340802
17044,1362733431344558081
17045,1362733368576729093
17046,1362733358103552001
17047,1362733353384951814
17048,1362733315141304320
17049,1362733287974838274
17050,1362733232920399872
17051,1362733189589049352
17052,1362733167552167942
17053,1362733144814866433
17054,1362733137516769281
17055,1362733087533203462
17056,1362733038413692930
17057,1362733025000382466
17058,1362733001126383621
17059,1362733000270741507
17060,1362732994314858496
17061,1362732989503971329
17062,1362732928745275395
17063,1362732913889058819
17064,1362732898172960768
17065,1362732828086181889
17066,1362732762478878720
17067,1362732737510207489
17068,1362732678844399616
17069,1362732615988576257
17070,1362732543825559552
17071,1362732483830296579
17072,1362732350652751875
17073,1362732340682883073
17074,1362732320571207682
17075,1362732271745323014
17076,1362732223837982723
17077,1362732221203906561
17078,1362732206041497603
17079,1362732145580597249
17080,1362732094288461824
17081,1362732069940568067
17082,1362732043227041794
17083,1362732015808892930
17084,1362731992635301894
17085,1362731973723230208
17086,1362731916278059010
17087,1362731888574681088
17088,1362731869591244804
17089,1362731849936691203
17090,1362731799332413457
17091,1362731757620060162
17092,1362731755485208578
17093,1362731725625901056
17094,1362731714787893249
17095,1362731679266267137
17096,1362731679169798147
17097,1362731624966807558
17098,1362731618344054796
17099,1362731599125700610
17100,1362731577864839168
17101,1362731570629644291
17102,1362731530947342338
17103,1362731503369789442
17104,1362731498240114689
17105,1362731488089890818
17106,1362731480502386688
17107,1362731474118717446
17108,1362731423984201730
17109,1362731416409288708
17110,1362731211349651457
17111,1362731088548945931
17112,1362730941962219521
17113,1362730904116994048
17114,1362730846998958083
17115,1362730823791894529
17116,1362730819396259852
17117,1362730819186536449
17118,1362730814363095048
17119,1362730800123412482
17120,1362730757123366912
17121,1362730704535236610
17122,1362730700827488260
17123,1362730662491521040
17124,1362730656896278536
17125,1362730624868626432
17126,1362730584540340224
17127,1362730507553959936
17128,1362730376167387139
17129,1362730372098891776
17130,1362730302297182210
17131,1362730251973976066
17132,1362730251797860355
17133,1362730236031426560
17134,1362730235024801798
17135,1362730154078986242
17136,1362730132759343104
17137,1362730074001317889
17138,1362730049452072960
17139,1362730033933148161
17140,1362730003625091074
17141,1362729998692593664
17142,1362729964152487936
17143,1362729925426507777
17144,1362729850440720387
17145,1362729846711996417
17146,1362729834162618369
17147,1362729820065591297
17148,1362729802164297737
17149,1362729763052408833
17150,1362729741132980231
17151,1362729683486400515
17152,1362729668286234635
17153,1362729573826383872
17154,1362729501403336705
17155,1362729445807845377
17156,1362729442649526272
17157,1362729404087099396
17158,1362729360638238723
17159,1362729355269595137
17160,1362729347052937218
17161,1362729340136542208
17162,1362729292824723463
17163,1362729289502883857
17164,1362729241578778625
17165,1362729211899883524
17166,1362729166211346432
17167,1362729099286953986
17168,1362729035932069888
17169,1362729024708108289
17170,1362729004810330113
17171,1362728978646261770
17172,1362728892436525058
17173,1362728888972017671
17174,1362728881501929473
17175,1362728850065604610
17176,1362728849692389378
17177,1362728828599156738
17178,1362728589419032576
17179,1362728484867608577
17180,1362728480228655104
17181,1362728409445597186
17182,1362728352314974210
17183,1362728338884866049
17184,1362728284346343424
17185,1362728267875295233
17186,1362728241958543364
17187,1362728228528480257
17188,1362728179895570432
17189,1362728135960231936
17190,1362728096739246081
17191,1362728090602987521
17192,1362727987817418754
17193,1362727965134569475
17194,1362727918787526658
17195,1362727837027958791
17196,1362727820317913092
17197,1362727798687825921
17198,1362727625706340353
17199,1362727566382088192
17200,1362727564599578630
17201,1362727530428583939
17202,1362727482064003072
17203,1362727477009858560
17204,1362727453169504260
17205,1362727425226997771
17206,1362727409930428419
17207,1362727317299220483
17208,1362727303554494466
17209,1362727249963802631
17210,1362727239981420549
17211,1362727185057009665
17212,1362727166975369220
17213,1362727141167742977
17214,1362727135945912324
17215,1362727106980020225
17216,1362727092761337856
17217,1362727046418489349
17218,1362726992525881346
17219,1362726990047023108
17220,1362726838255181832
17221,1362726775076368388
17222,1362726725499633674
17223,1362726647716327425
17224,1362726647665950721
17225,1362726517206360067
17226,1362726480950808578
17227,1362726455529070599
17228,1362726446062567428
17229,1362726351460007945
17230,1362726286934888450
17231,1362726255020412929
17232,1362726243192483840
17233,1362726178990219266
17234,1362726091086049286
17235,1362726074174631939
17236,1362726071783874564
17237,1362726058966085633
17238,1362726033254993921
17239,1362726004607877137
17240,1362725998375108608
17241,1362725950597836805
17242,1362725935330525186
17243,1362725854611177475
17244,1362725753868189698
17245,1362725685945589761
17246,1362725644824633345
17247,1362725626084524033
17248,1362725620556439554
17249,1362725600125935617
17250,1362725598087503875
17251,1362725597525508098
17252,1362725586729328640
17253,1362725580802830338
17254,1362725571445284874
17255,1362725530924154882
17256,1362725520207675401
17257,1362725506660114433
17258,1362725502193176582
17259,1362725450821210112
17260,1362725397935308800
17261,1362725394651185156
17262,1362725392646365186
17263,1362725384123465730
17264,1362725332537790466
17265,1362725309292937216
17266,1362725264762032128
17267,1362725250258067457
17268,1362725223964041218
17269,1362725195258200068
17270,1362725155835940865
17271,1362724981944254464
17272,1362724964403728413
17273,1362724912427851776
17274,1362724911303819267
17275,1362724885634686976
17276,1362724871810260994
17277,1362724838863953923
17278,1362724812267921409
17279,1362724804521058308
17280,1364219357618974720
17281,1364219115767005189
17282,1364216815480696832
17283,1364213062824263683
17284,1364210978787844103
17285,1364210822394875909
17286,1364210491804053504
17287,1364209647008182275
17288,1364209256455667713
17289,1364207914265812999
17290,1364206752766562305
17291,1364205353450233858
17292,1364204904768765952
17293,1364204685104676868
17294,1364201802908983298
17295,1364201676928913416
17296,1364201478093742080
17297,1364198926388056068
17298,1364198727012016131
17299,1364198220453335042
17300,1364197859080421386
17301,1364197532004474883
17302,1364197519757082627
17303,1364197436487565321
17304,1364197404401164291
17305,1364195771642478593
17306,1364195023525445637
17307,1364194864691351552
17308,1364194293733330944
17309,1364193974714585097
17310,1364193834268303363
17311,1364193772494536707
17312,1364193536095248385
17313,1364190668478889984
17314,1364190421644152833
17315,1364190365780242432
17316,1364190332188041221
17317,1364188836402778116
17318,1364181817708978178
17319,1364179577099149314
17320,1364179552642232324
17321,1364179132804980738
17322,1364179012931698690
17323,1364161290583891968
17324,1364159546374127616
17325,1364159512609972226
17326,1364145214928134145
17327,1364143351356940288
17328,1364134217177825280
17329,1364128657980207104
17330,1364126251674460162
17331,1364122332374175744
17332,1364121520369504261
17333,1364110463517286403
17334,1364101965890863106
17335,1364101512348266499
17336,1364096757358071813
17337,1364095532336087040
17338,1364076833273221120
17339,1364075473400176642
17340,1364074559171878912
17341,1364074507691040778
17342,1364074506764120066
17343,1364074074373292032
17344,1364070021413101568
17345,1364045372197384195
17346,1364045323304394753
17347,1364044753206194181
17348,1364044603024953344
17349,1364040652565213185
17350,1364034002219380740
17351,1364033062854656001
17352,1363093826269814784
17353,1362870582832955392
17354,1362107297305161732
17355,1362093169505169413
17356,1362027475845468160
17357,1361980750988521475
17358,1361974177696202753
17359,1361957980925747200
17360,1361842854692347908
17361,1361836595419168781
17362,1361681633208897536
17363,1361599978930634752
17364,1364248951420051461
17365,1364239840049561601
17366,1364217504114106372
17367,1364214880795062276
17368,1364132012718780418
17369,1364121144379527168
17370,1363777951066697729
17371,1363761175813619712
17372,1363618897228931073
17373,1363584051597221890
17374,1363579436038242307
17375,1363501760703324161
17376,1363478006468141057
17377,1362688192990830597
17378,1362447638759620608
17379,1362399569573781504
17380,1364288592353390594
17381,1364287201543151628
17382,1364268666121035776
17383,1364268473329872908
17384,1364268365985046529
17385,1364264163154006017
17386,1364262714093273094
17387,1364258666598260742
17388,1364258100195323907
17389,1364257310873448451
17390,1364238067981307910
17391,1364234933712076801
17392,1364234887209906179
17393,1364227890443911169
17394,1364227739075575810
17395,1364227546867396612
17396,1364225992110133258
17397,1364225440051732487
17398,1364225356673163270
17399,1364223063928098816
17400,1364223026548469763
17401,1364215106914123777
17402,1364214936046559233
17403,1364214854102507527
17404,1364214845407657984
17405,1364214393261686785
17406,1364212765091651585
17407,1364192576883023877
17408,1364163221435858944
17409,1364162253092757509
17410,1364158245716299782
17411,1364157666608754689
17412,1364157484089360384
17413,1364157165473267713
17414,1364130385479815168
17415,1364124748289089536
17416,1364102482402623492
17417,1364101756251213825
17418,1364101348782964737
17419,1364100606135271424
17420,1364100234972966914
17421,1364096492072562688
17422,1364095357265842177
17423,1364092825969844224
17424,1364092625691828225
17425,1364077533604552705
17426,1364076629748817920
17427,1364070748588036096
17428,1363946626033803270
17429,1363939265915330566
17430,1363935843904282635
17431,1363933935625977866
17432,1363926704885026817
17433,1363891766861135879
17434,1363867249786974210
17435,1363862253859176450
17436,1363862075248955395
17437,1363860816169218054
17438,1363855840214720536
17439,1363855253188263940
17440,1363854690254016515
17441,1363849376528027651
17442,1363848915590742018
17443,1363845194165067777
17444,1363838031984230400
17445,1363836590775296002
17446,1363755429801701376
17447,1363589839795453958
17448,1363589164210544640
17449,1363570153225650178
17450,1363569946991689739
17451,1363569456635666441
17452,1363553985060368394
17453,1363505629906804738
17454,1363456128168972290
17455,1363255366084153344
17456,1363208380442157059
17457,1363140587654938626
17458,1363059085785108481
17459,1363049466824183811
17460,1363045347103236096
17461,1363042064229937152
17462,1363040004931530755
17463,1363017875775254529
17464,1363017034720813057
17465,1363016725827059714
17466,1363015622523834371
17467,1363015274262331393
17468,1363013134642987008
17469,1363010551417307137
17470,1363009261517889542
17471,1363007979554025472
17472,1363007126981992449
17473,1363006859049844736
17474,1363001625430925313
17475,1362996419746029568
17476,1362996221237944322
17477,1362968473782149121
17478,1362801975738454025
17479,1362788578695262209
17480,1362787959003578368
17481,1362785458120495109
17482,1362779282649546753
17483,1362744783433830400
17484,1362742753952739330
17485,1362741340598120451
17486,1362738914516172802
17487,1362734398504898560
17488,1362726373140426753
17489,1362722128181809156
17490,1362688260716298254
17491,1362682898860621827
17492,1362681903963394050
17493,1362681574014214144
17494,1362680487014195200
17495,1362680225675546625
17496,1362674743145623555
17497,1362637194654056448
17498,1362637091084132352
17499,1362636614850269184
17500,1362635957325996033
17501,1362552358702637059
17502,1362454192716185603
17503,1362453920635879426
17504,1362453539851821060
17505,1362426573153001480
17506,1362424342714470404
17507,1362422459400658945
17508,1362416874873577475
17509,1362407703948234752
17510,1362372114536357889
17511,1362367643047575552
17512,1362363876835221511
17513,1362359554202349571
17514,1362336630267330561
17515,1362326878741286912
17516,1362326568689954816
17517,1362322406472302593
17518,1362316109886730241
17519,1362315411941974016
17520,1362314482609913857
17521,1362313198725189632
17522,1362307644954968064
17523,1362289830403710976
17524,1362289192286498817
17525,1362281990570078208
17526,1362276509847797765
17527,1362272280638808066
17528,1362267082885390338
17529,1362266768602001412
17530,1362263187203194880
17531,1362257905534324737
17532,1362201430958956544
17533,1362162438381195363
17534,1362152600079114249
17535,1362142613646823432
17536,1362138964073852935
17537,1362108722890342401
17538,1362104130051993604
17539,1362103934647738373
17540,1362103231111962628
17541,1362055374627504134
17542,1362054381483483136
17543,1362052341239791616
17544,1362033676062720003
17545,1362032964041900032
17546,1362032677206056967
17547,1362030936867680256
17548,1362030852096598022
17549,1362030227204038659
17550,1362029868670738442
17551,1362026710695350273
17552,1362026365839622149
17553,1362023554032799754
17554,1362023479047036929
17555,1362021163342438403
17556,1362020041269665800
17557,1362019735454576648
17558,1362015863122059266
17559,1362015649925648389
17560,1362015496137297920
17561,1362014833764360193
17562,1361997820304257024
17563,1361995714163802112
17564,1361966749919363074
17565,1361960358513168392
17566,1361935822459650051
17567,1361929508786491394
17568,1361928713034756097
17569,1361904933801512960
17570,1361904613499232257
17571,1361904064364220417
17572,1361903324161863681
17573,1361901356303454209
17574,1361901226850402305
17575,1361900938735271942
17576,1361898013912924165
17577,1361896062596825094
17578,1361833789555675141
17579,1361828846899777538
17580,1361827696557387781
17581,1361815009861529600
17582,1361796278712164359
17583,1361791623907139587
17584,1361779333271089157
17585,1361778852649959427
17586,1361759009255133185
17587,1361757793469009920
17588,1361757650183143430
17589,1361755421405495301
17590,1361752333546323981
17591,1361740560579592197
17592,1361717218627776518
17593,1361710606634676227
17594,1361702033628278792
17595,1361694464142671877
17596,1361689220625149961
17597,1361669180878180359
17598,1361650579844583429
17599,1361649835812790273
17600,1361630770960486400
17601,1361607782248697857
17602,1361587858327433216
17603,1361587532060893187
17604,1361587303504830465
17605,1361587178866810881
17606,1361585860462968833
17607,1361585182692810754
17608,1361572748498247684
17609,1361572599596220416
17610,1361572308624830465
17611,1361572043611865088
17612,1361571617458049025
17613,1361571324032909313
17614,1361571063826698240
17615,1361560067552739328
17616,1361559361701744644
17617,1361552979527143425
17618,1361547022516502529
17619,1361546259006423047
17620,1361545843409620992
17621,1361543899848863747
17622,1364306984657387526
17623,1364306389649227777
17624,1364306169112580096
17625,1364305513048137731
17626,1364305236039520258
17627,1364304802092634114
17628,1364304498219433987
17629,1364304443030851591
17630,1364304436978470917
17631,1364304404904509441
17632,1364303983075065860
17633,1364303823838334976
17634,1364303778636308496
17635,1364303497135607813
17636,1364303494870691841
17637,1364303437173837837
17638,1364303189156253698
17639,1364303056100331525
17640,1364302681481891844
17641,1364302276475695105
17642,1364302137421881345
17643,1364302078093504520
17644,1364302018370764817
17645,1364302008761651204
17646,1364301735590842371
17647,1364301437145088004
17648,1364301393541038082
17649,1364301193120464896
17650,1364301148442800139
17651,1364301115593011201
17652,1364301066712592395
17653,1364300888924442631
17654,1364300462002954241
17655,1364300320856297476
17656,1364300206469226496
17657,1364299835352965120
17658,1364299174037118978
17659,1364299154223214594
17660,1364298985595355145
17661,1364298985503027203
17662,1364298562415308800
17663,1364297780773220352
17664,1364297553337065484
17665,1364296927823691778
17666,1364296685002883076
17667,1364296590542987264
17668,1364296359273062406
17669,1364296307125473285
17670,1364296132051013642
17671,1364296068452790278
17672,1364295104647815170
17673,1364294858463203337
17674,1364294570767491077
17675,1364294143225319426
17676,1364293952396926977
17677,1364293810914816006
17678,1364293807286681604
17679,1364293657382289418
17680,1364293557272539139
17681,1364293374459707404
17682,1364293373587296257
17683,1364293364489814016
17684,1364292785709449226
17685,1364292780361740289
17686,1364292752444375042
17687,1364292748522754051
17688,1364292336621146117
17689,1364292162591014916
17690,1364292065434226690
17691,1364291825159335946
17692,1364291688903159817
17693,1364291549950054401
17694,1364291474251210753
17695,1364291157589647362
17696,1364290441013821440
17697,1364290388740177924
17698,1364290087681409026
17699,1364290045319012352
17700,1364289853584781314
17701,1364289509869948930
17702,1364289374289088517
17703,1364289342655639553
17704,1364289223570972672
17705,1364289113126502403
17706,1364288809932890113
17707,1364288651258134528
17708,1364288585621512192
17709,1364288572036161538
17710,1364288547545632782
17711,1364288430197202945
17712,1364288428897013760
17713,1364288218171121666
17714,1364287747960287233
17715,1364287713294364672
17716,1364287247785353222
17717,1364287095829913601
17718,1364287058387345410
17719,1364287005941764103
17720,1364286711686193159
17721,1364286593868193795
17722,1364286372278923267
17723,1364286357221294084
17724,1364285966505107456
17725,1364285958070353920
17726,1364285522676502529
17727,1364285094207377411
17728,1364285057800826883
17729,1364284848265961481
17730,1364284745908117505
17731,1364284466647203847
17732,1364284369561608200
17733,1364284321255874567
17734,1364284001939300360
17735,1364283900705579016
17736,1364283892786733061
17737,1364283717779341314
17738,1364283655997116416
17739,1364283650569773059
17740,1364283630395281417
17741,1364283471355592707
17742,1364283465752010760
17743,1364283208871915526
17744,1364283032522350592
17745,1364282967993053185
17746,1364282685720518657
17747,1364282628610875393
17748,1364282516492943368
17749,1364282404895129603
17750,1364282247893950469
17751,1364282102682894337
17752,1364281957463523330
17753,1364281910575443973
17754,1364281872801488898
17755,1364281831189852161
17756,1364281760540995586
17757,1364281718971260933
17758,1364281452939128834
17759,1364281344692547591
17760,1364281309196148742
17761,1364281246587760650
17762,1364281147677700098
17763,1364281145878274053
17764,1364281142258581510
17765,1364281131886137352
17766,1364281125607202817
17767,1364281010280681474
17768,1364280840604286976
17769,1364280804076105728
17770,1364280769003331587
17771,1364280630473809921
17772,1364280597187805188
17773,1364280583594082304
17774,1364280556268232704
17775,1364280481404096512
17776,1364280351632334852
17777,1364280202663239683
17778,1364279919321227267
17779,1364279875834552325
17780,1364279867341086726
17781,1364279739725266948
17782,1364279682540199937
17783,1364279659148509198
17784,1364279631038324736
17785,1364279574641717250
17786,1364279485047189505
17787,1364279481083527178
17788,1364279424263274496
17789,1364279411646816263
17790,1364279331158130689
17791,1364279256541507586
17792,1364279235339317248
17793,1364279232914984960
17794,1364279005470408713
17795,1364278990488363014
17796,1364278908586233857
17797,1364278853275820032
17798,1364278767959629831
17799,1364278629149138944
17800,1364278611147173888
17801,1364278069809324035
17802,1364278069473796096
17803,1364277993951158277
17804,1364277568384417799
17805,1364277500164079620
17806,1364277494698958853
17807,1364277433902505990
17808,1364277396338339844
17809,1364276971056807947
17810,1364276940295782402
17811,1364276894053642244
17812,1364276788634005506
17813,1364276649064357893
17814,1364276567438934029
17815,1364276464473018368
17816,1364276450669510658
17817,1364276110893211654
17818,1364276067213713408
17819,1364275954043002886
17820,1364275889312321537
17821,1364275778125447170
17822,1364275715672334340
17823,1364275452693651461
17824,1364275323999780864
17825,1364275309189693445
17826,1364275246283575307
17827,1364275139039399937
17828,1364275120236343302
17829,1364275090171564035
17830,1364274964870889473
17831,1364274857970700293
17832,1364274549253173262
17833,1364274494366490630
17834,1364274481489989639
17835,1364274432437534723
17836,1364274425605070851
17837,1364274419288444929
17838,1364274317920501766
17839,1364274212366651398
17840,1364274201239109632
17841,1364274175775551489
17842,1364274143609434116
17843,1364274092636053507
17844,1364274045370392583
17845,1364273945940291587
17846,1364273911999959041
17847,1364273518133841926
17848,1364273361552048140
17849,1364273346016284672
17850,1364273236465377281
17851,1364273179548614658
17852,1364273169456984067
17853,1364273150767284224
17854,1364273139807567872
17855,1364273062087168001
17856,1364273058505195520
17857,1364273055640522755
17858,1364272950090870786
17859,1364272944587890703
17860,1364272860836073473
17861,1364272844557926402
17862,1364272835091398656
17863,1364272798508724231
17864,1364272696985460736
17865,1364272626177372166
17866,1364272612990459904
17867,1364272606300504066
17868,1364272464902119428
17869,1364272389769560071
17870,1364272354214498308
17871,1364272253173661698
17872,1364272247649755138
17873,1364272242025254914
17874,1364272219925471235
17875,1364272165475004430
17876,1364272158243962883
17877,1364272117966077957
17878,1364272023552356354
17879,1364271926726823949
17880,1364271891574378498
17881,1364271878005805065
17882,1364271854932885506
17883,1364271755112701954
17884,1364271714272768005
17885,1364271696409108487
17886,1364271157122375682
17887,1364270999148060675
17888,1364270856524947459
17889,1364270704619909124
17890,1364270441364389893
17891,1364270427820982277
17892,1364270386020548616
17893,1364270291044728834
17894,1364270142818029570
17895,1364269987523932164
17896,1364269896201363457
17897,1364269878002278403
17898,1364269672229666819
17899,1364269635433070606
17900,1364269202631237642
17901,1364269057827098632
17902,1364268787034451972
17903,1364268743539519490
17904,1364268710580600833
17905,1364268288658853893
17906,1364268119930372101
17907,1364268083116965894
17908,1364268059633086467
17909,1364267837108412416
17910,1364267691687759877
17911,1364267106808832005
17912,1364266882170302464
17913,1364266821076025344
17914,1364266365138440196
17915,1364266147730849796
17916,1364265636189331460
17917,1364265444178350094
17918,1364265207216943105
17919,1364265122173190144
17920,1364265024546611202
17921,1364264950668152833
17922,1364264756668993538
17923,1364264674540290048
17924,1364264128022515714
17925,1364264053179310086
17926,1364263997424427009
17927,1364263933528449025
17928,1364263855292112910
17929,1364263714547974145
17930,1364263641734930436
17931,1364263263245119490
17932,1364263186883575814
17933,1364263167501688837
17934,1364262909359124488
17935,1364261693241626628
17936,1364261453348356096
17937,1364261313405460481
17938,1364260970139447296
17939,1364260852904386567
17940,1364260593448980482
17941,1364260555184345095
17942,1364260422602416131
17943,1364260303324774403
17944,1364260076417089536
17945,1364259963028316166
17946,1364259900822585349
17947,1364259796405407748
17948,1364259685063344131
17949,1364259562988183552
17950,1364259416955117570
17951,1364259371962793988
17952,1364259096325685249
17953,1364259012175409152
17954,1364258952041627659
17955,1364258604224712706
17956,1364258399639265282
17957,1364257847983427586
17958,1364257821789999105
17959,1364257816970752003
17960,1364257624695390209
17961,1364257532567572486
17962,1364257477177532416
17963,1364257473549512705
17964,1364257450359160832
17965,1364257387243266050
17966,1364257223543775247
17967,1364256981188554755
17968,1364256878742634499
17969,1364256765660061699
17970,1364256509857849344
17971,1364256463166791685
17972,1364256322854748162
17973,1364256265619275783
17974,1364256203484913667
17975,1364256150527631363
17976,1364256087810191364
17977,1364256078163238914
17978,1364256052552888326
17979,1364256001877291012
17980,1364255994008784896
17981,1364255979265789952
17982,1364255939331837955
17983,1364255872554270722
17984,1364255850555207680
17985,1364255840786673665
17986,1364255719822921730
17987,1364255717570576391
17988,1364255653792014336
17989,1364255620053020680
17990,1364255593356263425
17991,1364255589346508800
17992,1364255527853842434
17993,1364255422203453442
17994,1364255339969974275
17995,1364255265739190275
17996,1364255214430265347
17997,1364254945239732224
17998,1364254274595782658
17999,1364254140298383362
18000,1364253926699245577
18001,1364253821283700736
18002,1364253782545203205
18003,1364253781693771778
18004,1364253716438638592
18005,1364253715532709888
18006,1364253713548726275
18007,1364253701125283841
18008,1364253599870640129
18009,1364253407792541696
18010,1364253313496154120
18011,1364253233234006024
18012,1364253191949463556
18013,1364253111389454337
18014,1364253019026685956
18015,1364252776893714432
18016,1364252554285170690
18017,1364251962691244033
18018,1364251952993959937
18019,1364251754955685892
18020,1364251685133115394
18021,1364251525057564682
18022,1364251414629867525
18023,1364251379087380481
18024,1364251354999488512
18025,1364251329909190657
18026,1364251326453067776
18027,1364251266315132928
18028,1364251204373651475
18029,1364251096919781377
18030,1364250826475253770
18031,1364250678001102848
18032,1364250674809212938
18033,1364250667162951686
18034,1364250497532768261
18035,1364250171874414594
18036,1364249963392286722
18037,1364249959227404289
18038,1364249896828755968
18039,1364249859730120708
18040,1364249829338189825
18041,1364249819368284161
18042,1364249800879800324
18043,1364249443676094469
18044,1364249295839506436
18045,1364249054344056837
18046,1364249030881128456
18047,1364248798273409030
18048,1364248774772670472
18049,1364248494769324038
18050,1364248492437299212
18051,1364248440180527104
18052,1364247824968335367
18053,1364247571724701698
18054,1364247349795643392
18055,1364247320389439488
18056,1364247133344399368
18057,1364247069494546435
18058,1364246944529416192
18059,1364246583144022016
18060,1364246190548803590
18061,1364245919324139520
18062,1364245826172772352
18063,1364245739933753349
18064,1364245708619063301
18065,1364245494218825730
18066,1364245484257345537
18067,1364245427558748166
18068,1364245372529504259
18069,1364245331655942149
18070,1364245310340497414
18071,1364245268422664201
18072,1364245188630237185
18073,1364245120363683840
18074,1364245062989852673
18075,1364244828410765319
18076,1364244770759999490
18077,1364244520901173249
18078,1364244469407694850
18079,1364244432413995010
18080,1364244383940419584
18081,1364244183972794368
18082,1364244145666195456
18083,1364244095284244486
18084,1364244084378984449
18085,1364244041521627136
18086,1364243884981813255
18087,1364243849032392711
18088,1364243848025829378
18089,1364243839096139776
18090,1364243814257463299
18091,1364243810927132674
18092,1364243786948366342
18093,1364243749790965777
18094,1364243717729705984
18095,1364243647252815873
18096,1364243358114328589
18097,1364242793376407553
18098,1364242560127021059
18099,1364242512341327872
18100,1364242362373992451
18101,1364242125215453184
18102,1364242106181709826
18103,1364242064976838658
18104,1364242052096151558
18105,1364241910559293441
18106,1364241839281299459
18107,1364241745547063297
18108,1364241560439840769
18109,1364241507511898116
18110,1364241403111424001
18111,1364241373856223241
18112,1364241130423001090
18113,1364241113595473920
18114,1364240997379698691
18115,1364240964899008513
18116,1364240963795902465
18117,1364240885823795200
18118,1364240693586128899
18119,1364240659696283650
18120,1364240536387936258
18121,1364240467278323713
18122,1364240445648363520
18123,1364240419689758721
18124,1364240386642837508
18125,1364240319668252675
18126,1364240231306850306
18127,1364240184389349376
18128,1364240041342623749
18129,1364239945213353990
18130,1364239876233826304
18131,1364239845829316613
18132,1364239824446763017
18133,1364239766905102336
18134,1364239651477860360
18135,1364239351689920521
18136,1364239297885462530
18137,1364239283771633667
18138,1364239125331800064
18139,1364239092939186178
18140,1364239067018383363
18141,1364239013247393792
18142,1364238847685636097
18143,1364238847102627842
18144,1364238797647589378
18145,1364238658937757697
18146,1364238634954727427
18147,1364238611005255681
18148,1364238551282515973
18149,1364238410282655750
18150,1364238043859869699
18151,1364237982530682885
18152,1364237677294477312
18153,1364237530191781900
18154,1364237469554728960
18155,1364237396439691264
18156,1364237376327987203
18157,1364237314281656328
18158,1364237142919172097
18159,1364237140176044038
18160,1364236937343680514
18161,1364236919673139207
18162,1364236668241379332
18163,1364236465098563584
18164,1364236451429425152
18165,1364236411843534850
18166,1364236207618740226
18167,1364236179986673667
18168,1364236142502158342
18169,1364235897202483200
18170,1364235743158272000
18171,1364235696484061188
18172,1364235684417069058
18173,1364235645900771337
18174,1364235607623491587
18175,1364235571321860101
18176,1364235549737902081
18177,1364235547993063425
18178,1364235445308166148
18179,1364235443705937922
18180,1364235082207277061
18181,1364235013651386369
18182,1364235012351152132
18183,1364234966213795841
18184,1364234846520938497
18185,1364234832331624455
18186,1364234826862190595
18187,1364234756431478786
18188,1364234645198544902
18189,1364234559060140036
18190,1364234496204296198
18191,1364234440617189376
18192,1364234420736188418
18193,1364234320873857030
18194,1364234246479577088
18195,1364234040149213191
18196,1364234005596536834
18197,1364233963540275203
18198,1364233930854047748
18199,1364233852043075586
18200,1364233792345542656
18201,1364233702679674885
18202,1364233607112441865
18203,1364233477978267650
18204,1364233421577461770
18205,1364233395535024136
18206,1364233361775087616
18207,1364233346583298054
18208,1364233332838572039
18209,1364233241952198656
18210,1364233157059485699
18211,1364233109064056837
18212,1364233100922925065
18213,1364233075794849793
18214,1364233026914447367
18215,1364232945213394950
18216,1364232712370982913
18217,1364232706545119232
18218,1364232704330502145
18219,1364232696558452736
18220,1364232682339766272
18221,1364232553918582792
18222,1364232546716950529
18223,1364232532326252547
18224,1364232512650829826
18225,1364232485656289283
18226,1364232314654494728
18227,1364232239215751168
18228,1364232181757968385
18229,1364232145389178882
18230,1364232138124636163
18231,1364232016384974850
18232,1364232013008539648
18233,1364231965419970564
18234,1364231949158649857
18235,1364231880149712896
18236,1364231857093632000
18237,1364231856468729860
18238,1364231836206051328
18239,1364231815175766017
18240,1364231802332860418
18241,1364231780648247296
18242,1364231738822692867
18243,1364231719872831497
18244,1364231604428767232
18245,1364231533750542336
18246,1364231509499117570
18247,1364231477819498501
18248,1364231429895389193
18249,1364231416440098816
18250,1364231415559311360
18251,1364231377353383941
18252,1364231362631335937
18253,1364231336983228416
18254,1364231309560799233
18255,1364231256075042817
18256,1364231243441852420
18257,1364231240585510915
18258,1364231232217903115
18259,1364231176047628297
18260,1364231138043187206
18261,1364231119948963841
18262,1364231111946215425
18263,1364231071332728836
18264,1364231063862657024
18265,1364231018337755145
18266,1364230971567046659
18267,1364230948301254657
18268,1364230919708676097
18269,1364230887790043140
18270,1364230884749160450
18271,1364230882467454980
18272,1364230809452826628
18273,1364230800045187077
18274,1364230759213596674
18275,1364230751089213446
18276,1364230731262816259
18277,1364230718562439176
18278,1364230692595458050
18279,1364230687503642626
18280,1364230601671397381
18281,1364230596470460417
18282,1364230593538572291
18283,1364230557333393411
18284,1364230455617343494
18285,1364230396842553344
18286,1364230377578110979
18287,1364230298112831489
18288,1364230286096150533
18289,1364230256534687747
18290,1364230256266256389
18291,1364230122711244808
18292,1364230083544834048
18293,1364230027638960131
18294,1364230019191615498
18295,1364229934487633920
18296,1364229929475465223
18297,1364229922361868293
18298,1364229917257383942
18299,1364229884617367555
18300,1364229870373511170
18301,1364229868251189248
18302,1364229846809931782
18303,1364229810243969025
18304,1364229785526939651
18305,1364229753578872840
18306,1364229744972222471
18307,1364229636121591808
18308,1364229595726241792
18309,1364229528097333249
18310,1364229505661952008
18311,1364229477367226372
18312,1364229409872482311
18313,1364229385897861127
18314,1364229362669748224
18315,1364229337105510402
18316,1364229311968894976
18317,1364229295422410753
18318,1364229224127725569
18319,1364229140048609288
18320,1364229128241709065
18321,1364229041432260609
18322,1364229033752469505
18323,1364229028740272128
18324,1364228979616530436
18325,1364228899006271490
18326,1364228896447623168
18327,1364228890965721088
18328,1364228887153152003
18329,1364228881843167233
18330,1364228856190656519
18331,1364228824968409090
18332,1364228824590909447
18333,1364228803413897216
18334,1364228790629580800
18335,1364228773948891138
18336,1364228697356595218
18337,1364228679438630913
18338,1364228678104793092
18339,1364228674858311683
18340,1364228669133099011
18341,1364228648853716992
18342,1364228640431607808
18343,1364228634584571909
18344,1364228570105614338
18345,1364228560366395403
18346,1364228484982181898
18347,1364228476148981768
18348,1364228468796456960
18349,1364228446285561868
18350,1364228382645514243
18351,1364228343743176717
18352,1364228342384267266
18353,1364228317851828225
18354,1364228306975956992
18355,1364228301196197888
18356,1364228289858924547
18357,1364228241435729924
18358,1364228234313797634
18359,1364228202919469057
18360,1364228189149487111
18361,1364228158380150785
18362,1364228111517188103
18363,1364228105867436039
18364,1364228093183893507
18365,1364228090562445316
18366,1364228060581490690
18367,1364228056659812354
18368,1364228051001769986
18369,1364228024464367616
18370,1364228013932621825
18371,1364228003375374339
18372,1364227967379906577
18373,1364227964628439041
18374,1364227944407846915
18375,1364227938783141896
18376,1364227936107122694
18377,1364227927987023875
18378,1364227880599904257
18379,1364227870923579392
18380,1364227860282572810
18381,1364227851096969222
18382,1364227839986262029
18383,1364227826535133190
18384,1364227817819398144
18385,1364227784466264066
18386,1364227778896298021
18387,1364227742246395909
18388,1364227707827941386
18389,1364227700676644866
18390,1364227695735832583
18391,1364227660742713344
18392,1364227656070258690
18393,1364227514894217231
18394,1364227445314838543
18395,1364227443989434379
18396,1364227404927930377
18397,1364227346102767621
18398,1364227341300375557
18399,1364227336875302919
18400,1364227315400540165
18401,1364227197741895684
18402,1364227051180290054
18403,1364226893700980744
18404,1364226865657864194
18405,1364226863778861070
18406,1364226811463274506
18407,1364226753271459849
18408,1364226558819328010
18409,1364226554348281857
18410,1364226486991941638
18411,1364226483099553800
18412,1364226476590047233
18413,1364226475851997185
18414,1364226292086755334
18415,1364226261640355846
18416,1364226224478777350
18417,1364226143906189314
18418,1364225558456930313
18419,1364225381071421441
18420,1364225341280063490
18421,1364225316072267781
18422,1364225285030219780
18423,1364225197956505606
18424,1364225191484686338
18425,1364225080629153802
18426,1364225072672608259
18427,1364225029274132484
18428,1364224995262570509
18429,1364224928346644486
18430,1364224747307851776
18431,1364224267630432263
18432,1364224263608176649
18433,1364224051258953741
18434,1364223856852881413
18435,1364223647234150401
18436,1364223607782608896
18437,1364223556955959296
18438,1364223522868895762
18439,1364223387669651461
18440,1364223367281184774
18441,1364223339028377607
18442,1364223295390765060
18443,1364223279242772480
18444,1364223272250863621
18445,1364223241674395653
18446,1364223142797873163
18447,1364223121843122182
18448,1364223111181176840
18449,1364222646590730248
18450,1364222527585746952
18451,1364222500473761800
18452,1364222373914812417
18453,1364222350036623364
18454,1364221964911435782
18455,1364221960419299330
18456,1364221502531399682
18457,1364221139052978181
18458,1364220974929829894
18459,1364220943183323136
18460,1364220932198264843
18461,1364220759921414147
18462,1364220741160345603
18463,1364220737364447237
18464,1364220734835290124
18465,1364220650286505984
18466,1364220454823550986
18467,1364220336569389061
18468,1364220058696708101
18469,1364219730962362368
18470,1364219721143492609
18471,1364219436836802563
18472,1364219325184307203
18473,1364219278824779777
18474,1364219264773709830
18475,1364219242749390851
18476,1364219163409977344
18477,1364219039539691522
18478,1364218915300118528
18479,1364218851764957185
18480,1364218813663883264
18481,1364218799365394441
18482,1364218694952484864
18483,1364218671762128897
18484,1364218595274817537
18485,1364218589033754625
18486,1364218229594480642
18487,1364218033984729088
18488,1364217398702841857
18489,1364216285094117383
18490,1364216150020788227
18491,1364215409692573696
18492,1364215008549359616
18493,1364215008016629760
18494,1364214951016038402
18495,1364214948734337025
18496,1364214915351916544
18497,1364214912290091016
18498,1364214711663927296
18499,1364214192404713472
18500,1364214053355347970
18501,1364213663083745281
18502,1364213346178891777
18503,1364213331230412803
18504,1364213029001457670
18505,1364212947711574017
18506,1364212859236933634
18507,1364212828828229634
18508,1364212811585495041
18509,1364212673412554756
18510,1364212493162315777
18511,1364212417312530439
18512,1364212376929722369
18513,1364212371129053184
18514,1364212149653024778
18515,1364212101322076160
18516,1364212058309472269
18517,1364212009353510915
18518,1364211991129243649
18519,1364211954190086152
18520,1364211853132517376
18521,1364211841912745988
18522,1364211668021084162
18523,1364211407332466693
18524,1364211393835245575
18525,1364211350570950658
18526,1364211238255943682
18527,1364211169100259329
18528,1364211093862813700
18529,1364211041723441154
18530,1364210858545528837
18531,1364210713871454209
18532,1364210686491033606
18533,1364210629586931712
18534,1364210597043265537
18535,1364210503615188993
18536,1364210501668995072
18537,1364210471822360577
18538,1364210458341875712
18539,1364210255786344448
18540,1364209705313255430
18541,1364209622119235584
18542,1364209487901585410
18543,1364209388467220485
18544,1364209108837158915
18545,1364208893170229249
18546,1364208889487572992
18547,1364208657836171267
18548,1364208559332933638
18549,1364208247029260291
18550,1364208039453163524
18551,1364207633553625089
18552,1364207130627088391
18553,1364207033067651074
18554,1364206945394184193
18555,1364206856583929858
18556,1364206811490975747
18557,1364206646369669125
18558,1364206639776034818
18559,1364206525808582656
18560,1364206519944945667
18561,1364206472654110729
18562,1364206398008090625
18563,1364206374637481985
18564,1364205962425434115
18565,1364205913276641280
18566,1364205853759442945
18567,1364205426204700673
18568,1364205006149152768
18569,1364204911634886656
18570,1364204807658029064
18571,1364204803035922433
18572,1364204801765031940
18573,1364204686937620481
18574,1364204469005807617
18575,1364204231432032256
18576,1364203910051864577
18577,1364203854628323330
18578,1364203778992447491
18579,1364203509760016385
18580,1364203368227475456
18581,1364202918413357057
18582,1364202863820296197
18583,1364202862809550860
18584,1364202785454096385
18585,1364202708593442818
18586,1364202425981222913
18587,1364202403474468867
18588,1364202247895343109
18589,1364202123697741826
18590,1364200884658458627
18591,1364200698666233859
18592,1364200649706123266
18593,1364200414598598658
18594,1364200401927602186
18595,1364200327151562754
18596,1364200171425382401
18597,1364200163783417861
18598,1364199976830701568
18599,1364199877346013186
18600,1364199355964612609
18601,1364199102771326981
18602,1364199048522190852
18603,1364198742606237701
18604,1364198685463236610
18605,1364198582023311361
18606,1364198529628049410
18607,1364198484560257029
18608,1364198472681992199
18609,1364198461722271752
18610,1364198377999769603
18611,1364198358680797186
18612,1364198356134805504
18613,1364198347452665857
18614,1364198330285359104
18615,1364198305207640064
18616,1364198295774646274
18617,1364197969604595712
18618,1364197864864374794
18619,1364197805741506565
18620,1364197655249891331
18621,1364197540082683906
18622,1364197437540286469
18623,1364197273614319617
18624,1364197262964981760
18625,1364197210242613249
18626,1364197152445054976
18627,1364197076859551748
18628,1364197044966031364
18629,1364196311604592640
18630,1364195984008429568
18631,1364195974021869570
18632,1364195939725025288
18633,1364195927662198786
18634,1364195886297931779
18635,1364195868384129029
18636,1364195591627112448
18637,1364195388111126532
18638,1364195288232169476
18639,1364195212608823297
18640,1364194748978847747
18641,1364194719174193155
18642,1364194636080758795
18643,1364194456472281092
18644,1364194437694443523
18645,1364194436494753795
18646,1364194431490924547
18647,1364194319943536644
18648,1364194288381394946
18649,1364194269091790848
18650,1364194132038725633
18651,1364193956821692418
18652,1364193897266769922
18653,1364193752030588935
18654,1364193392188682242
18655,1364193385683312645
18656,1364193265839460354
18657,1364193036369080326
18658,1364192917103992833
18659,1364192806034628613
18660,1364192777186254854
18661,1364192675415515137
18662,1364192417960910849
18663,1364192099399254019
18664,1364191977189826564
18665,1364191692224626688
18666,1364191527778484229
18667,1364190986956640256
18668,1364190775186247681
18669,1364190481874358274
18670,1364189989022629896
18671,1364189753378304002
18672,1364189404634509314
18673,1364189046390616066
18674,1364188920112627712
18675,1364188683503611905
18676,1364188503983144961
18677,1364188187774619650
18678,1364188012452667392
18679,1364187575892668425
18680,1364187207171416079
18681,1364187194475307008
18682,1364186861971922947
18683,1364186739305250816
18684,1364186727208861696
18685,1364186455678087168
18686,1364185947982733314
18687,1364185870941708290
18688,1364185673519960064
18689,1364185385656590342
18690,1364185358536237057
18691,1364185297785917443
18692,1364185003333218306
18693,1364184773799931905
18694,1364184511278383104
18695,1364184275646636033
18696,1364184242595397633
18697,1364183948558020609
18698,1364183911887208452
18699,1364183756085616641
18700,1364183677220061187
18701,1364183622845136896
18702,1364183586602180609
18703,1364183515240226816
18704,1364183040373751815
18705,1364182944462614531
18706,1364182758629777409
18707,1364182234819928065
18708,1364181986299027457
18709,1364181892296245248
18710,1364181433326202881
18711,1364181249867341827
18712,1364180347794190339
18713,1364180275543048195
18714,1364179968088027137
18715,1364179774218862592
18716,1364179754828632065
18717,1364179447155482626
18718,1364179366981357568
18719,1364179012738809856
18720,1364178811894566912
18721,1364178811768754177
18722,1364178631526928388
18723,1364178055342809093
18724,1364177834231627777
18725,1364177758360862721
18726,1364177636398931973
18727,1364177535878234119
18728,1364177388704325633
18729,1364177144063152131
18730,1364176438321164288
18731,1364175252960518144
18732,1364175221750706180
18733,1364175050237038593
18734,1364174513441828872
18735,1364174235099398148
18736,1364174148537372676
18737,1364173429100929027
18738,1364173365775380482
18739,1364173037445259275
18740,1364172824949235715
18741,1364170639804829701
18742,1364170563795759105
18743,1364168509060710403
18744,1364168485761343490
18745,1364168475787337734
18746,1364167543469056004
18747,1364167340208906242
18748,1364167330209619968
18749,1364166141329948676
18750,1364164842265976841
18751,1364164662800117760
18752,1364164026679373826
18753,1364163690447204353
18754,1364163686613610496
18755,1364163526152052736
18756,1364162834788155392
18757,1364162450996813829
18758,1364162212412223489
18759,1364162083349274625
18760,1364160589778415617
18761,1364160588629176320
18762,1364160465014829059
18763,1364160241676529668
18764,1364159943545393153
18765,1364159586282971139
18766,1364157961657081858
18767,1364157869302681606
18768,1364156853060575232
18769,1364156659174674433
18770,1364156546775670787
18771,1364156384938496001
18772,1364155539626811396
18773,1364153705352855555
18774,1364153319179116546
18775,1364153030078128131
18776,1364152298264555524
18777,1364151080582578181
18778,1364150839791747072
18779,1364150058392948736
18780,1364149799730225153
18781,1364149324830167041
18782,1364148514771656704
18783,1364146580589314053
18784,1364146544707067907
18785,1364146514126381058
18786,1364146247259615232
18787,1364145737160749061
18788,1364144860056465409
18789,1364144334052950022
18790,1364144074580721664
18791,1364144033275256833
18792,1364143252241321984
18793,1364143016349474822
18794,1364143005159084032
18795,1364142839844716545
18796,1364142443483037698
18797,1364142225907724291
18798,1364141116996653060
18799,1364140909651238915
18800,1364140896091074560
18801,1364140440795152385
18802,1364140348033953793
18803,1364140338068262913
18804,1364140301057748994
18805,1364139747682172929
18806,1364139590152560652
18807,1364139271217704962
18808,1364138341915111425
18809,1364136670854062081
18810,1364136329311891458
18811,1364136134897500160
18812,1364136124982190084
18813,1364136086595919876
18814,1364135630695972865
18815,1364135620734558209
18816,1364135545568378881
18817,1364135407714258945
18818,1364134251843776520
18819,1364134221611208704
18820,1364133856761311236
18821,1364133792655544320
18822,1364133692919144449
18823,1364133666276974599
18824,1364133554649788416
18825,1364133497800187904
18826,1364133480360259588
18827,1364132664815603713
18828,1364132323260854272
18829,1364131831814176768
18830,1364131721483087875
18831,1364130569878142976
18832,1364130052695326723
18833,1364129867307102208
18834,1364129116094627844
18835,1364128924192669696
18836,1364128839782309890
18837,1364125844583645191
18838,1364123952466055171
18839,1364123661268099072
18840,1364122879634341892
18841,1364122825670365184
18842,1364122825389318145
18843,1364122824676286464
18844,1364122026391306241
18845,1364121881499041794
18846,1364121076461146112
18847,1364121073671835651
18848,1364120718586359808
18849,1364120080959889415
18850,1364120031567753216
18851,1364119886964920320
18852,1364118698840252419
18853,1364118602627096578
18854,1364118588647440385
18855,1364117746049499139
18856,1364117081277497344
18857,1364115852380012544
18858,1364115275533017088
18859,1364114405055635456
18860,1364112435817426944
18861,1364112285124427777
18862,1364110740123246592
18863,1364110737212383233
18864,1364110022406463489
18865,1364108778921209856
18866,1364107895558782976
18867,1364104256270262275
18868,1364103950170017793
18869,1364102130689314819
18870,1364100281684922369
18871,1364097542426796032
18872,1364097037067825153
18873,1364096487232311297
18874,1364095043578044421
18875,1364094188913123332
18876,1364092893095428098
18877,1364092842478620673
18878,1364090121096630281
18879,1364090118819123204
18880,1364085010333118464
18881,1364083030931955713
18882,1364081197589094401
18883,1364080446364151809
18884,1364080206126993409
18885,1364077780204404736
18886,1364077767415980035
18887,1364077529363980289
18888,1364076444641599488
18889,1364066434754768902
18890,1364064014888804357
18891,1364060072909897729
18892,1364044498356097024
18893,1364043491911872512
18894,1364042293976719364
18895,1364042007556067330
18896,1364030826225295360
18897,1364030602312228865
18898,1364030539007549442
18899,1364029555988705283
18900,1364029309208440840
18901,1364028989082337283
18902,1364028528216465413
18903,1364028452869861380
18904,1364027998350020608
18905,1364025082130096129
18906,1364024636430835714
18907,1364020903051284490
18908,1364019151405273088
18909,1364015931329048577
18910,1364015640646983680
18911,1364014611645796356
18912,1364013917094219777
18913,1364013353480253440
18914,1364012356104163328
18915,1364011605755785216
18916,1364009509262397441
18917,1364006863294107652
18918,1364005852462665729
18919,1364005817402363904
18920,1364005616210042880
18921,1364004750493106176
18922,1364004153903693824
18923,1364004134341468162
18924,1364003957153165312
18925,1364003886642700289
18926,1364003409595097092
18927,1364001023052943362
18928,1364000973513912320
18929,1364000853053571073
18930,1363997887785406465
18931,1363997747842605066
18932,1363997237156716548
18933,1363996780640292864
18934,1363996415823863809
18935,1363996251906207746
18936,1363996133471715332
18937,1363995339997536259
18938,1363995265917681666
18939,1363994498427203593
18940,1363994273172119552
18941,1363994128632143881
18942,1363993703321378824
18943,1363993109542100994
18944,1363991673194307593
18945,1363989115285499908
18946,1363988205675053057
18947,1363987803445604354
18948,1363987632494108676
18949,1363987568476487683
18950,1363986804022661122
18951,1363986677505654785
18952,1363986480767635459
18953,1363985674618236932
18954,1363985551238582276
18955,1363985469747388421
18956,1363985258157383680
18957,1363984183685754880
18958,1363983537792286724
18959,1363982034587193348
18960,1363981230992146432
18961,1363980707211710466
18962,1363978077873860613
18963,1363976776821669888
18964,1363976701894668288
18965,1363976356548247552
18966,1363975362196221952
18967,1363974743574028289
18968,1363974740482740225
18969,1363974562090778633
18970,1363974267524833280
18971,1363974195764469766
18972,1363973669819723781
18973,1363973192465997829
18974,1363972379962208262
18975,1363972317748027401
18976,1363972229768372228
18977,1363972184981590029
18978,1363970571571245057
18979,1363970571516567554
18980,1363970567628587011
18981,1363968698193645569
18982,1363968697065373696
18983,1363968694909501442
18984,1363968552131325955
18985,1363968409411739660
18986,1363968385902653440
18987,1363968286015299594
18988,1363967776281550850
18989,1363967502028521472
18990,1363967065548353536
18991,1363966932991508481
18992,1363966500512661510
18993,1363966094537601030
18994,1363965897380155398
18995,1363965798067228672
18996,1363965660276097027
18997,1363965059869859840
18998,1363965035018678279
18999,1363964906530361347
19000,1363961691827040258
19001,1363960456038211585
19002,1363959875160702982
19003,1363959755878903812
19004,1363959413351006209
19005,1363959327837536260
19006,1363958883421745155
19007,1363958799497895939
19008,1363958544500989952
19009,1363958534535340035
19010,1363958002873606146
19011,1363957868517613570
19012,1363956999852032000
19013,1363956491703713792
19014,1363956247410606080
19015,1363954867342090249
19016,1363954859469381638
19017,1363954852754321409
19018,1363953678986674189
19019,1363953231857143813
19020,1363952743870783488
19021,1363952723692027910
19022,1363952456338661377
19023,1363952016763019265
19024,1363951892833968128
19025,1363951694699245571
19026,1363950827640139779
19027,1363950129062043650
19028,1363949834265391105
19029,1363949702400651264
19030,1363949182206177283
19031,1363948977457094669
19032,1363947885423980550
19033,1363947750598057988
19034,1363946720476987394
19035,1363946701522886659
19036,1363946445959802883
19037,1363945783809236993
19038,1363945237941485571
19039,1363944766786990082
19040,1363944750529843203
19041,1363944315626651649
19042,1363943937510146055
19043,1363943832136654851
19044,1363943488111472640
19045,1363943293873229824
19046,1363943132275093509
19047,1363942879287205888
19048,1363942722185424900
19049,1363942283607949315
19050,1363942066254929921
19051,1363941512254541824
19052,1363940819451990027
19053,1363939915332001797
19054,1363939866090823680
19055,1363939247728652289
19056,1363938699222921217
19057,1363938498710024193
19058,1363937994516922374
19059,1363937877881544704
19060,1363937876770050050
19061,1363937875734093825
19062,1363937868188512256
19063,1363937866707914752
19064,1363937864325726211
19065,1363937864241668096
19066,1363936846649184257
19067,1363936794396545029
19068,1363936003975708680
19069,1363935853949702147
19070,1363935770780835841
19071,1363935691726553091
19072,1363935612332515328
19073,1363934831743221761
19074,1363934765821362177
19075,1363932846109302784
19076,1363931891368353794
19077,1363931889556406272
19078,1363931656332140544
19079,1363931145012989955
19080,1363930918231150595
19081,1363929689048375296
19082,1363929080626880514
19083,1363929058938126341
19084,1363928739613204481
19085,1363928737813774339
19086,1363928647908937728
19087,1363927825716293633
19088,1363927641267580930
19089,1363927530064011266
19090,1363927528398807048
19091,1363927115981291529
19092,1363926515575054342
19093,1363926352559300617
19094,1363926168467030024
19095,1363926020508819462
19096,1363925922122932227
19097,1363925794490355718
19098,1363924998424055815
19099,1363924677199097861
19100,1363924602964111360
19101,1363924553806807045
19102,1363924367483301890
19103,1363924328065224704
19104,1363924312953036803
19105,1363924068135657475
19106,1363923961344634885
19107,1363923724852989952
19108,1363923535182372864
19109,1363923497806946308
19110,1363923372065832966
19111,1363923269737455617
19112,1363922710070521857
19113,1363922276274630667
19114,1363921765714526210
19115,1363921739957362696
19116,1363921176444174336
19117,1363919987589730306
19118,1363919850918273026
19119,1363919786607075328
19120,1363919763920011266
19121,1363919649562370057
19122,1363919544419516420
19123,1363919487305732098
19124,1363919408641499140
19125,1363919323501383700
19126,1363919196397133827
19127,1363918937176616966
19128,1363918665515737092
19129,1363918096331907072
19130,1363917889103921156
19131,1363917480041807877
19132,1363916823377432582
19133,1363916642401587203
19134,1363916588756402181
19135,1363916532464689157
19136,1363915967567454217
19137,1363915940065390596
19138,1363915873002680320
19139,1363915863691321348
19140,1363915815368671241
19141,1363915597134888964
19142,1363915390699634693
19143,1363915106309058572
19144,1363914803652276225
19145,1363914750825017347
19146,1363914559736717312
19147,1363914482527928322
19148,1363913972873912322
19149,1363913952019812356
19150,1363913745530052608
19151,1363913376611659782
19152,1363913359482114051
19153,1363913269807833088
19154,1363913215013490688
19155,1363913082880286728
19156,1363912987539554308
19157,1363912846678056962
19158,1363912649516462092
19159,1363912588921307149
19160,1363912542456864772
19161,1363912400974581765
19162,1363912304950190080
19163,1363912176445120513
19164,1363912121562648576
19165,1363911846160392196
19166,1363911437408641027
19167,1363911197830045697
19168,1363911197729431553
19169,1363910978488967171
19170,1363910921953955845
19171,1363910446869319686
19172,1363910422118748171
19173,1363910073517498374
19174,1363909808659685388
19175,1363909807330131975
19176,1363909368299855873
19177,1363909358367703040
19178,1363909271541399559
19179,1363908419225325570
19180,1363908410731859968
19181,1363907687172481026
19182,1363907340337037317
19183,1363907101807022081
19184,1363906788999987202
19185,1363906536058331142
19186,1363906453686411264
19187,1363906241811079169
19188,1363905858833424384
19189,1363905798259236867
19190,1363905651248881664
19191,1363905558651232260
19192,1363905550187171840
19193,1363905299598475265
19194,1363904981557006351
19195,1363904785934655491
19196,1363904716363735041
19197,1363904302192988164
19198,1363904256273694725
19199,1363904104301494274
19200,1363903737002131460
19201,1363903653359288326
19202,1363903402477035520
19203,1363903074457313280
19204,1363903043440361473
19205,1363900367189250048
19206,1363899934068658180
19207,1363899637724241923
19208,1363898901493874688
19209,1363898363637243905
19210,1363898191146541057
19211,1363897982173798409
19212,1363897374003912706
19213,1363897243623948290
19214,1363897197725687810
19215,1363896084012142594
19216,1363895719447379969
19217,1363895703479726082
19218,1363895532519907338
19219,1363895019501944834
19220,1363894940699402240
19221,1363894824911396867
19222,1363894658586316804
19223,1363894596883865603
19224,1363894343036239873
19225,1363894135032340487
19226,1363893810942599171
19227,1363893301682798592
19228,1363893267725770754
19229,1363893161534316548
19230,1363893125874343942
19231,1363892954277019656
19232,1363892625347067905
19233,1363892404244389889
19234,1363892129177751558
19235,1363891848142598150
19236,1363891779922235396
19237,1363891725102645249
19238,1363891641745039361
19239,1363891574933979144
19240,1363891319433756677
19241,1363891285975777287
19242,1363891221266128896
19243,1363890993611870216
19244,1363890848119861248
19245,1363890543521132545
19246,1363890470523441154
19247,1363890435106701315
19248,1363890344874692609
19249,1363890097419128838
19250,1363890066809118723
19251,1363889929584017409
19252,1363889839272308744
19253,1363889722544840717
19254,1363889542101684225
19255,1363889437973831680
19256,1363889326069809155
19257,1363889308395053059
19258,1363889278724558856
19259,1363889189885014023
19260,1363889094938554369
19261,1363889032468586497
19262,1363888862863519752
19263,1363888679241060353
19264,1363888667228581891
19265,1363888646143832069
19266,1363888497241776136
19267,1363888307466346496
19268,1363888247471017990
19269,1363888049814396929
19270,1363887966393937929
19271,1363887710251933702
19272,1363887709274730506
19273,1363887630409203718
19274,1363887623866118146
19275,1363887535366234114
19276,1363887500289269760
19277,1363887455615791121
19278,1363887358635102211
19279,1363887274522537984
19280,1363887240724766724
19281,1363887164837269504
19282,1363887065264492551
19283,1363886846225371139
19284,1363886809940455434
19285,1363886775035428866
19286,1363886675462656005
19287,1363886654524690434
19288,1363886554243080201
19289,1363886477084684290
19290,1363886396486860801
19291,1363886346151034883
19292,1363886331731075073
19293,1363886306355539970
19294,1363886262709604355
19295,1363886242975383557
19296,1363886128831553536
19297,1363886121730666500
19298,1363886053971615748
19299,1363886015971262466
19300,1363885982458802179
19301,1363885909628903424
19302,1363885875361443844
19303,1363885859657949187
19304,1363885766041026561
19305,1363885760517197832
19306,1363885702111395841
19307,1363885568665522181
19308,1363885554945957893
19309,1363885554568466446
19310,1363885365405310976
19311,1363885282194554888
19312,1363885156759650305
19313,1363885124648058888
19314,1363884889704030208
19315,1363884888718520323
19316,1363884877637115907
19317,1363884849065566215
19318,1363884641069924360
19319,1363884535822372865
19320,1363884449532960775
19321,1363884240367190017
19322,1363884176500543497
19323,1363884052919574529
19324,1363883965527060481
19325,1363883925660131347
19326,1363883879128567810
19327,1363883842176757769
19328,1363883784869994498
19329,1363883765475459073
19330,1363883510235291655
19331,1363883473245777921
19332,1363883381730246660
19333,1363883305968553984
19334,1363883267531890693
19335,1363883194194534402
19336,1363883020181250051
19337,1363882938446852096
19338,1363882937763172352
19339,1363882815209750528
19340,1363882772209762306
19341,1363882738126909440
19342,1363882629494358016
19343,1363882612813664263
19344,1363882511500271623
19345,1363882475810873348
19346,1363882457800531981
19347,1363882435403014150
19348,1363882431921668098
19349,1363882373721432064
19350,1363882369284001795
19351,1363882308307189764
19352,1363882307678044160
19353,1363882289374060552
19354,1363882234177011714
19355,1363882214476443653
19356,1363882212085669903
19357,1363882207740387330
19358,1363882128061120519
19359,1363882045030731780
19360,1363882044296732672
19361,1363881816097247238
19362,1363881667568545797
19363,1363881658009735170
19364,1363881634991325189
19365,1363881578817064962
19366,1363881374122442759
19367,1363880738651693061
19368,1363880147636609028
19369,1363879888512561152
19370,1363878903320829955
19371,1363878786647937032
19372,1363877206418747397
19373,1363877154094776326
19374,1363876751286423556
19375,1363876316399951872
19376,1363876132219715586
19377,1363874472101568515
19378,1363874244392849412
19379,1363874161492447236
19380,1363872473419304963
19381,1363871744193421320
19382,1363871461933481985
19383,1363871166952140803
19384,1363870756568981505
19385,1363870254712184833
19386,1363869655731961862
19387,1363869609342992384
19388,1363868923062489092
19389,1363868871028072449
19390,1363868744662065161
19391,1363868195870892033
19392,1363867863170301954
19393,1363866730880245764
19394,1363866204750962689
19395,1363866137574797314
19396,1363865819772579842
19397,1363865255676379147
19398,1363865191063158789
19399,1363864581899173897
19400,1363864325887254534
19401,1363864276419702788
19402,1363864043728097281
19403,1363863862865461253
19404,1363861495935881216
19405,1363861234567811073
19406,1363860487767814150
19407,1363859826309296131
19408,1363856953319903232
19409,1363856558401196032
19410,1363856172357476356
19411,1363855974990241792
19412,1363855878034771971
19413,1363853770782867457
19414,1363852744050810880
19415,1363852694985846784
19416,1363852544850747401
19417,1363852008067895297
19418,1363851263604047874
19419,1363851076227710980
19420,1363849678308200456
19421,1363849547991056385
19422,1363849544996429834
19423,1363849189587898370
19424,1363849131060584454
19425,1363848719683182598
19426,1363848636510179328
19427,1363848197521686538
19428,1363848083981750276
19429,1363847974594490369
19430,1363847847108431882
19431,1363847560276893700
19432,1363846498790866944
19433,1363845572508155905
19434,1363845070227660805
19435,1363844900765265921
19436,1363844810419949572
19437,1363843914906669056
19438,1363843905079431169
19439,1363843844907933700
19440,1363843155565641735
19441,1363842613313380360
19442,1363841445476638728
19443,1363841377986113536
19444,1363840450826805253
19445,1363840210270879747
19446,1363840164347449344
19447,1363840110966566912
19448,1363840065789702148
19449,1363839706954399748
19450,1363839684426665984
19451,1363839222432600067
19452,1363838942865469443
19453,1363838597028323331
19454,1363838553483063297
19455,1363837740970876929
19456,1363836222632820740
19457,1363835868516143110
19458,1363835183825227776
19459,1363834975976579072
19460,1363834950856962050
19461,1363834111492825093
19462,1363833673842237443
19463,1363833568120643585
19464,1363833389606838274
19465,1363832813015941123
19466,1363831852512010240
19467,1363831804042629125
19468,1363831794206978049
19469,1363831754528800769
19470,1363831704276901889
19471,1363831694327963657
19472,1363831607208116226
19473,1363831597292793856
19474,1363831502568579074
19475,1363831104038387719
19476,1363830020003815431
19477,1363829452422193152
19478,1363829364396339200
19479,1363829022950449156
19480,1363828524826587140
19481,1363828522389659653
19482,1363827895446212608
19483,1363826425996996610
19484,1363825800362024960
19485,1363823851583471619
19486,1363822655678382083
19487,1363822400824033282
19488,1363821956659900424
19489,1363821355624509443
19490,1363820827599323137
19491,1363820216296239104
19492,1363819651222929410
19493,1363818157387956228
19494,1363816121258893313
19495,1363816036601053185
19496,1363815801594216451
19497,1363814534603964416
19498,1363814413334118400
19499,1363813666492215304
19500,1363813656518131713
19501,1363813135245860868
19502,1363812668860030982
19503,1363811399613431811
19504,1363809904604119040
19505,1363809353506164736
19506,1363809343553105921
19507,1363808518961299459
19508,1363806301558603782
19509,1363805582998851593
19510,1363804412431466499
19511,1363804285054631937
19512,1363804230155460608
19513,1363803936789065729
19514,1363803797722722304
19515,1363803676477906945
19516,1363803645062631425
19517,1363802642112274432
19518,1363802473136201728
19519,1363801587802636288
19520,1363801309107912704
19521,1363801166690271234
19522,1363800979485949954
19523,1363800884296179714
19524,1363797456580878338
19525,1363796378212835329
19526,1363795685322092544
19527,1363794151419109376
19528,1363792069123317761
19529,1363791907416141824
19530,1363791311690752002
19531,1363790638563659777
19532,1363789965495308288
19533,1363787376225517575
19534,1363787374895972353
19535,1363787281677639683
19536,1363786827941953536
19537,1363786522177265664
19538,1363786498554920962
19539,1363786083113316352
19540,1363786073164419080
19541,1363784469090607107
19542,1363784401247690753
19543,1363784278803419136
19544,1363784105536577537
19545,1363784104316194818
19546,1363783846827802626
19547,1363783476462419972
19548,1363783117799096322
19549,1363783088753364993
19550,1363782899435245568
19551,1363782549202477057
19552,1363782539282907137
19553,1363782007508115457
19554,1363781827773665280
19555,1363780536716718081
19556,1363780148584189953
19557,1363779434160001024
19558,1363779039496986626
19559,1363778382471835648
19560,1363778372522958848
19561,1363778017852596224
19562,1363778007995998208
19563,1363777742555209731
19564,1363775661412929536
19565,1363774932463874049
19566,1363774319357272064
19567,1363774134799503362
19568,1363773170185097217
19569,1363772451423936512
19570,1363771081065197572
19571,1363771079307755522
19572,1363769623389364226
19573,1363768653854965761
19574,1363767116260810752
19575,1363766512482418690
19576,1363762773574975488
19577,1363762409152778249
19578,1363760912352575489
19579,1363760439394373636
19580,1363755955331203072
19581,1363755906920407042
19582,1363755453654716418
19583,1363752771581747201
19584,1363745672609083394
19585,1363738330819624961
19586,1363734283181989888
19587,1363710890055528450
19588,1363709207745339399
19589,1363706840211615759
19590,1363698794047496201
19591,1363696264034934793
19592,1363693692004028417
19593,1363663282960297984
19594,1363662704171450371
19595,1363662361622704129
19596,1363656450329960449
19597,1363654147535499265
19598,1363652843064942598
19599,1363652546213068800
19600,1363651602289029122
19601,1363650761499045888
19602,1363649781109784576
19603,1363648652066045954
19604,1363647465006780418
19605,1363646638460456967
19606,1363641429835345921
19607,1363639482864517120
19608,1363637138500194306
19609,1363637134914019329
19610,1363636480523042818
19611,1363635016467689473
19612,1363633879534473219
19613,1363633643911077892
19614,1363632327138623496
19615,1363631261894508544
19616,1363629595375915016
19617,1363627634400370690
19618,1363626530681851911
19619,1363625702369673219
19620,1363625125808062466
19621,1363624546578874371
19622,1363623794296905735
19623,1363623608426373130
19624,1363622718944468998
19625,1363621780905197572
19626,1363621102006730758
19627,1363620505970999296
19628,1363619245318430720
19629,1363619067949686788
19630,1363618011895095298
19631,1363617401384878081
19632,1363617127484260354
19633,1363616390645694466
19634,1363615935463116802
19635,1363614240028950531
19636,1363613270180061187
19637,1363612688610394114
19638,1363612424901959682
19639,1363612190754930690
19640,1363611774893887495
19641,1363611736494981123
19642,1363611358609231873
19643,1363611163314040841
19644,1363610700602605571
19645,1363609508166172673
19646,1363608230316953601
19647,1363607348749680645
19648,1363606837992521730
19649,1363603120178266112
19650,1363602973478297602
19651,1363602650697261066
19652,1363602640714821633
19653,1363602573165535232
19654,1363602563166334978
19655,1363602239709937664
19656,1363601287284219904
19657,1363599226903670787
19658,1363598925735882755
19659,1363597325059383302
19660,1363595159317983237
19661,1363594343089586179
19662,1363593487044796417
19663,1363593412126081024
19664,1363593167673708545
19665,1363592131785408519
19666,1363588068457017354
19667,1363587321765986309
19668,1363587194909261829
19669,1363586065131581447
19670,1363585909103484930
19671,1363585467074109442
19672,1363585417266622465
19673,1363585004773736452
19674,1363584248708542464
19675,1363583997180313600
19676,1363583982487633920
19677,1363583548377202689
19678,1363581990453280773
19679,1363581051281567744
19680,1363579352903004171
19681,1363579233046528000
19682,1363578594400829440
19683,1363576128481468416
19684,1363575457954885634
19685,1363574892478750723
19686,1363573646606925826
19687,1363573624876236803
19688,1363573579288346625
19689,1363573482022395905
19690,1363573436598149122
19691,1363573126043475971
19692,1363573041117208589
19693,1363572055837446144
19694,1363571576583544835
19695,1363570671842979845
19696,1363570188373921796
19697,1363570170573291524
19698,1363570084342620163
19699,1363569057069486080
19700,1363568949280055303
19701,1363567430337892352
19702,1363567072857497604
19703,1363566950656401409
19704,1363566872801603585
19705,1363566546962976768
19706,1363566543821361152
19707,1363565474236235782
19708,1363565464245395457
19709,1363564805605490696
19710,1363560714754002954
19711,1363560053102542853
19712,1363558752046178304
19713,1363557547328872456
19714,1363555906403860490
19715,1363554920302055428
19716,1363552955350151169
19717,1363552324703186950
19718,1363552063825715204
19719,1363551126306648065
19720,1363550942591741953
19721,1363550936422113284
19722,1363550509282566151
19723,1363550364159598594
19724,1363549432734576640
19725,1363548512970027009
19726,1363548431856328704
19727,1363548172036014084
19728,1363546993222639617
19729,1363546893012393991
19730,1363546034199232516
19731,1363546030449430528
19732,1363544660371779587
19733,1363543877429395457
19734,1363543224430780422
19735,1363541293838778373
19736,1363539706747707399
19737,1363539199966785536
19738,1363536778406334466
19739,1363535214916558852
19740,1363534865845616647
19741,1363531814451638277
19742,1363530999389372419
19743,1363530203578966018
19744,1363529016129503232
19745,1363527841963536389
19746,1363525907718234112
19747,1363525638657875977
19748,1363524148278874114
19749,1363523360567808000
19750,1363523030366969858
19751,1363520875711123460
19752,1363520304841175040
19753,1363519971259781121
19754,1363519582019989504
19755,1363518901565460484
19756,1363516076756262914
19757,1363515538622861312
19758,1363515503122255877
19759,1363513930920980480
19760,1363513920925945862
19761,1363513800427786249
19762,1363513025773391878
19763,1363511940954300420
19764,1363511588007931907
19765,1363511418054705154
19766,1363511379781632001
19767,1363509766178430977
19768,1363509445930741760
19769,1363508416266858497
19770,1363506626725113859
19771,1363506210775908353
19772,1363505887260921856
19773,1363503004507271169
19774,1363501804290506755
19775,1363501157352677391
19776,1363498477615869959
19777,1363498207699992577
19778,1363495822701199361
19779,1363493488147496962
19780,1363493401283469312
19781,1363492278468288516
19782,1363490968079638530
19783,1363490218746249217
19784,1363486458116464642
19785,1363486352734568448
19786,1363486352046702599
19787,1363486012026982403
19788,1363484704230563844
19789,1363483163020976135
19790,1363481096088924161
19791,1363479423828303879
19792,1363478247007268867
19793,1363478130476920832
19794,1363477735901982722
19795,1363477321655717888
19796,1363477321458540547
19797,1363476697115459585
19798,1363472495072976897
19799,1363471582937681921
19800,1363471297687154692
19801,1363470954253459463
19802,1363470550446841857
19803,1363469862975193089
19804,1363468199514234881
19805,1363466130908606464
19806,1363465368942034944
19807,1363464632086663172
19808,1363463921210916864
19809,1363462375609786369
19810,1363461768081719296
19811,1363460942315614208
19812,1363458796551569408
19813,1363458606482526211
19814,1363456249480826883
19815,1363455730318196737
19816,1363453828180369410
19817,1363453818277609472
19818,1363453174896558082
19819,1363451090860187650
19820,1363449601144074245
19821,1363447184713256960
19822,1363445502034006022
19823,1363445494115164166
19824,1363445430252670978
19825,1363444725643169792
19826,1363443607995318272
19827,1363442373716549633
19828,1363442371493584897
19829,1363440729515843584
19830,1363440217991086080
19831,1363440214710968324
19832,1363440211347337218
19833,1363439528686592007
19834,1363438449320222723
19835,1363437600183365632
19836,1363436849998479363
19837,1363436366399471617
19838,1363432550195150851
19839,1363432246804439043
19840,1363431267426054144
19841,1363430525092831232
19842,1363429047213174788
19843,1363428563718971393
19844,1363427418166419457
19845,1363426700923703296
19846,1363423435448229888
19847,1363422800430723072
19848,1363420817837740032
19849,1363420459404914688
19850,1363420307755839491
19851,1363418869264568320
19852,1363417789457924096
19853,1363416946222321664
19854,1363414317270503428
19855,1363411656198381573
19856,1363411650154360836
19857,1363410897004240896
19858,1363408378060562436
19859,1363408307289956354
19860,1363407740316626946
19861,1363403216713625600
19862,1363401252311347201
19863,1363400997834481665
19864,1363398626144378880
19865,1363397183597346817
19866,1363395166359326723
19867,1363395165134614530
19868,1363391992751923202
19869,1363388011443060738
19870,1363382947932483584
19871,1363381724139450369
19872,1363365275480051714
19873,1363356583669993473
19874,1363344810787151872
19875,1363341765219123204
19876,1363337652515213312
19877,1363332928856588288
19878,1363322554417512448
19879,1363321121014243331
19880,1363320090452627458
19881,1363305010164039681
19882,1363301189719371777
19883,1363290043436195843
19884,1363288444143812612
19885,1363287581274890242
19886,1363286747308785665
19887,1363286618854031362
19888,1363285626854998020
19889,1363284563569627147
19890,1363281302083010564
19891,1363279530635395073
19892,1363278374664364032
19893,1363277253455544321
19894,1363276810864242688
19895,1363275374570987522
19896,1363275020445904898
19897,1363272813025632256
19898,1363269567922003969
19899,1363266865754234881
19900,1363264934226886663
19901,1363261734287527939
19902,1363260538965422082
19903,1363259794967191561
19904,1363257812936179716
19905,1363256563830521860
19906,1363255723640168452
19907,1363253468610392066
19908,1363252569938808839
19909,1363252087220367360
19910,1363250495364734981
19911,1363249414991712259
19912,1363249018445430787
19913,1363248740585381895
19914,1363248738421137409
19915,1363247765317419010
19916,1363247047432806403
19917,1363246732960759810
19918,1363246393507332106
19919,1363244597317615618
19920,1363244438462545922
19921,1363244292559544323
19922,1363244001185439744
19923,1363242862163464200
19924,1363242642969083907
19925,1363242338672386050
19926,1363242151879008257
19927,1363242020739907585
19928,1363240778823315460
19929,1363240762784235521
19930,1363240412060786688
19931,1363240141200842753
19932,1363240006383501315
19933,1363239820106072069
19934,1363239439183544321
19935,1363239410968518658
19936,1363239181254811651
19937,1363237839467655172
19938,1363237597145923585
19939,1363237578003087362
19940,1363236877655027712
19941,1363236335562219525
19942,1363236325609062400
19943,1363236054254424065
19944,1363235901569200132
19945,1363235328170086401
19946,1363235135911518211
19947,1363233777938534400
19948,1363231953680556037
19949,1363231439085572097
19950,1363231269627170817
19951,1363231037753597953
19952,1363230673696415744
19953,1363230653496631296
19954,1363229289576099842
19955,1363228135945359369
19956,1363227202985295881
19957,1363225790746398728
19958,1363225662870421508
19959,1363225336574595073
19960,1363225331600142341
19961,1363225085230919681
19962,1363224774802046981
19963,1363224672603688962
19964,1363224404935720961
19965,1363223946338959360
19966,1363223656772620288
19967,1363223283039039488
19968,1363222481054687232
19969,1363220883796615171
19970,1363219633117962243
19971,1363219540717559815
19972,1363219511416152068
19973,1363217996886536194
19974,1363215730489974786
19975,1363215586277396483
19976,1363214997606850560
19977,1363213031992352769
19978,1363212313474531329
19979,1363212126802829312
19980,1363212069177278467
19981,1363211626380427273
19982,1363210588617375746
19983,1363209168379912193
19984,1363207507603259393
19985,1363206943263883277
19986,1363204460504317952
19987,1363204272100286475
19988,1363204155465101313
19989,1363202516171784194
19990,1363202457896185869
19991,1363200048817963008
19992,1363199409778008066
19993,1363198768158552065
19994,1363197993906819082
19995,1363197504662228996
19996,1363197365491036165
19997,1363196509282590721
19998,1363196156566724609
19999,1363194984552423425
20000,1363193259166736386
20001,1363192926529011717
20002,1363192245592154124
20003,1363191489673723904
20004,1363190717145825283
20005,1363190053078507522
20006,1363189774761267203
20007,1363189311852716034
20008,1363188423436210178
20009,1363187905171230720
20010,1363187770722824204
20011,1363187109553721347
20012,1363185539751567363
20013,1363185397694668801
20014,1363185071692406787
20015,1363185052864163840
20016,1363184403946569728
20017,1363184170332270599
20018,1363183128932737031
20019,1363182967246499842
20020,1363182538869641224
20021,1363182130147323905
20022,1363181867407712268
20023,1363181729029193730
20024,1363181507645378563
20025,1363180358494277634
20026,1363179621647339525
20027,1363179465283694597
20028,1363179083258068997
20029,1363178740033929216
20030,1363178710447362057
20031,1363178701962305539
20032,1363178272301932549
20033,1363177957557235723
20034,1363177730687328261
20035,1363177545689141250
20036,1363177136161501186
20037,1363176880397029379
20038,1363176606378901505
20039,1363176363377655808
20040,1363175256882618370
20041,1363173877464113152
20042,1363173593341980674
20043,1363173181251612677
20044,1363172852929880069
20045,1363172727813677061
20046,1363172232307109890
20047,1363171220024360970
20048,1363170453330808832
20049,1363169377781121027
20050,1363169289717624835
20051,1363169266103689217
20052,1363169125778997252
20053,1363167310752739331
20054,1363166532604284928
20055,1363163174346891270
20056,1363163035637014540
20057,1363162906708373504
20058,1363157754391756801
20059,1363157618609557512
20060,1363157587991146501
20061,1363157521553326085
20062,1363156898183274500
20063,1363156499460153353
20064,1363154761231568897
20065,1363154523624263684
20066,1363154051391778817
20067,1363153791147737089
20068,1363153622146703361
20069,1363152788990140423
20070,1363152443740094465
20071,1363150476926214146
20072,1363149523644796930
20073,1363149295830982660
20074,1363149096698142730
20075,1363148653595090945
20076,1363148048411611137
20077,1363147214961451009
20078,1363147008043855874
20079,1363146205816098817
20080,1363145766118830087
20081,1363145560216268801
20082,1363143017943736331
20083,1363142412944764928
20084,1363142103786795014
20085,1363141813234765824
20086,1363141537929035776
20087,1363141536976928772
20088,1363141420194934788
20089,1363140558844223490
20090,1363139670977183753
20091,1363138930976161796
20092,1363137644838985729
20093,1363137378702012417
20094,1363134201541885957
20095,1363134190187909133
20096,1363134189722296320
20097,1363133922838798338
20098,1363132814141632514
20099,1363131864806998018
20100,1363131798822260743
20101,1363131557318438912
20102,1363131025547796481
20103,1363130110983962625
20104,1363128563638149121
20105,1363127609148727300
20106,1363127272014766088
20107,1363125826028515332
20108,1363125300591276032
20109,1363124758834016259
20110,1363124748918673410
20111,1363124576385978368
20112,1363124373167747075
20113,1363123748275109890
20114,1363123286184497156
20115,1363121875170295812
20116,1363121197379125248
20117,1363121044324839424
20118,1363120883494236165
20119,1363120496443817984
20120,1363120404416585728
20121,1363120129316380672
20122,1363119035798478853
20123,1363118666791989258
20124,1363118000430342144
20125,1363117680891490304
20126,1363117674100793344
20127,1363117521390473217
20128,1363117432022441989
20129,1363117184222973952
20130,1363117106196316160
20131,1363116749688823811
20132,1363116447686406144
20133,1363113993968173057
20134,1363113424339746818
20135,1363113413749137408
20136,1363113178486484997
20137,1363112759215460358
20138,1363112722091638785
20139,1363112660301135872
20140,1363111967620235271
20141,1363111913891246083
20142,1363111422473998336
20143,1363110851125927936
20144,1363110447071772676
20145,1363110413433516036
20146,1363110334937104388
20147,1363109171990847493
20148,1363108894134984704
20149,1363108632209068037
20150,1363107679682646018
20151,1363105630865788933
20152,1363105499437219841
20153,1363105132347494400
20154,1363105030103068674
20155,1363104983940534273
20156,1363104879879856131
20157,1363104414433738752
20158,1363103694913474562
20159,1363103378792996866
20160,1363101375501119488
20161,1363100860117487620
20162,1363100777842171906
20163,1363100767897403393
20164,1363098912807133184
20165,1363098737791410177
20166,1363098555402121216
20167,1363098286094229505
20168,1363096062039363585
20169,1363095067381166082
20170,1363094055949922304
20171,1363094045971648513
20172,1363093406751346690
20173,1363091920952692736
20174,1363091850509320195
20175,1363091231220367360
20176,1363089893245784068
20177,1363089755550941186
20178,1363089694662270981
20179,1363088641183088640
20180,1363088403433160705
20181,1363088287817162753
20182,1363088005980958722
20183,1363087260405489668
20184,1363087177551400964
20185,1363086896952410112
20186,1363085613432471557
20187,1363084966544998400
20188,1363084627481661440
20189,1363084181723619338
20190,1363083892740259845
20191,1363081113887981568
20192,1363080646432849920
20193,1363080518082912257
20194,1363078743372279810
20195,1363078715043950594
20196,1363078514224877568
20197,1363078126037856257
20198,1363077844038004737
20199,1363077612302725120
20200,1363077362196369417
20201,1363076838118064129
20202,1363076784154116097
20203,1363076315184832512
20204,1363076313951526912
20205,1363076312722665475
20206,1363076138063589378
20207,1363075158018322432
20208,1363075102229807105
20209,1363072798688751616
20210,1363072797325488129
20211,1363072441023627266
20212,1363072016467832835
20213,1363068798828482560
20214,1363066278748037120
20215,1363065626915442692
20216,1363064217499283457
20217,1363064179821862912
20218,1363062723748184064
20219,1363062713732202497
20220,1363062681499029504
20221,1363061958954606593
20222,1363061908073574401
20223,1363061009347403781
20224,1363060222567268352
20225,1363059351422988288
20226,1363059292945997827
20227,1363057972197392384
20228,1363057819944034305
20229,1363057320075268097
20230,1363054306430230531
20231,1363054035696308224
20232,1363053867848597506
20233,1363052965444149250
20234,1363052647591329793
20235,1363051717768712192
20236,1363050590151069703
20237,1363049159180312577
20238,1363048882502995971
20239,1363048869915942912
20240,1363047572550668288
20241,1363047568020807680
20242,1363047562471702529
20243,1363047370519318535
20244,1363044936971661312
20245,1363044608041574402
20246,1363043211892191242
20247,1363043101061898242
20248,1363042512714227713
20249,1363040694319935488
20250,1363038667657379840
20251,1363038565609865222
20252,1363035726779207681
20253,1363035666423054338
20254,1363033031330570247
20255,1363031007302213635
20256,1363009641039462400
20257,1363005463047016449
20258,1362989405342990345
20259,1362989297394212864
20260,1362987032314789889
20261,1362985463951347713
20262,1362977080816844800
20263,1362972951440740361
20264,1362968934945869825
20265,1362957689060474889
20266,1362954982039904256
20267,1362953046867791872
20268,1362952688355409923
20269,1362952384406827009
20270,1362951489656774657
20271,1362947192798007301
20272,1362944591306096640
20273,1362942079362617350
20274,1362937595437719556
20275,1362937273323376642
20276,1362937193417871361
20277,1362936052109832194
20278,1362935982543273985
20279,1362932844264378369
20280,1362930382526636034
20281,1362927798856351753
20282,1362926193603997697
20283,1362923036958216196
20284,1362922348903546880
20285,1362915964514430980
20286,1362914850427527168
20287,1362911436570304514
20288,1362909652502077440
20289,1362907502782935040
20290,1362904785964384256
20291,1362903589530857472
20292,1362902910640783365
20293,1362901515527204864
20294,1362901495373570055
20295,1362900842869895169
20296,1362897693757030404
20297,1362897396150251520
20298,1362896845438132231
20299,1362896175502868481
20300,1362896125213089794
20301,1362895606809821185
20302,1362894327807172615
20303,1362894032981139464
20304,1362893875824754694
20305,1362893361280122882
20306,1362892489368158214
20307,1362892235159842818
20308,1362891200412418056
20309,1362889914438864900
20310,1362889864618905601
20311,1362889350174945287
20312,1362888353750929411
20313,1362888240026558465
20314,1362887025653932035
20315,1362886559708704768
20316,1362886532697317381
20317,1362884934570975232
20318,1362884583197442050
20319,1362883898309509126
20320,1362883491785027587
20321,1362883114037559297
20322,1362882635924729858
20323,1362881961858113537
20324,1362881784728326146
20325,1362881036267507714
20326,1362879671034122241
20327,1362879503836590081
20328,1362878682004660226
20329,1362878600937152513
20330,1362878374721552385
20331,1362878074124197890
20332,1362876508478578693
20333,1362876137622355972
20334,1362875606422065154
20335,1362875491254943751
20336,1362875475366973441
20337,1362875084302671875
20338,1362874658157187074
20339,1362874112583086082
20340,1362874023181512712
20341,1362873453246881799
20342,1362872692769247234
20343,1362871840876552193
20344,1362871827081682946
20345,1362871454690390017
20346,1362871098921091081
20347,1362870520061054979
20348,1362869569413517312
20349,1362869567341486082
20350,1362869323577049089
20351,1362869295634649089
20352,1362869293642354691
20353,1362868134978412551
20354,1362867480033718276
20355,1362866251870175238
20356,1362865129528954889
20357,1362864931205500941
20358,1362862295924277250
20359,1362860950412533767
20360,1362860776567013378
20361,1362860506860544002
20362,1362860346411786242
20363,1362860244251119622
20364,1362860017834201095
20365,1362855483011383306
20366,1362855324013760513
20367,1362854473333407748
20368,1362854428185931787
20369,1362853220733739009
20370,1362853081071968261
20371,1362851429438939137
20372,1362848301947699203
20373,1362846156791898116
20374,1362846114173624326
20375,1362844751746265098
20376,1362843804693393410
20377,1362842894156107787
20378,1362841390825283585
20379,1362841315084562439
20380,1362841307832586241
20381,1362841299100053520
20382,1362840073029496832
20383,1362839985632784388
20384,1362839665158537217
20385,1362838667509854211
20386,1362837872651329537
20387,1362837206143008770
20388,1362836698313461772
20389,1362835343314198531
20390,1362834234252083201
20391,1362834096041287681
20392,1362833431806152708
20393,1362833148137140225
20394,1362832762726731781
20395,1362832694145605635
20396,1362832466134843394
20397,1362831819675078658
20398,1362831619741147144
20399,1362831022640025604
20400,1362830698374045696
20401,1362830546511007756
20402,1362830086303608832
20403,1362829595553185800
20404,1362828742343733250
20405,1362828716515164162
20406,1362826901677563911
20407,1362825477241585665
20408,1362825316230660097
20409,1362824318821036039
20410,1362823131963002885
20411,1362822922897944576
20412,1362822188861190148
20413,1362821831254810625
20414,1362821601092395014
20415,1362821045602910209
20416,1362819116139184129
20417,1362818494300119041
20418,1362818445063110657
20419,1362817579971203075
20420,1362817227880300549
20421,1362816720272953345
20422,1362816663167598595
20423,1362815415525789701
20424,1362813457884606466
20425,1362811702580940802
20426,1362811117240745993
20427,1362810731549380611
20428,1362810050176237571
20429,1362810037274619909
20430,1362809935868870657
20431,1362809168579690498
20432,1362808687073497090
20433,1362808401353400327
20434,1362807587629105155
20435,1362807534168510470
20436,1362806102459572227
20437,1362805888994672642
20438,1362805199082049539
20439,1362805147605364736
20440,1362803768513990665
20441,1362803582031040520
20442,1362803237569650689
20443,1362803008556441605
20444,1362802980832108544
20445,1362802925416906755
20446,1362802574106251267
20447,1362801855647121412
20448,1362801627615408136
20449,1362801278183702534
20450,1362800333219647493
20451,1362799238531358722
20452,1362799007077191684
20453,1362796949720727553
20454,1362796599953354754
20455,1362796183668850688
20456,1362795862125142019
20457,1362794218805198855
20458,1362794101498863617
20459,1362794080011313154
20460,1362793883881656321
20461,1362793638879780869
20462,1362793507052781576
20463,1362793297400508417
20464,1362790814569668639
20465,1362789563870171138
20466,1362789198126845955
20467,1362788577575374857
20468,1362788415230660609
20469,1362787076077481984
20470,1362786417856966658
20471,1362786145864740868
20472,1362786070392373249
20473,1362785127131136004
20474,1362783615147507716
20475,1362783414601076739
20476,1362783372037279744
20477,1362782532610236417
20478,1362782135732600849
20479,1362782077503102976
20480,1362781371530289156
20481,1362780971880357889
20482,1362780965517541396
20483,1362780904083623939
20484,1362780804317855749
20485,1362780674403540996
20486,1362779923648294912
20487,1362779745268551682
20488,1362779221668614148
20489,1362778977794859009
20490,1362778976842784773
20491,1362778570133827590
20492,1362778440445939718
20493,1362778252528467984
20494,1362778241874984966
20495,1362778240549412869
20496,1362777980100034562
20497,1362777614147063815
20498,1362776353368604676
20499,1362774605333737474
20500,1362772678533279746
20501,1362771347919749122
20502,1362770385180229633
20503,1362769947919863809
20504,1362769370523525122
20505,1362769238050672640
20506,1362768005097267201
20507,1362765927490744323
20508,1362765323968122883
20509,1362764542460243972
20510,1362763882494844928
20511,1362763873372299269
20512,1362763551199420422
20513,1362763532496953344
20514,1362763381627781121
20515,1362762861341265925
20516,1362761770369245189
20517,1362761468756840450
20518,1362760104513130503
20519,1362759961156141079
20520,1362758975884820480
20521,1362758529095004160
20522,1362758393270857754
20523,1362758147375566848
20524,1362757984439402498
20525,1362757922271412232
20526,1362757462760251393
20527,1362756747874742279
20528,1362756585492271108
20529,1362756466977996804
20530,1362754825344192525
20531,1362754210262102023
20532,1362754113818292224
20533,1362753858452279297
20534,1362752818445221891
20535,1362752486327668738
20536,1362752184522317831
20537,1362751993773780999
20538,1362751751431028757
20539,1362751318612451330
20540,1362751193332805632
20541,1362751128488787969
20542,1362751112726654980
20543,1362750642356379648
20544,1362750303175499777
20545,1362750296498216960
20546,1362750265561079811
20547,1362750080244211718
20548,1362750019829432322
20549,1362750009951870979
20550,1362749515929952257
20551,1362749031550697478
20552,1362748799911878666
20553,1362747296736288769
20554,1362747227987468289
20555,1362746951045943301
20556,1362746394851893249
20557,1362746254229266434
20558,1362745885768249345
20559,1362745678829608966
20560,1362745635074674690
20561,1362745536856604675
20562,1362745484608221191
20563,1362745123373727745
20564,1362745067237212164
20565,1362744736595984384
20566,1362744721580384262
20567,1362744521113694211
20568,1362744519666634754
20569,1362744384312274944
20570,1362744307942371331
20571,1362744272777342980
20572,1362744262534823936
20573,1362743677647540231
20574,1362743622685368321
20575,1362743606302412803
20576,1362743155318210560
20577,1362742939626135552
20578,1362742780062289921
20579,1362742530056613888
20580,1362742312317689856
20581,1362741840307437570
20582,1362741244900876292
20583,1362741138805968898
20584,1362739194511192070
20585,1362738492497870865
20586,1362737745790140416
20587,1362737557616877571
20588,1362737446052487168
20589,1362737353039745033
20590,1362733808571703299
20591,1362733807569309696
20592,1362733465658150912
20593,1362732803343798272
20594,1362732521138618368
20595,1362732054950137859
20596,1362731754562465798
20597,1362731618344054796
20598,1362731606306398212
20599,1362730814132416512
20600,1362729375175737361
20601,1362726972057653249
20602,1362726466987962373
20603,1362726188280647681
20604,1362726010043592705
20605,1362726006809796610
20606,1362726000673624064
20607,1362725596682457088
20608,1362725538259992578
20609,1362725397184602115
20610,1362724532583292930
20611,1362724130353778688
20612,1362722756815650816
20613,1362721268726923267
20614,1362719674098622467
20615,1362718823929901057
20616,1362718054073982979
20617,1362712367176499202
20618,1362707986343460864
20619,1362707274972729348
20620,1362702985814491138
20621,1362700955616182274
20622,1362700841031933955
20623,1362700840021094402
20624,1362700320049143812
20625,1362699762898767873
20626,1362699466319527936
20627,1362697824983539713
20628,1362696783709765633
20629,1362696584102875136
20630,1362695319390212097
20631,1362695306207461376
20632,1362688399568683014
20633,1362688040917958656
20634,1362687618975162371
20635,1362685236136472579
20636,1362684094547714048
20637,1362683477045338116
20638,1362683475929653249
20639,1362681044760150016
20640,1362680823288197120
20641,1362680792833536000
20642,1362679101048442881
20643,1362676615562543105
20644,1362676598252724228
20645,1362676383214927874
20646,1362675599131762688
20647,1362675581033267202
20648,1362674804608757761
20649,1362670956771172352
20650,1362669632960651265
20651,1362668161942880258
20652,1362666368408166401
20653,1362664876037013507
20654,1362663458555056128
20655,1362663092086140929
20656,1362660690226388996
20657,1362659567843176449
20658,1362656915281440769
20659,1362656014038949889
20660,1362649782456639488
20661,1362649718610939905
20662,1362638392962523136
20663,1362631360557547521
20664,1362620109223780353
20665,1362617370750107652
20666,1362614616631750656
20667,1362614606712176645
20668,1362599181236469774
20669,1362598262969147398
20670,1362596463356891138
20671,1362590999822876678
20672,1362590806826188803
20673,1362585193580818436
20674,1362581726699147264
20675,1362581317939064839
20676,1362578854158737408
20677,1362577674393309184
20678,1362577010393026566
20679,1362575938446327813
20680,1362575058179342339
20681,1362574370431004678
20682,1362571189345001473
20683,1362571105395998722
20684,1362567577122205697
20685,1362565900159844355
20686,1362565503928184834
20687,1362565130307989504
20688,1362565060107919362
20689,1362563183521718276
20690,1362562347433402377
20691,1362560019393351688
20692,1362557933024923649
20693,1362556212013920262
20694,1362556050319298571
20695,1362555963673374723
20696,1362554414939082753
20697,1362553748917268485
20698,1362552803365957632
20699,1362551219550576643
20700,1362549470781669377
20701,1362549088009392128
20702,1362546495069782023
20703,1362545784785424391
20704,1362543524793765888
20705,1362542064190291971
20706,1362541191250731008
20707,1362540615335104512
20708,1362540542433906690
20709,1362538798744293379
20710,1362535263902310400
20711,1362533685866745858
20712,1362533351362560000
20713,1362532261179047941
20714,1362532092932980739
20715,1362526581848236033
20716,1362525555808157698
20717,1362524901198999552
20718,1362524506741432321
20719,1362522839476277252
20720,1362522678951837698
20721,1362522666570145794
20722,1362520981609144322
20723,1362520842022883328
20724,1362519518183006210
20725,1362518507477491713
20726,1362518503396306944
20727,1362518208046063619
20728,1362518122033512458
20729,1362517696554938374
20730,1362517674622861313
20731,1362517056399278080
20732,1362516710134284293
20733,1362516514860134407
20734,1362516161347284993
20735,1362514826984120320
20736,1362513556948848640
20737,1362512855380148230
20738,1362512719916720132
20739,1362512662266019841
20740,1362512212095504389
20741,1362511986362351617
20742,1362511585432977408
20743,1362510305692180490
20744,1362509470635601928
20745,1362509469616381968
20746,1362509452809670657
20747,1362509438863765505
20748,1362508432411156491
20749,1362507517583110146
20750,1362507001230729222
20751,1362506739858472960
20752,1362505965279576071
20753,1362505758848516104
20754,1362505126846619656
20755,1362505118122467333
20756,1362505065249075203
20757,1362504865998655488
20758,1362504861695279104
20759,1362504414477639682
20760,1362503556759244807
20761,1362502307359948803
20762,1362501149685874689
20763,1362501021512179725
20764,1362500831812149250
20765,1362500317582090242
20766,1362500170844372992
20767,1362499630664065025
20768,1362499177675112452
20769,1362498740523778053
20770,1362498152708902915
20771,1362496851904253957
20772,1362496047407316995
20773,1362495437119315976
20774,1362495169707278336
20775,1362493298343108613
20776,1362492089284644865
20777,1362491886741708802
20778,1362491672551120898
20779,1362491325690568707
20780,1362491192781504513
20781,1362489607250714624
20782,1362488475413581825
20783,1362487390154215428
20784,1362486297391214599
20785,1362486107011756032
20786,1362485684938956800
20787,1362485401156517891
20788,1362485008703901699
20789,1362483826178547712
20790,1362481063356948481
20791,1362480999645536256
20792,1362480511529062403
20793,1362477615592968197
20794,1362477431404298241
20795,1362476895321866245
20796,1362476885305884679
20797,1362476656166895616
20798,1362475950592716805
20799,1362475331446308865
20800,1362475308134367234
20801,1362474586483351553
20802,1362473380168028163
20803,1362473312362893313
20804,1362472995361595398
20805,1362472965997174786
20806,1362471956558319618
20807,1362471497730838529
20808,1362470468737974276
20809,1362470210134024198
20810,1362470162776096768
20811,1362469982773379077
20812,1362469431134183425
20813,1362469414118035463
20814,1362468724872200202
20815,1362467357239762945
20816,1362466362560565254
20817,1362464765176664072
20818,1362463050331287561
20819,1362462719115472898
20820,1362462418895573002
20821,1362462376029786118
20822,1362462185910374405
20823,1362461424128253964
20824,1362461137271484419
20825,1362460883792789504
20826,1362460050879614978
20827,1362459911884570624
20828,1362459909095309312
20829,1362458550786797569
20830,1362457531277312004
20831,1362456624674320393
20832,1362456394805436424
20833,1362455997344862221
20834,1362455971176546306
20835,1362455821804781571
20836,1362455366223749124
20837,1362453072337915908
20838,1362452388515315712
20839,1362447892967997440
20840,1362447021785952256
20841,1362447016736022533
20842,1362447014198448128
20843,1362446521573273601
20844,1362446362101612557
20845,1362446025886154753
20846,1362444958066749440
20847,1362444911459635203
20848,1362444834703872007
20849,1362444037115039744
20850,1362443242818703360
20851,1362442502746365954
20852,1362442281136095232
20853,1362442252338016256
20854,1362442123673554944
20855,1362441646755954690
20856,1362441570482589696
20857,1362441431135182849
20858,1362440782494466052
20859,1362439604696145925
20860,1362439133323526149
20861,1362438947910144002
20862,1362437290736418816
20863,1362436852268101644
20864,1362435612838625280
20865,1362435172558331915
20866,1362434606646128641
20867,1362434430569230340
20868,1362434370452258821
20869,1362434186938884104
20870,1362434090100813828
20871,1362432717342838791
20872,1362431633312407555
20873,1362431200057561091
20874,1362430352061513732
20875,1362430092060856321
20876,1362429986704138241
20877,1362428661534711810
20878,1362428392608530435
20879,1362428351051399168
20880,1362426013096046596
20881,1362425916920635393
20882,1362425730605449218
20883,1362425508781260802
20884,1362425409049161728
20885,1362424966206136326
20886,1362424772777439242
20887,1362424539553140737
20888,1362424308685967366
20889,1362423772641439755
20890,1362423204749410304
20891,1362423004777570312
20892,1362422851077300226
20893,1362422615516790785
20894,1362422550253477888
20895,1362422448659058694
20896,1362421917567701000
20897,1362421765155278850
20898,1362421598809112578
20899,1362419546863390720
20900,1362419057350311942
20901,1362417542141206534
20902,1362417349547208704
20903,1362417191212228609
20904,1362417063541821444
20905,1362416758053830656
20906,1362416505808429056
20907,1362416389139611657
20908,1362416369107632131
20909,1362415811504275456
20910,1362415801538662405
20911,1362415562614276099
20912,1362414342810042373
20913,1362413934477783045
20914,1362413848913920001
20915,1362413839980113924
20916,1362413700829704193
20917,1362411543841882114
20918,1362410904176984066
20919,1362410409811148803
20920,1362410290596384768
20921,1362408303674949632
20922,1362408079078400007
20923,1362407831169863680
20924,1362405696680194052
20925,1362404673353879558
20926,1362404279101849609
20927,1362403227703066628
20928,1362401099823656969
20929,1362400565175726081
20930,1362400533928173568
20931,1362399409493987331
20932,1362399321036103689
20933,1362398274414608390
20934,1362398259541590016
20935,1362398244907737095
20936,1362397863884582915
20937,1362397597441392642
20938,1362397593842704384
20939,1362397197883555843
20940,1362397133371043843
20941,1362396533778440204
20942,1362395066145382401
20943,1362393538944729102
20944,1362391914331467776
20945,1362391518519185414
20946,1362390372018700290
20947,1362390007634419717
20948,1362389829011595264
20949,1362389402786295808
20950,1362388701423300608
20951,1362388304780492809
20952,1362388158504075266
20953,1362387003069898752
20954,1362386472293314562
20955,1362385683730604038
20956,1362384197147648000
20957,1362384129795395590
20958,1362383915793670145
20959,1362381261852078083
20960,1362380995614416900
20961,1362380143709323265
20962,1362376617138544643
20963,1362376267610415105
20964,1362375536077586436
20965,1362375403910942723
20966,1362374112199467008
20967,1362373647596482560
20968,1362372542086983684
20969,1362371462015954950
20970,1362371283854495749
20971,1362371216493936642
20972,1362370681695010818
20973,1362368568655032320
20974,1362367937521340417
20975,1362367086027284483
20976,1362366139901345792
20977,1362365496071446530
20978,1362365453222436865
20979,1362365443214893059
20980,1362364625979899906
20981,1362364503309090816
20982,1362363216068816897
20983,1362363095931375619
20984,1362362039050645504
20985,1362361813342564353
20986,1362361775186935809
20987,1362360169074728961
20988,1362360131162435584
20989,1362359867575533569
20990,1362359018996514816
20991,1362356412333096961
20992,1362356251980611586
20993,1362355141953916930
20994,1362354015581990916
20995,1362352330667159553
20996,1362351393403793410
20997,1362351039140093954
20998,1362350332681011202
20999,1362349892388220928
21000,1362349882833596417
21001,1362349761341317124
21002,1362348911839567872
21003,1362348901781692417
21004,1362348729278291968
21005,1362348249122758662
21006,1362348239102574592
21007,1362347071915913216
21008,1362346135562702848
21009,1362342278442995712
21010,1362340061543604224
21011,1362338833115668485
21012,1362338830347476992
21013,1362338015494963200
21014,1362337609608015872
21015,1362336876070395904
21016,1362332622114992130
21017,1362332322360606722
21018,1362332312415969284
21019,1362331924094717952
21020,1362331537669152768
21021,1362331535332974593
21022,1362329004691234820
21023,1362326622628626432
21024,1362326216078942208
21025,1362325929851314178
21026,1362325634236747778
21027,1362325286185009153
21028,1362324111876231172
21029,1362324108772478978
21030,1362323456369569793
21031,1362323270155042816
21032,1362317285667598337
21033,1362317195582312448
21034,1362315184237207558
21035,1362315178579095552
21036,1362311570534109186
21037,1362307881450676226
21038,1362307426737922049
21039,1362304257794449410
21040,1362298094621241344
21041,1362292019029282816
21042,1362284192185384960
21043,1362273158926110722
21044,1362261812155092996
21045,1362252964669378560
21046,1362235394201419777
21047,1362234163399696386
21048,1362232051647266819
21049,1362228223329861633
21050,1362227094634127360
21051,1362225256488980484
21052,1362223097768771591
21053,1362217330575572992
21054,1362214919182176259
21055,1362213967989530629
21056,1362213103367303172
21057,1362212818079150089
21058,1362207289021763585
21059,1362205931950465029
21060,1362203918055407616
21061,1362203703948701697
21062,1362201826158915589
21063,1362200900413054978
21064,1362199290395971586
21065,1362197762809421824
21066,1362197753019969541
21067,1362196016506802176
21068,1362195584694771713
21069,1362192104282324995
21070,1362191906457985031
21071,1362191653369438211
21072,1362189981872238597
21073,1362189621682200579
21074,1362188607486906368
21075,1362187539529015297
21076,1362186075536465922
21077,1362185702067347458
21078,1362185321597833216
21079,1362183714642554885
21080,1362183548430675973
21081,1362182750632042499
21082,1362181959494082569
21083,1362180921303195652
21084,1362177206089351176
21085,1362177203694407680
21086,1362175761822679040
21087,1362175102234865665
21088,1362175022480187395
21089,1362174688542289924
21090,1362173860335013894
21091,1362173745360736270
21092,1362173704776658945
21093,1362173099257520128
21094,1362172050077581313
21095,1362171099816026119
21096,1362169784259993603
21097,1362168396415123457
21098,1362168129124790274
21099,1362167205987840002
21100,1362166753221091331
21101,1362166320545030146
21102,1362166317457924096
21103,1362165576324550661
21104,1362164104765583370
21105,1362163181662142464
21106,1362162159493480448
21107,1362160731370762242
21108,1362160576210866176
21109,1362159891222204417
21110,1362158010949382144
21111,1362157720061829125
21112,1362157710175854593
21113,1362157481640738818
21114,1362155880494616576
21115,1362154008035622921
21116,1362153798328844288
21117,1362153480711004160
21118,1362152085291163655
21119,1362151523317407749
21120,1362151230110388225
21121,1362151037491109895
21122,1362150988908535811
21123,1362150637916545024
21124,1362150123166461954
21125,1362149951984328705
21126,1362149300432744453
21127,1362148970160664577
21128,1362148953756737536
21129,1362148906361061381
21130,1362148371629277193
21131,1362148352859766791
21132,1362148287214723077
21133,1362148123037102085
21134,1362148058696417284
21135,1362147725614186496
21136,1362147434776981507
21137,1362147339872456705
21138,1362146745506004996
21139,1362146401963053059
21140,1362146315828948995
21141,1362145747253231631
21142,1362144558943985672
21143,1362144406061666312
21144,1362144139417161731
21145,1362143803461808128
21146,1362143688105811969
21147,1362142952722677764
21148,1362142918077743109
21149,1362142810535849990
21150,1362142710552006658
21151,1362141700974600192
21152,1362141658436018176
21153,1362141317388791811
21154,1362141149083885572
21155,1362140672124473347
21156,1362140592675913735
21157,1362140172540923909
21158,1362139646050852870
21159,1362139519680716806
21160,1362139460339662851
21161,1362138984227471360
21162,1362138580328587264
21163,1362137335836651523
21164,1362136988170784773
21165,1362136915089231872
21166,1362136912497115136
21167,1362136888652550148
21168,1362136429019729921
21169,1362136145786769408
21170,1362136058725601281
21171,1362135534202744837
21172,1362135430385315841
21173,1362135208900890625
21174,1362134046420193287
21175,1362133832170950656
21176,1362133732963057668
21177,1362133634581422083
21178,1362133616269090818
21179,1362133592843972613
21180,1362133456373878791
21181,1362133313146748929
21182,1362132903921131521
21183,1362132839605690370
21184,1362132816667029504
21185,1362132532490366980
21186,1362132502303952899
21187,1362132484742402054
21188,1362132422687678468
21189,1362132135642030082
21190,1362132092566589455
21191,1362131639539822593
21192,1362131069911318537
21193,1362130514270904321
21194,1362129683760881664
21195,1362129633928491010
21196,1362129611203698697
21197,1362129486553239555
21198,1362129472611364870
21199,1362129452839428097
21200,1362129251101769735
21201,1362129184231985155
21202,1362129174811598857
21203,1362129123204825093
21204,1362128974734852098
21205,1362128828039069703
21206,1362128766584119298
21207,1362128605682274310
21208,1362128560497061891
21209,1362128397003071493
21210,1362128232296939522
21211,1362127819229323264
21212,1362127326490873859
21213,1362127319293394956
21214,1362127302532988930
21215,1362127236514664451
21216,1362126903872786436
21217,1362126896440426502
21218,1362126712348282893
21219,1362126643825938432
21220,1362126629493956610
21221,1362126540004278274
21222,1362126519540342789
21223,1362126446152609792
21224,1362126438703505412
21225,1362126063707504646
21226,1362125983189499907
21227,1362125872094998530
21228,1362125646504337410
21229,1362125042763595781
21230,1362125012828880905
21231,1362124973977010178
21232,1362124963071852546
21233,1362124797724012548
21234,1362124777931030532
21235,1362124670279933952
21236,1362124643780485127
21237,1362124508962967553
21238,1362124449802301448
21239,1362124330101075974
21240,1362124211947511809
21241,1362124189705138181
21242,1362124104632008707
21243,1362123725584408576
21244,1362123664515362830
21245,1362123636732231680
21246,1362123633477435402
21247,1362123284574334983
21248,1362123275778850816
21249,1362123032156917761
21250,1362123023843799046
21251,1362122969288499203
21252,1362122928129728513
21253,1362122926988939269
21254,1362122912967319555
21255,1362122865835991048
21256,1362122841395761156
21257,1362122789403115522
21258,1362122769136295947
21259,1362122664639410184
21260,1362122628258025475
21261,1362122570775076866
21262,1362122420317016067
21263,1362122321180434436
21264,1362122181648515072
21265,1362122139902619653
21266,1362121905784913920
21267,1362121874109583367
21268,1362121856027930629
21269,1362121504700391427
21270,1362121322759864326
21271,1362121298734960640
21272,1362121160247414786
21273,1362120982241148932
21274,1362120930563153921
21275,1362120688916660229
21276,1362120662802915336
21277,1362120211512582153
21278,1362120208396275713
21279,1362119717155143684
21280,1362119640386830340
21281,1362119540809883654
21282,1362119533931225096
21283,1362119528176619524
21284,1362119481502429187
21285,1362119238014631942
21286,1362118719565164545
21287,1362118397849448451
21288,1362118358896959493
21289,1362117973746581509
21290,1362117593579073539
21291,1362117031055736833
21292,1362116913158098947
21293,1362116845843734535
21294,1362116027614703616
21295,1362115866893180928
21296,1362115728476954627
21297,1362115400465539072
21298,1362115201542348804
21299,1362114595167600640
21300,1362114320692178948
21301,1362114103813234691
21302,1362113766406643714
21303,1362113697674653698
21304,1362113662639632389
21305,1362113474470555649
21306,1362113431101399042
21307,1362113406623506445
21308,1362113395651211265
21309,1362113380841046031
21310,1362112001028325379
21311,1362111592175833088
21312,1362111418586320898
21313,1362110817517322241
21314,1362110665238929415
21315,1362110605889519620
21316,1362110044809154562
21317,1362108656297390080
21318,1362108498813845507
21319,1362108470493925381
21320,1362108264100593665
21321,1362108224451796994
21322,1362108068956372992
21323,1362107804476137473
21324,1362107516566519811
21325,1362107423025205251
21326,1362107404473745410
21327,1362107363323506697
21328,1362107351289847811
21329,1362107343706738697
21330,1362107203205931016
21331,1362107028353728523
21332,1362106922682507265
21333,1362106813966082049
21334,1362106742855905281
21335,1362106333382774788
21336,1362106055141040135
21337,1362105815675645955
21338,1362105797451407360
21339,1362105611933089795
21340,1362105607948500996
21341,1362105586477850624
21342,1362105571634200576
21343,1362105244923092993
21344,1362105157308325894
21345,1362104963435016196
21346,1362104953536413699
21347,1362104915695464448
21348,1362104911442321408
21349,1362104910049923078
21350,1362104895604740098
21351,1362104858225033219
21352,1362104847579897860
21353,1362104646794432512
21354,1362104545531334665
21355,1362104433073602563
21356,1362103800149008386
21357,1362103297025392646
21358,1362103292386562049
21359,1362102879776030723
21360,1362102696598241282
21361,1362102106799411208
21362,1362101465280630789
21363,1362101187676409864
21364,1362100968092028931
21365,1362100908855812097
21366,1362100319300308994
21367,1362100171425918979
21368,1362099880202670080
21369,1362098010201722880
21370,1362097927292936197
21371,1362097434281848840
21372,1362097192924811266
21373,1362097111999926274
21374,1362096862065491978
21375,1362096130209767424
21376,1362095018622730249
21377,1362093490046402566
21378,1362093431959527424
21379,1362093177902149636
21380,1362092505320292353
21381,1362092107121459202
21382,1362091541985193986
21383,1362091163432456203
21384,1362089410909655043
21385,1362088434341273602
21386,1362088433112338433
21387,1362088172205838339
21388,1362086939629940736
21389,1362084256755908611
21390,1362084186757226498
21391,1362084030754209794
21392,1362083656181907457
21393,1362082154654613510
21394,1362081524825415688
21395,1362081359737597955
21396,1362081131227717635
21397,1362080815874789384
21398,1362080343050878976
21399,1362079329837076486
21400,1362078136423317508
21401,1362077885188759552
21402,1362077752325734400
21403,1362077731878559747
21404,1362077104418869248
21405,1362076725459345411
21406,1362076724456943616
21407,1362076385406300164
21408,1362076061366894603
21409,1362075920685793280
21410,1362075194366435354
21411,1362075058362056708
21412,1362074781357637637
21413,1362074705793007619
21414,1362073986570608644
21415,1362073788536524810
21416,1362072342575382529
21417,1362072011799990275
21418,1362071865351671810
21419,1362069358047068168
21420,1362069287419060226
21421,1362068535808323585
21422,1362068434515857412
21423,1362068109847388165
21424,1362067351856959488
21425,1362066731754266624
21426,1362064990572859393
21427,1362064374207295490
21428,1362064016168910850
21429,1362063567269359622
21430,1362062918603460610
21431,1362062320827064327
21432,1362061469815369728
21433,1362060776261881858
21434,1362059845382381571
21435,1362057968867508228
21436,1362056436629573636
21437,1362055608212590595
21438,1362055189721661444
21439,1362053826727960577
21440,1362053709899829255
21441,1362052948658946057
21442,1362052761693675521
21443,1362051901160882179
21444,1362051002971660289
21445,1362050788135235592
21446,1362049805334294529
21447,1362049727865454596
21448,1362049436948574208
21449,1362049191871090693
21450,1362048168939163652
21451,1362047504951480324
21452,1362047128256806922
21453,1362046193270992899
21454,1362045733432664067
21455,1362045496337043459
21456,1362045375650144258
21457,1362044628900397056
21458,1362044378487873536
21459,1362044187928068098
21460,1362043927809970176
21461,1362043731340382210
21462,1362043342092124166
21463,1362043206045741059
21464,1362042849081118725
21465,1362042506934820864
21466,1362041632082829314
21467,1362039761905532930
21468,1362039435722899461
21469,1362039051268870144
21470,1362037836111876097
21471,1362037136040550405
21472,1362036944037904385
21473,1362035961312370691
21474,1362035320095653888
21475,1362033090437255169
21476,1362031196356694020
21477,1362030999509557249
21478,1362028761810673665
21479,1362028317205913604
21480,1362027880478367744
21481,1362027602572152835
21482,1362027560876584967
21483,1362024658959228931
21484,1362023531060600833
21485,1362023278395686913
21486,1362022877013282816
21487,1362022876161970176
21488,1362020923981910018
21489,1362019198722052097
21490,1362018264042385413
21491,1362018206811103232
21492,1362017277630173185
21493,1362016474559348737
21494,1362015397730529282
21495,1362015004661321728
21496,1362014659876974598
21497,1362014467744276481
21498,1362014331244863490
21499,1362013757963186178
21500,1362012983208128512
21501,1362012935799803904
21502,1362012725640105984
21503,1362012659923775489
21504,1362011780223016961
21505,1362011519282778115
21506,1362011508704690176
21507,1362011141313077249
21508,1362011094479437824
21509,1362010373612851202
21510,1362009454477205511
21511,1362009057872199686
21512,1362008825428119555
21513,1362008565125365760
21514,1362007963066597381
21515,1362007157517000704
21516,1362006301606375424
21517,1362005985561296898
21518,1362004749281853440
21519,1362004597410320385
21520,1362004587587190786
21521,1362004537041686528
21522,1362004527214432257
21523,1362004339812892672
21524,1362004145922801667
21525,1362003618958766085
21526,1362000805105123328
21527,1362000225532076032
21528,1361997129418485761
21529,1361997004709191680
21530,1361996725288894465
21531,1361996324359401475
21532,1361995698212806658
21533,1361994244949499905
21534,1361993957824212998
21535,1361993935892209666
21536,1361993602730196992
21537,1361993191545843712
21538,1361992904286289929
21539,1361992484365172739
21540,1361991016350441473
21541,1361990353121906688
21542,1361989848937226240
21543,1361989451858272263
21544,1361989351786348551
21545,1361989242851909638
21546,1361988978870800385
21547,1361985411715891204
21548,1361985368346755072
21549,1361982656754425865
21550,1361981811421806592
21551,1361981163569610753
21552,1361980237836410880
21553,1361979888308264960
21554,1361978962478592000
21555,1361976032912429056
21556,1361975467931230210
21557,1361974851595087873
21558,1361974178006638592
21559,1361973100515065858
21560,1361972403425976320
21561,1361971098661892097
21562,1361970738832564225
21563,1361969141054324738
21564,1361968404664582145
21565,1361967981127942144
21566,1361964942161764354
21567,1361964685109641217
21568,1361962006740369410
21569,1361961204265189380
21570,1361960997536206848
21571,1361960676705456130
21572,1361956822563893248
21573,1361956056012886019
21574,1361952198087888897
21575,1361951969632546816
21576,1361950100738736132
21577,1361949706616770560
21578,1361949256748331010
21579,1361946385323610116
21580,1361944722709696518
21581,1361937462952677377
21582,1361937186942238721
21583,1361937147977203712
21584,1361935757166989312
21585,1361934440671363074
21586,1361933930014924800
21587,1361933591433924610
21588,1361930254118486019
21589,1361926361615503360
21590,1361926360457908226
21591,1361919904274911233
21592,1361916783767261184
21593,1361908969606942720
21594,1361905049258049539
21595,1361904972363927552
21596,1361904727689228290
21597,1361903199473463297
21598,1361898559667400708
21599,1361888100218138624
21600,1361885936343261185
21601,1361880853106872324
21602,1361877120960647172
21603,1361868699234414594
21604,1361864449896939528
21605,1361861876372672515
21606,1361861675561848837
21607,1361860950412959744
21608,1361859604905422855
21609,1361858573857357826
21610,1361857900663160832
21611,1361857805968437253
21612,1361856468786569217
21613,1361856141102362629
21614,1361850550250328069
21615,1361850352245501952
21616,1361850337972396034
21617,1361850323275546626
21618,1361850249657081858
21619,1361848351461883904
21620,1361848285741404160
21621,1361846583864610817
21622,1361846189583433729
21623,1361842949869375489
21624,1361842568586276864
21625,1361838643325906944
21626,1361838248310562816
21627,1361837741449879556
21628,1361837420342312961
21629,1361837175617257474
21630,1361837117954011138
21631,1361836707784572928
21632,1361836645025161217
21633,1361836341441556480
21634,1361836178811613185
21635,1361835238679334917
21636,1361834671374491650
21637,1361834592504860673
21638,1361833848238178304
21639,1361833829468692484
21640,1361833141963534341
21641,1361832811146149896
21642,1361832552852566022
21643,1361832365191024644
21644,1361831487566467072
21645,1361831116781604871
21646,1361830686395691010
21647,1361830529885175808
21648,1361830388704944129
21649,1361829897744834560
21650,1361829876207153153
21651,1361828721661865986
21652,1361828720617529344
21653,1361828719384403968
21654,1361828717740265478
21655,1361828715022348289
21656,1361827959192092672
21657,1361827461735006210
21658,1361827118745804800
21659,1361827024315285505
21660,1361826564837675012
21661,1361826042462277634
21662,1361825864623742979
21663,1361825632913674241
21664,1361825295075074052
21665,1361824209337516040
21666,1361823533358346254
21667,1361823103400239105
21668,1361822429887295490
21669,1361822361255890947
21670,1361822336631119873
21671,1361821970170576900
21672,1361821331747205123
21673,1361820272853188613
21674,1361820153546231817
21675,1361820122730659840
21676,1361819861773651968
21677,1361819752465891328
21678,1361819646832365570
21679,1361819550354968577
21680,1361819297635569664
21681,1361819264332820481
21682,1361818940079538177
21683,1361818668993286148
21684,1361818622704893960
21685,1361817781365338115
21686,1361817469984374786
21687,1361816215958781959
21688,1361816206056038403
21689,1361816081254518786
21690,1361816071343403010
21691,1361815736600133632
21692,1361815560607191040
21693,1361815043273326594
21694,1361813302771396608
21695,1361813220336537605
21696,1361813129991225344
21697,1361813099016257540
21698,1361812301435842570
21699,1361812275024248842
21700,1361812145667735556
21701,1361811929547816964
21702,1361811242382487552
21703,1361810948294606848
21704,1361810938396033025
21705,1361810610388926464
21706,1361810078786027523
21707,1361809936985055232
21708,1361809840146948099
21709,1361809739034877957
21710,1361809219847155713
21711,1361809190633799683
21712,1361809171704856576
21713,1361809078775738369
21714,1361808762596655106
21715,1361808482001911810
21716,1361808118938820609
21717,1361808095530397696
21718,1361807829397622786
21719,1361807795411116035
21720,1361807100238827524
21721,1361806141894914049
21722,1361806137918644226
21723,1361806049796378624
21724,1361805466561560580
21725,1361804918848425985
21726,1361804908735913984
21727,1361804645077778443
21728,1361804146295377924
21729,1361804131220996097
21730,1361804080906141699
21731,1361803991512940546
21732,1361803245690245127
21733,1361803044116180995
21734,1361802707724566528
21735,1361802534722101250
21736,1361801854607384583
21737,1361801701280407553
21738,1361801539367686147
21739,1361801496145321985
21740,1361801451887075330
21741,1361801367497695237
21742,1361800751065010178
21743,1361800631338622976
21744,1361800384231145483
21745,1361800319156555780
21746,1361800262487261186
21747,1361800127149662210
21748,1361800098510954496
21749,1361799928289366016
21750,1361799554216116226
21751,1361799455536803853
21752,1361799274984538113
21753,1361799264339456003
21754,1361799120009134084
21755,1361798685202513924
21756,1361798676214124545
21757,1361798637379080195
21758,1361798534715031564
21759,1361798315734622212
21760,1361798279948763141
21761,1361797886015602702
21762,1361797792847572992
21763,1361797771683131397
21764,1361797651394678787
21765,1361797480954880005
21766,1361797433018187778
21767,1361797429507588098
21768,1361797310854946816
21769,1361797136795467777
21770,1361796960261464074
21771,1361796955157000192
21772,1361796949507203076
21773,1361796653209051136
21774,1361796558367383558
21775,1361796526654316556
21776,1361796205794254849
21777,1361796126094094341
21778,1361796117013409802
21779,1361796004186492928
21780,1361795595132956673
21781,1361795589894270977
21782,1361795255159447552
21783,1361795190944653313
21784,1361795175727693833
21785,1361794790971617287
21786,1361794701901393922
21787,1361794621928538114
21788,1361794388242882562
21789,1361793794715181056
21790,1361793668118642691
21791,1361793559599398922
21792,1361793327054675970
21793,1361793296218148865
21794,1361792786576666624
21795,1361792736773345281
21796,1361792657824088064
21797,1361792461920743426
21798,1361792389694783492
21799,1361792316458024965
21800,1361792235940020225
21801,1361792001709137921
21802,1361791918758371328
21803,1361791817918926850
21804,1361791698670649345
21805,1361791537059942400
21806,1361791518172930052
21807,1361791400828952579
21808,1361791353303293955
21809,1361791138634608646
21810,1361790852591452163
21811,1361790658432937991
21812,1361790567642972165
21813,1361790545358651398
21814,1361790425594552327
21815,1361790413930119176
21816,1361790393227104256
21817,1361790222414012417
21818,1361790194928783366
21819,1361790178550030338
21820,1361790152625029124
21821,1361790116029739011
21822,1361789933363560455
21823,1361789887003910150
21824,1361789804573319169
21825,1361789551098920967
21826,1361789455158370310
21827,1361789335410905090
21828,1361789317606039554
21829,1361789217987256328
21830,1361789112446025731
21831,1361789039091863556
21832,1361788941570048005
21833,1361788714956050436
21834,1361788647889059843
21835,1361788588589998085
21836,1361788322989883392
21837,1361788300516810753
21838,1361787955363340288
21839,1361787820965306369
21840,1361787740128505857
21841,1361787718519431176
21842,1361787530975334402
21843,1361787504345702405
21844,1361787491829882881
21845,1361787402176651266
21846,1361787067219415041
21847,1361786989259988995
21848,1361786957563637760
21849,1361786886008811522
21850,1361786780161355782
21851,1361786748716650497
21852,1361786745080188940
21853,1361786729808748551
21854,1361786692865302535
21855,1361786691258896388
21856,1361786672845905921
21857,1361786603920904203
21858,1361786560811786240
21859,1361786391940771853
21860,1361786304934137856
21861,1361786279982202882
21862,1361786245848956936
21863,1361786221161250819
21864,1361786077611134976
21865,1361786028923768836
21866,1361786022011555840
21867,1361786017888493568
21868,1361786009978105858
21869,1361785969293336577
21870,1361785944341442565
21871,1361785932987432960
21872,1361785906928222209
21873,1361785906433306637
21874,1361785794629951488
21875,1361785756742787072
21876,1361785754146463747
21877,1361785605756252169
21878,1361785584805687298
21879,1361785579755683847
21880,1361785449384206336
21881,1361785446511083522
21882,1361785408519045120
21883,1361785377946763265
21884,1361785360636903425
21885,1361785360343306240
21886,1361785263563939849
21887,1361785242936348672
21888,1361785234736439298
21889,1361785196031467522
21890,1361785076653121539
21891,1361785001906483202
21892,1361784989881360387
21893,1361784915302449157
21894,1361784908402864131
21895,1361784903013183489
21896,1361784840346087425
21897,1361784804639825920
21898,1361784774671613955
21899,1361784696888246273
21900,1361784670262853639
21901,1361784666068557824
21902,1361784558291673093
21903,1361784472614633474
21904,1361784398023114753
21905,1361784365479571464
21906,1361784329580511240
21907,1361784315865088000
21908,1361784203990466567
21909,1361784196130344962
21910,1361784170926796805
21911,1361784109350219778
21912,1361784079063134211
21913,1361784028802777094
21914,1361784027125055493
21915,1361783994673745925
21916,1361783917964058631
21917,1361783913488744453
21918,1361783845884936192
21919,1361783760648351746
21920,1361783750946914307
21921,1361783711742783489
21922,1361783645002993670
21923,1361783629807026189
21924,1361783620269178880
21925,1361783485627838464
21926,1361783423300435975
21927,1361783403419496449
21928,1361783355512156160
21929,1361783298385608705
21930,1361783273572233226
21931,1361783272926232579
21932,1361783224373030913
21933,1361783206069075969
21934,1361783120454967296
21935,1361783089299681285
21936,1361783063487909892
21937,1361783057397776384
21938,1361783048208007170
21939,1361783022887043077
21940,1361782991798865923
21941,1361782929072996356
21942,1361782889831165953
21943,1361782847376412680
21944,1361782840212529152
21945,1361782835430965248
21946,1361782793106251787
21947,1361782755911225351
21948,1361782750521548804
21949,1361782729973637123
21950,1361782726597238784
21951,1361782711371919367
21952,1361782662902480897
21953,1361782647979147271
21954,1361782636411289600
21955,1361782610054250500
21956,1361782600763867137
21957,1361782573362479105
21958,1361782570267140102
21959,1361782512956149850
21960,1361782473617719296
21961,1361782441007005697
21962,1361782411353284622
21963,1361782408970981381
21964,1361782338678579209
21965,1361782302330793984
21966,1361782286874771456
21967,1361782285121564672
21968,1361782237059051526
21969,1361782210714599430
21970,1361782196718166016
21971,1361782183707426822
21972,1361782168385703945
21973,1361782124819472391
21974,1361782108050644994
21975,1361782087322378242
21976,1361782057005944833
21977,1361782035409428483
21978,1361782027008245764
21979,1361782015100674052
21980,1361782010470096896
21981,1361782005705408519
21982,1361782005340454922
21983,1361781952429359114
21984,1361781949833043975
21985,1361781937111769091
21986,1361781936889483269
21987,1361781696560058369
21988,1361781590523858946
21989,1361781548761120769
21990,1361781537868554249
21991,1361781493945761794
21992,1361781474488438785
21993,1361781468083736578
21994,1361781460798230530
21995,1361781430414671875
21996,1361781381613912066
21997,1361781337120718855
21998,1361781294103998465
21999,1361781265339469826
22000,1361781148700008456
22001,1361781097202388999
22002,1361781070207852545
22003,1361780992680341510
22004,1361780981427011588
22005,1361780922392211458
22006,1361780910434246660
22007,1361780851793661963
22008,1361780844478816267
22009,1361780801474596866
22010,1361780787796971534
22011,1361780745988149248
22012,1361780700807106561
22013,1361780683006504964
22014,1361780633438142467
22015,1361780569466695690
22016,1361780524432392200
22017,1361780504647860232
22018,1361780334057119747
22019,1361780087872487424
22020,1361780012349878274
22021,1361779999188127746
22022,1361779979206463494
22023,1361779934440603649
22024,1361779713207914498
22025,1361779665883574273
22026,1361779386178019336
22027,1361779279210704899
22028,1361779250324463626
22029,1361779194896728069
22030,1361779070699192321
22031,1361778880231727109
22032,1361778802557411328
22033,1361778682680008706
22034,1361778679572008960
22035,1361778531219484672
22036,1361778454790815751
22037,1361778435257942017
22038,1361778332325535760
22039,1361778329091772417
22040,1361778266118516743
22041,1361778187198464008
22042,1361777994038190081
22043,1361777921472540674
22044,1361777889818124288
22045,1361777847908638723
22046,1361777830527434754
22047,1361777740979003394
22048,1361777612335558660
22049,1361777581650022403
22050,1361777549198696449
22051,1361777511475142667
22052,1361777484119887872
22053,1361777479145431042
22054,1361777441832894471
22055,1361777435252031489
22056,1361777433855336451
22057,1361777366561939463
22058,1361777355396702208
22059,1361777237800988673
22060,1361777216078696452
22061,1361777198923923457
22062,1361777190430511110
22063,1361777149896761347
22064,1361777139775918087
22065,1361777108666753036
22066,1361777103029604356
22067,1361777076483858433
22068,1361777005717504000
22069,1361776985597476870
22070,1361776940718444549
22071,1361776926000640002
22072,1361776852608688130
22073,1361776784468037634
22074,1361776696328933379
22075,1361776623972999175
22076,1361776547397591041
22077,1361776503936196609
22078,1361776445853478916
22079,1361776336029761541
22080,1361776334112964611
22081,1361776218874511368
22082,1361776182950297601
22083,1361776152034095110
22084,1361776149173518337
22085,1361776127027650561
22086,1361776117246550024
22087,1361776061537792018
22088,1361776053325336577
22089,1361775935415070730
22090,1361775887562203139
22091,1361775791068086275
22092,1361775754724470792
22093,1361775734549839872
22094,1361775688492216321
22095,1361775683886854152
22096,1361775667071901702
22097,1361775623119716358
22098,1361775622134054913
22099,1361775595831590916
22100,1361775575707381767
22101,1361775563317403652
22102,1361775561228619789
22103,1361775539552411651
22104,1361775538944110592
22105,1361775529872007168
22106,1361775528441708544
22107,1361775491796115456
22108,1361775437983195137
22109,1361775400578404355
22110,1361775395046096899
22111,1361775319921885184
22112,1361775258181791745
22113,1361775253484167176
22114,1361775250761990146
22115,1361775245951197187
22116,1361775197976682503
22117,1361775178921951242
22118,1361775160416755720
22119,1361775140296654854
22120,1361775140208582657
22121,1361775063566008320
22122,1361775034860199940
22123,1361774914991230978
22124,1361774914118819842
22125,1361774910939553794
22126,1361774845533581315
22127,1361774743314182147
22128,1361774726201417732
22129,1361774642973847554
22130,1361774615006175234
22131,1361774457820446720
22132,1361774419249680388
22133,1361774148381528064
22134,1361774121705746436
22135,1361774085005524993
22136,1361774038364872705
22137,1361773975064498179
22138,1361773931024252933
22139,1361773924632174604
22140,1361773844302856205
22141,1361773780012584961
22142,1361773764451696646
22143,1361773753609445379
22144,1361773626723340288
22145,1361773626417172483
22146,1361773603461754885
22147,1361773575087210496
22148,1361773566514130953
22149,1361773527091859461
22150,1361773473845174275
22151,1361773433328193541
22152,1361773400008572929
22153,1361773394283356161
22154,1361773376470192131
22155,1361773322099376133
22156,1361773287559282689
22157,1361773238876004359
22158,1361773229468053507
22159,1361773198266822669
22160,1361773192457711616
22161,1361773101709742080
22162,1361773045610872832
22163,1361772994822098947
22164,1361772948357586945
22165,1361772932410859522
22166,1361772922470354945
22167,1361772889905766402
22168,1361772755386060801
22169,1361772722322354183
22170,1361772575584575493
22171,1361772494097702913
22172,1361772434496630789
22173,1361772415471284226
22174,1361772403077095429
22175,1361772356314820612
22176,1361772354377023488
22177,1361772253306904590
22178,1361772245459296257
22179,1361772234000457731
22180,1361772205705691136
22181,1361772194620178434
22182,1361772120469045250
22183,1361772072914067457
22184,1361772039179280388
22185,1361772017444397058
22186,1361771979670499331
22187,1361771958015299585
22188,1361771952151678980
22189,1361771811113996291
22190,1361771806563180553
22191,1361771796329021440
22192,1361771772224409601
22193,1361771722752610305
22194,1361771496004280321
22195,1361770801939296256
22196,1361770615036923906
22197,1361770590898651136
22198,1361770566181609473
22199,1361770163322896392
22200,1361769903397699584
22201,1361769864352956418
22202,1361769706118643721
22203,1361769617505591299
22204,1361769047218663431
22205,1361769004524834819
22206,1361768852154114048
22207,1361768808390791171
22208,1361768681429155846
22209,1361768654996709387
22210,1361768482891792388
22211,1361767980472954882
22212,1361767099492954127
22213,1361766683807911937
22214,1361766598529478659
22215,1361766517256450057
22216,1361766351245828096
22217,1361766256161009670
22218,1361766250939039744
22219,1361766147587256325
22220,1361766061742436355
22221,1361765977545977863
22222,1361765922290163712
22223,1361765920578932738
22224,1361765674218102790
22225,1361765543523590149
22226,1361765496824213511
22227,1361765481057812481
22228,1361765426590531586
22229,1361765381413699590
22230,1361765361713053701
22231,1361765335054090249
22232,1361765308860620800
22233,1361764898628374533
22234,1361764878625693697
22235,1361764729040027648
22236,1361764706256637954
22237,1361764704180436992
22238,1361764685826121729
22239,1361764623700135936
22240,1361764540422184961
22241,1361764441562447874
22242,1361764432427245569
22243,1361764267402362885
22244,1361764262859923459
22245,1361764041274908675
22246,1361764040792498178
22247,1361763848794103808
22248,1361763775343448065
22249,1361763406567649282
22250,1361763183292272645
22251,1361763152476704768
22252,1361762958418796544
22253,1361762825799143428
22254,1361762621708525569
22255,1361762585238994947
22256,1361762531619074048
22257,1361762438782320646
22258,1361762402564513795
22259,1361762273468051461
22260,1361762271756775425
22261,1361762115758010369
22262,1361761877567627271
22263,1361761611921444866
22264,1361761585451130882
22265,1361761577905647629
22266,1361761405272264705
22267,1361761247298007043
22268,1361761142973030405
22269,1361761090150019078
22270,1361761056696197123
22271,1361761031241015304
22272,1361760396563144704
22273,1361760392863756288
22274,1361760330012102657
22275,1361760306821799936
22276,1361760273145675784
22277,1361760258377547776
22278,1361760100210380800
22279,1361759919255519238
22280,1361759760354263045
22281,1361759643576512515
22282,1361759296858574853
22283,1361759278248439813
22284,1361759029832404993
22285,1361758608439050250
22286,1361758599098347523
22287,1361758564520521733
22288,1361758377735581697
22289,1361758245057146883
22290,1361758043474690048
22291,1361757932774424576
22292,1361757913048571906
22293,1361757502904274945
22294,1361757160313610246
22295,1361757052293554177
22296,1361756843178139652
22297,1361756729365721090
22298,1361756614492094464
22299,1361756594304921600
22300,1361756566505086978
22301,1361756394026921990
22302,1361756187553910785
22303,1361756116867186688
22304,1361756095195340801
22305,1361756028572868610
22306,1361755989033287680
22307,1361755764889690120
22308,1361755679200051203
22309,1361755539454259201
22310,1361755395350536192
22311,1361755387440082946
22312,1361755270347714560
22313,1361754896261857282
22314,1361754835884859395
22315,1361754784328527875
22316,1361754680477577220
22317,1361754669773692933
22318,1361754566790889477
22319,1361754463300681732
22320,1361753979357716480
22321,1361753739388997644
22322,1361753667771244548
22323,1361753657151287296
22324,1361753334777053186
22325,1361753329265762305
22326,1361753318964547587
22327,1361753217810501638
22328,1361753107684802570
22329,1361753008581861382
22330,1361752981360807939
22331,1361752946606768131
22332,1361752915380236302
22333,1361752853262524416
22334,1361752852272734208
22335,1361752800561037314
22336,1361752717245501445
22337,1361752596369801223
22338,1361752541021810688
22339,1361752525339303946
22340,1361752423652540419
22341,1361752384083533824
22342,1361752311564021766
22343,1361752140176379906
22344,1361752113278291970
22345,1361752000132694016
22346,1361751862035283969
22347,1361751856884686850
22348,1361751797036122120
22349,1361751791067684864
22350,1361751724957044749
22351,1361751680799412226
22352,1361751651682570241
22353,1361751405460140035
22354,1361751322501017606
22355,1361751314489876484
22356,1361751263579418624
22357,1361751206578724865
22358,1361751189528928258
22359,1361751102329413636
22360,1361751049187524611
22361,1361751032007708672
22362,1361751016539045896
22363,1361750993013272581
22364,1361750991465504772
22365,1361750971248951301
22366,1361750912881070086
22367,1361750905733996551
22368,1361750678872461314
22369,1361750587021422598
22370,1361750542536613890
22371,1361750429328171008
22372,1361750385287983105
22373,1361750371224465410
22374,1361750311480807425
22375,1361750298977570819
22376,1361750256015269893
22377,1361750194396790785
22378,1361750186477953025
22379,1361750115246088192
22380,1361750078147481605
22381,1361750068051783682
22382,1361749987768627200
22383,1361749768490397697
22384,1361749730062073856
22385,1361749610239320066
22386,1361749588772868102
22387,1361749492362604548
22388,1361749455993716740
22389,1361749349282291717
22390,1361749265387765764
22391,1361749224891822083
22392,1361749143513927680
22393,1361748840962007048
22394,1361748790986833922
22395,1361748735261364231
22396,1361748701719515149
22397,1361748590411005954
22398,1361748552691703818
22399,1361748432193527809
22400,1361748416490049537
22401,1361748333522522118
22402,1361748292833525762
22403,1361748129142501384
22404,1361748059865153541
22405,1361748007490879497
22406,1361747889723211788
22407,1361747885013020686
22408,1361747852993691655
22409,1361747776024039424
22410,1361747674190516226
22411,1361747581261479943
22412,1361747497962647556
22413,1361747447777746948
22414,1361747284543864833
22415,1361747180604829697
22416,1361747045548236804
22417,1361747041806909442
22418,1361747021271564291
22419,1361746903520673792
22420,1361746822251896836
22421,1361746659202506755
22422,1361746649828233219
22423,1361746458987425800
22424,1361746395955363848
22425,1361746350883307521
22426,1361746313528958981
22427,1361746283954921475
22428,1361746100819009543
22429,1361746076051660802
22430,1361746035119431681
22431,1361745913132236802
22432,1361745885135265795
22433,1361745806223544323
22434,1361745799814676486
22435,1361745755267076101
22436,1361745580016472064
22437,1361745186921930753
22438,1361745155880009729
22439,1361744981405405189
22440,1361744868377321473
22441,1361744788861693956
22442,1361744766585753606
22443,1361744732624482305
22444,1361744599987986435
22445,1361744553091424256
22446,1361744405032538114
22447,1361744300569227265
22448,1361744269908795392
22449,1361744228439760904
22450,1361744173380984832
22451,1361744070431932418
22452,1361744016686125057
22453,1361743943399067660
22454,1361743920951099392
22455,1361743804055830532
22456,1361743794006327297
22457,1361743601127075844
22458,1361743552045330432
22459,1361743473829941248
22460,1361743371979677702
22461,1361743218900099074
22462,1361743189460328450
22463,1361743048263221250
22464,1361743023344922628
22465,1361742969846562816
22466,1361742959746707460
22467,1361742946618519563
22468,1361742904855654402
22469,1361742887545958405
22470,1361742763658801154
22471,1361742717345218561
22472,1361742677495136257
22473,1361742658100674563
22474,1361742650563584001
22475,1361742619672522753
22476,1361742477644947463
22477,1361742292558700549
22478,1361742279577374733
22479,1361742268428861442
22480,1361742044205621250
22481,1361741805490946051
22482,1361741756019130368
22483,1361741730211631106
22484,1361741638553468928
22485,1361741349431697409
22486,1361741334139273221
22487,1361741207165145093
22488,1361740978676236290
22489,1361740885109702662
22490,1361740774866644995
22491,1361740523942346753
22492,1361740309969981443
22493,1361740284300820483
22494,1361740136451612677
22495,1361739945434570752
22496,1361739612377542665
22497,1361739599794610176
22498,1361739531305820165
22499,1361739334798495752
22500,1361739246827155457
22501,1361739140002435072
22502,1361739080451690499
22503,1361739064890847235
22504,1361739054916784131
22505,1361738747394592770
22506,1361738526568697856
22507,1361738484835303425
22508,1361738462802702337
22509,1361738397497380869
22510,1361738334842847238
22511,1361738328601690114
22512,1361738153812504578
22513,1361738110133035011
22514,1361738070303920128
22515,1361737820700897280
22516,1361737762483937289
22517,1361737680627859456
22518,1361737449555255298
22519,1361737397491412993
22520,1361737293107724297
22521,1361737032771514370
22522,1361736640402755585
22523,1361735273051209737
22524,1361734844758261765
22525,1361734716806856704
22526,1361734347015995396
22527,1361734093981896705
22528,1361734092933324802
22529,1361733687793115138
22530,1361733350390722563
22531,1361732980625068038
22532,1361732832327061511
22533,1361732720347512834
22534,1361732616404221952
22535,1361732208369668097
22536,1361731627651629067
22537,1361731589777084416
22538,1361731526988300290
22539,1361731512283070467
22540,1361731321341575170
22541,1361730751838969856
22542,1361730667931971585
22543,1361730667474800642
22544,1361730600370118658
22545,1361730592770056195
22546,1361730167056523271
22547,1361730157128613891
22548,1361730096713842696
22549,1361730069140549646
22550,1361730065436979203
22551,1361729949405564930
22552,1361729619133669376
22553,1361729563546574848
22554,1361729536010911746
22555,1361729477299105797
22556,1361729476548296709
22557,1361729410861330436
22558,1361729392582545408
22559,1361729091586686978
22560,1361729079532265476
22561,1361729046577635329
22562,1361728789022191617
22563,1361728659468537857
22564,1361728615419940871
22565,1361728526660100099
22566,1361728504497373187
22567,1361728162678374401
22568,1361727831525519365
22569,1361727569318535171
22570,1361727172562591745
22571,1361727120033144847
22572,1361726819083386883
22573,1361726086846021639
22574,1361726049319583751
22575,1361725860970135552
22576,1361725804506468359
22577,1361725763242835976
22578,1361725430148046852
22579,1361725075603529729
22580,1361725014521901063
22581,1361725004728176642
22582,1361724986461999109
22583,1361724904568217603
22584,1361724777057124355
22585,1361724762146426882
22586,1361724706613825538
22587,1361724589097816066
22588,1361724128328351745
22589,1361723874753318912
22590,1361723689822269442
22591,1361723596507410443
22592,1361723345042038790
22593,1361723289614311426
22594,1361723187113955330
22595,1361723095283871747
22596,1361722660087078912
22597,1361722507527659521
22598,1361722232406495233
22599,1361722060653944836
22600,1361722019117748226
22601,1361722006396424192
22602,1361721453083779078
22603,1361721389120704512
22604,1361721323685359616
22605,1361721272351272963
22606,1361720683798138885
22607,1361720169458991104
22608,1361720009307918342
22609,1361719855032983555
22610,1361719358586839041
22611,1361719116600647683
22612,1361718830339395590
22613,1361718659002077193
22614,1361718617314885642
22615,1361718463472037888
22616,1361718297880911876
22617,1361717636376260608
22618,1361717141985234949
22619,1361717110402031622
22620,1361716635611115525
22621,1361716383315296261
22622,1361716233838735360
22623,1361715585617395715
22624,1361715211338739714
22625,1361715184209956879
22626,1361714828834914309
22627,1361714578355326982
22628,1361714423782666243
22629,1361714040922382337
22630,1361713991928659973
22631,1361713257279537154
22632,1361713245183172612
22633,1361711818960490502
22634,1361711729244315648
22635,1361711556652859396
22636,1361711417645277187
22637,1361711143958544385
22638,1361709829946019851
22639,1361709806080434179
22640,1361709237802590214
22641,1361709055736168454
22642,1361708465635414025
22643,1361708401097637892
22644,1361708267341291525
22645,1361708090815635458
22646,1361708087011344392
22647,1361707221248335873
22648,1361706745412878337
22649,1361706207103352835
22650,1361706091495759876
22651,1361705659276779520
22652,1361705446776709121
22653,1361705070434385928
22654,1361704997717737481
22655,1361703636536094726
22656,1361703378947104773
22657,1361703169567383558
22658,1361702390622265345
22659,1361702137311420418
22660,1361702119863107591
22661,1361701107874091015
22662,1361701000831070208
22663,1361700998608089094
22664,1361700947928489992
22665,1361700874452676614
22666,1361699843169738752
22667,1361699772420284417
22668,1361699584947412994
22669,1361699077218574342
22670,1361699002136281088
22671,1361697305615810566
22672,1361696702772707336
22673,1361696392998244359
22674,1361696346768617474
22675,1361695117359341568
22676,1361694525622747137
22677,1361694336430329860
22678,1361694113524051968
22679,1361693820891635715
22680,1361693780521418753
22681,1361692796609040387
22682,1361692251777302535
22683,1361691908402253826
22684,1361691473121583116
22685,1361691175036583937
22686,1361690073289412609
22687,1361689761686118402
22688,1361689553036341248
22689,1361689066845134848
22690,1361688235001405447
22691,1361687184818978816
22692,1361686278924763136
22693,1361686257533911040
22694,1361686200323616770
22695,1361684648699387906
22696,1361684446378885121
22697,1361684317123080194
22698,1361684294947766277
22699,1361682770481799168
22700,1361680753080360960
22701,1361680580832813063
22702,1361679291700936706
22703,1361678050979684357
22704,1361677685785845760
22705,1361677388015403008
22706,1361677356721721349
22707,1361676542053650434
22708,1361675382827720710
22709,1361675143949545474
22710,1361675134126485511
22711,1361674935719059459
22712,1361674888591929344
22713,1361674459636264963
22714,1361674425532362752
22715,1361673445726060549
22716,1361672847073169408
22717,1361672411972853760
22718,1361672020908474371
22719,1361671843065835523
22720,1361671400226979840
22721,1361671237165064192
22722,1361670439634931715
22723,1361669923752218628
22724,1361669922665885704
22725,1361669328119226376
22726,1361669000061673472
22727,1361668466080628742
22728,1361668389702230020
22729,1361668385503907840
22730,1361668303182311426
22731,1361668244134916096
22732,1361667615534559233
22733,1361666949806252034
22734,1361666915970736133
22735,1361666117782102022
22736,1361664893762478083
22737,1361663309422997505
22738,1361663188610273284
22739,1361663119043485701
22740,1361663053612343301
22741,1361662450668605444
22742,1361661807459528707
22743,1361661806578700288
22744,1361661643697045504
22745,1361661586973339655
22746,1361661328579047435
22747,1361660455597596673
22748,1361660365940142081
22749,1361659287253188608
22750,1361659217980121090
22751,1361658596463939588
22752,1361658549907120131
22753,1361658200194510851
22754,1361657964604571652
22755,1361657957012889600
22756,1361657754054762498
22757,1361657684110544899
22758,1361657362990399488
22759,1361656966511214593
22760,1361656896197959680
22761,1361656838714974210
22762,1361656705571053569
22763,1361656399038730241
22764,1361656022612467716
22765,1361655940957822976
22766,1361655730483458053
22767,1361654672776441856
22768,1361654574398935044
22769,1361654572343726082
22770,1361654569118306310
22771,1361654568078045185
22772,1361651660980903939
22773,1361650626313269255
22774,1361650477662879747
22775,1361650320120680448
22776,1361649606157885442
22777,1361648847991300100
22778,1361647947155451904
22779,1361647522620596226
22780,1361645693358780420
22781,1361645182991687681
22782,1361644200840855556
22783,1361644134243708929
22784,1361643118404243460
22785,1361642777596067841
22786,1361642651905359874
22787,1361640633560096768
22788,1361639494215204864
22789,1361639030539051010
22790,1361638567806705669
22791,1361638200964509698
22792,1361637723816230918
22793,1361637604651900933
22794,1361636913405394945
22795,1361635921083457536
22796,1361635758063427586
22797,1361635740267008000
22798,1361635651335172097
22799,1361634474866401282
22800,1361634435456634880
22801,1361634430306115587
22802,1361634087354703874
22803,1361632182767398915
22804,1361629730307534850
22805,1361628894600830977
22806,1361628798719037440
22807,1361627932570120197
22808,1361627582211448834
22809,1361626688132628482
22810,1361626645627568132
22811,1361625393707560961
22812,1361624799093673984
22813,1361623757954166784
22814,1361623736634368003
22815,1361623603670876161
22816,1361623572817580037
22817,1361623458472427521
22818,1361622812394405895
22819,1361621094877327363
22820,1361620745340788736
22821,1361620685341274114
22822,1361619943117176838
22823,1361618658208940035
22824,1361618532446982152
22825,1361618358710513665
22826,1361617567333441537
22827,1361616932970106880
22828,1361615032535175168
22829,1361614925358133248
22830,1361613469280317442
22831,1361613190988242944
22832,1361613184843530240
22833,1361613016186449921
22834,1361611829865291776
22835,1361610959224250368
22836,1361610505467666437
22837,1361609464198148102
22838,1361609041693310978
22839,1361608185287565312
22840,1361605875484385287
22841,1361605200889446411
22842,1361604883233837063
22843,1361604741751468037
22844,1361604305690763264
22845,1361604301479673856
22846,1361603971568263168
22847,1361603746606829569
22848,1361602496620351490
22849,1361601998500597760
22850,1361601964526743560
22851,1361601924630532096
22852,1361601701065678855
22853,1361601213934936066
22854,1361600987660754945
22855,1361600973332955137
22856,1361600963493117952
22857,1361600836346986497
22858,1361600602296492032
22859,1361600152335712258
22860,1361598554872111107
22861,1361598545103622144
22862,1361598341252059137
22863,1361598278454939648
22864,1361598121743175680
22865,1361597844306735105
22866,1361597023116537856
22867,1361596434773127170
22868,1361595899038826497
22869,1361594923913371649
22870,1361594070460751872
22871,1361593094580371460
22872,1361591887262588932
22873,1361587959833706498
22874,1361587399164391424
22875,1361586991494811655
22876,1361585496313499648
22877,1361585461769232385
22878,1361585240641318912
22879,1361582284936269824
22880,1361580702609866755
22881,1361579711399419906
22882,1361579386579910656
22883,1361579330783096832
22884,1361579143817756675
22885,1361578694901329920
22886,1361578560553648128
22887,1361577629162360838
22888,1361575529913192451
22889,1361574606306488320
22890,1361574591081172992
22891,1361574037533515779
22892,1361574029954580484
22893,1361573623492976641
22894,1361572409594232832
22895,1361569362470182913
22896,1361568491913027589
22897,1361564958300004359
22898,1361564385068666884
22899,1361563947766276098
22900,1361563768438870017
22901,1361562451288932353
22902,1361561008108670980
22903,1361560621167366144
22904,1361558479559925763
22905,1361557487967760387
22906,1361556552046551040
22907,1361555140285784064
22908,1361549917928448001
22909,1361549126899404804
22910,1361547497806712832
22911,1361546159735595008
22912,1361544518915522561
22913,1361539225057976321
22914,1361532974735503362
22915,1361531779509846016
22916,1361528991597793280
22917,1361527730630774790
22918,1361524673880743936
22919,1361524381416120323
22920,1364334032000008197
22921,1364333501017952260
22922,1364320789076525069
22923,1364316025353891840
22924,1364312661056446468
22925,1364303606258802691
22926,1364296489015607298
22927,1364274279521669124
22928,1364273936985391106
22929,1364273183063425028
22930,1364255728119255040
22931,1364253462003908615
22932,1364241628593061894
22933,1364222557507842049
22934,1364211723268423682
22935,1364193527694036997
22936,1364192245277163520
22937,1364176273896071173
22938,1364148153906311168
22939,1364088619292626944
22940,1364035311186116608
22941,1364015603942588419
22942,1364014121767829507
22943,1363991949712236545
22944,1363990786874966017
22945,1363980927215407104
22946,1363975953521774608
22947,1363957718185345031
22948,1363946442298163206
22949,1363915998722686978
22950,1363908282734284805
22951,1363906604760981506
22952,1363864575947534338
22953,1363860270142078976
22954,1363838448235347969
22955,1363801125888135170
22956,1363752116892893184
22957,1363697348581478403
22958,1363669014879346690
22959,1363632463721992193
22960,1363593476403773442
22961,1363581015562813448
22962,1363542361410830344
22963,1363521114467631114
22964,1363518587500175362
22965,1363496486118559744
22966,1363487035923791873
22967,1363456617136726020
22968,1363440497772138501
22969,1363408413414350851
22970,1363389629601353728
22971,1363330542201102338
22972,1363270102167085057
22973,1363249411602677767
22974,1363201358392877057
22975,1363136159573020673
22976,1363116951044820992
22977,1363114963112513537
22978,1363038555581394944
22979,1363032545047232513
22980,1362958987755421696
22981,1362944941882822658
22982,1362908071870271491
22983,1362905316627787778
22984,1362720652613070849
22985,1362578002736013313
22986,1362493373555363843
22987,1362434587708817411
22988,1362424314889404416
22989,1362422431412011008
22990,1362413211446837257
22991,1362391478518112259
22992,1362385786751049731
22993,1362353687243456512
22994,1362198536591454208
22995,1362196427124977665
22996,1362190421829578755
22997,1362104237916880896
22998,1362092252798025728
22999,1362090990375436296
23000,1362083878618464257
23001,1362081816748961797
23002,1362061953968050178
23003,1362021682052034563
23004,1361991724655083521
23005,1361974249477521410
23006,1361964086985183233
23007,1361897676149768194
23008,1361825058709200905
23009,1361823805413486593
23010,1361773351157514240
23011,1361683826993467395
23012,1361620582924697606
23013,1364200139376775169
23014,1363510466186739722
23015,1364333972122132492
23016,1364333864949338114
23017,1364333740042973187
23018,1364332921881063434
23019,1364332653995040776
23020,1364331785606332416
23021,1364330103044509696
23022,1364328928438067208
23023,1364325037805830155
23024,1364322512918745088
23025,1364322464789110786
23026,1364322076648169477
23027,1364321058971672577
23028,1364319638746771460
23029,1364319389819031552
23030,1364315223583305730
23031,1364309765116071946
23032,1364308586780905476
23033,1364307521012391940
23034,1364307096964104192
23035,1364302180782637063
23036,1364301219477487616
23037,1364300653368135681
23038,1364300337289588736
23039,1364299809197350912
23040,1364298212769738752
23041,1364298078136770561
23042,1364297519858073603
23043,1364296651838533637
23044,1364294887215149057
23045,1364294594201088001
23046,1364292062682763269
23047,1364289597254033411
23048,1364288211451858945
23049,1364286300807979010
23050,1364283934536835078
23051,1364283857986588672
23052,1364283630395281417
23053,1364282048903409665
23054,1364282012610232324
23055,1364281482190200834
23056,1364280596063789059
23057,1364280329297616908
23058,1364280264076251138
23059,1364278978077487105
23060,1364278917905932291
23061,1364278506499235844
23062,1364278488803532806
23063,1364278393634709505
23064,1364277817589059586
23065,1364276846356029440
23066,1364276691254861828
23067,1364276603497373698
23068,1364275291577864197
23069,1364275264063176709
23070,1364275154566721546
23071,1364275071200673797
23072,1364273959890538500
23073,1364273912389984268
23074,1364273414828130310
23075,1364272761959559172
23076,1364272683035353093
23077,1364272511114960896
23078,1364272338536169474
23079,1364272325470932993
23080,1364271914961747972
23081,1364270989706674176
23082,1364269139385319425
23083,1364266555480170496
23084,1364266227724673024
23085,1364266086502436866
23086,1364265414377824257
23087,1364264407841259526
23088,1364258783699083264
23089,1364257869693145089
23090,1364256989774282754
23091,1364256786719645702
23092,1364256532280578052
23093,1364255959556759554
23094,1364253090841526274
23095,1364251211441049604
23096,1364250254456066052
23097,1364249923764502529
23098,1364248454059483136
23099,1364248294449434637
23100,1364245479714918401
23101,1364244278101344261
23102,1364243752521404423
23103,1364243560346890242
23104,1364242958527193094
23105,1364242520998371334
23106,1364242424676167682
23107,1364241445205516293
23108,1364240679757561857
23109,1364240467278323713
23110,1364240441516969986
23111,1364240228362428419
23112,1364240203301466113
23113,1364239443943714817
23114,1364238266967478278
23115,1364238177989492737
23116,1364237824585793538
23117,1364237356560228352
23118,1364235368766316545
23119,1364233245144014851
23120,1364233241289457669
23121,1364232906508533760
23122,1364232448326979587
23123,1364232430094270464
23124,1364231804480344064
23125,1364231594530201605
23126,1364231490431823874
23127,1364231429895389193
23128,1364230635196452864
23129,1364229971900825602
23130,1364229561840508928
23131,1364229158579163138
23132,1364228485271617539
23133,1364228385820475404
23134,1364227548004061195
23135,1364224578159931400
23136,1364224322995294213
23137,1364223913736105985
23138,1364221329298186243
23139,1364221046367219723
23140,1364219808087072769
23141,1364219285254533122
23142,1364219266761916418
23143,1364216877879353346
23144,1364216697079537665
23145,1364214077489356802
23146,1364213863625940992
23147,1364213348741619714
23148,1364212484190728192
23149,1364212313457369094
23150,1364212154694594566
23151,1364211088921939970
23152,1364210894901825539
23153,1364210732808744967
23154,1364208769182408708
23155,1364208707601580032
23156,1364208676307935235
23157,1364208451057037312
23158,1364208420665118724
23159,1364207429362343936
23160,1364207305638699016
23161,1364207199665405955
23162,1364206536717971457
23163,1364206243003437057
23164,1364203805827563520
23165,1364203642111287301
23166,1364203000500215808
23167,1364202811601412099
23168,1364202296305983490
23169,1364201280848207876
23170,1364201095522877442
23171,1364200786306203648
23172,1364200747441811462
23173,1364200654747668480
23174,1364199795812757505
23175,1364199482892541954
23176,1364199389380571139
23177,1364199231720808451
23178,1364199106336333837
23179,1364198900844748802
23180,1364198742606237701
23181,1364198544249298946
23182,1364198099619622912
23183,1364197868987416576
23184,1364197556033622016
23185,1364196893371285511
23186,1364196510926327809
23187,1364196354952728576
23188,1364196052828577796
23189,1364196006599024641
23190,1364195549860286464
23191,1364195402757664768
23192,1364193523818508288
23193,1364193196318818310
23194,1364193027745603585
23195,1364192908891537413
23196,1364192618092126213
23197,1364192486458032130
23198,1364192430304681984
23199,1364192278001156101
23200,1364192102649917440
23201,1364191317794914307
23202,1364191214698983426
23203,1364190229742161922
23204,1364189694133760002
23205,1364188858305380354
23206,1364188613169328130
23207,1364188447645315072
23208,1364188292305059841
23209,1364188250013892608
23210,1364188077724471300
23211,1364187745128701952
23212,1364187659426533376
23213,1364187570968662019
23214,1364187508184133634
23215,1364187369625317377
23216,1364186959544004608
23217,1364186815352233986
23218,1364186724155486209
23219,1364186686561910787
23220,1364186658644652039
23221,1364186304590852096
23222,1364186140048293889
23223,1364185765727662081
23224,1364185755686473730
23225,1364185512844681217
23226,1364185253968031744
23227,1364184230322913286
23228,1364184177235656704
23229,1364184118305636358
23230,1364183985220370433
23231,1364183820539420673
23232,1364183769926754304
23233,1364183755884285954
23234,1364183745247518728
23235,1364183696354459652
23236,1364183537679802368
23237,1364183370410958852
23238,1364183216039616513
23239,1364183125488672772
23240,1364182801063563266
23241,1364182719169716225
23242,1364182283369013248
23243,1364182263714480130
23244,1364181988685590528
23245,1364181889016336385
23246,1364181666122633219
23247,1364180713579413511
23248,1364180620029681667
23249,1364180546549645313
23250,1364180190453264385
23251,1364180143485448194
23252,1364179868229976065
23253,1364179762848104450
23254,1364179678366416900
23255,1364179676034453504
23256,1364179625199476736
23257,1364179619503603712
23258,1364179438305488902
23259,1364179351261052928
23260,1364179287583170561
23261,1364177188434698240
23262,1364176577400098816
23263,1364176548312592391
23264,1364175628598202368
23265,1364175551813025800
23266,1364174384190136322
23267,1364174219899260930
23268,1364173759234646016
23269,1364173598852800513
23270,1364172278674694147
23271,1364172193781923840
23272,1364172008020471810
23273,1364171686598373378
23274,1364169331794395137
23275,1364168399027339266
23276,1364164871529635850
23277,1364164449037344772
23278,1364164287791521792
23279,1364164276164960258
23280,1364163932164919298
23281,1364162928728023044
23282,1364162588947456000
23283,1364162468088537089
23284,1364161853178466305
23285,1364161272292528130
23286,1364160817508270081
23287,1364160725418184704
23288,1364160579896827904
23289,1364160460761812997
23290,1364159993415692288
23291,1364159750951362566
23292,1364159700669972483
23293,1364159071839019012
23294,1364159030453809157
23295,1364157460643254275
23296,1364157146565378048
23297,1364155869575974915
23298,1364155845320331267
23299,1364155562804584449
23300,1364155348689559554
23301,1364155110461501440
23302,1364151617415745536
23303,1364151360137093122
23304,1364150064948662277
23305,1364149287689535491
23306,1364147789521965056
23307,1364146366960836609
23308,1364141066992107521
23309,1364139607495966720
23310,1364139597538725889
23311,1364136858125492225
23312,1364133437272129539
23313,1364132243388706816
23314,1364131550049292289
23315,1364124019218411523
23316,1364119456025305088
23317,1364119023747817473
23318,1364116152969023492
23319,1364115837351825411
23320,1364107204882796544
23321,1364104537464844288
23322,1364089914862817282
23323,1364082559236395012
23324,1364082130754678784
23325,1364074474337886210
23326,1364073370783019008
23327,1364012093381443591
23328,1363999270697844740
23329,1363995255205474304
23330,1363994068225847296
23331,1363990713785016321
23332,1363990185059487752
23333,1363989569641799687
23334,1363979401348730888
23335,1363979229042458624
23336,1363973248199892993
23337,1363967418708688897
23338,1363964652443619334
23339,1363964501163442179
23340,1363964166114000897
23341,1363954463673843716
23342,1363954370640039937
23343,1363947244584660995
23344,1363946007181070336
23345,1363939837758345220
23346,1363939628735221762
23347,1363939433603616769
23348,1363935059355533314
23349,1363933702439505920
23350,1363932363449892870
23351,1363931986541314048
23352,1363929347678175232
23353,1363927465475899400
23354,1363922888563245063
23355,1363919922179506178
23356,1363917384885665793
23357,1363917058048724994
23358,1363915604638498831
23359,1363911126594052100
23360,1363910946440241154
23361,1363909761981444101
23362,1363906465778573312
23363,1363905651248881664
23364,1363904821863055362
23365,1363903721562865664
23366,1363900331411841033
23367,1363898340535058434
23368,1363895495643570181
23369,1363895126154698759
23370,1363894658586316804
23371,1363892549572771843
23372,1363884394948268041
23373,1363884179121975302
23374,1363880397587820554
23375,1363878748634947593
23376,1363878320887246855
23377,1363876303322112002
23378,1363876204122636288
23379,1363875131546869772
23380,1363874414635462656
23381,1363869423262654471
23382,1363861009497260033
23383,1363860540607578119
23384,1363860487767814150
23385,1363856617146572818
23386,1363850182098513928
23387,1363833456745193475
23388,1363830945577598978
23389,1363826311509196802
23390,1363814431218663427
23391,1363808617774936068
23392,1363808172746637312
23393,1363806839666855938
23394,1363806802220040192
23395,1363805513151115265
23396,1363805493844705280
23397,1363802786320777217
23398,1363800571757670400
23399,1363797960153309185
23400,1363796335112187904
23401,1363787728937181185
23402,1363769752557076480
23403,1363743123176906752
23404,1363717675424350209
23405,1363695665583382532
23406,1363694723886678016
23407,1363677389851615240
23408,1363677219873259521
23409,1363666499043524613
23410,1363650419638099969
23411,1363642660720795652
23412,1363639234175897602
23413,1363638339975454721
23414,1363632620693823488
23415,1363630162005417991
23416,1363627033725722632
23417,1363626530681851911
23418,1363625819415928835
23419,1363625699232382980
23420,1363624635271680002
23421,1363623205571813379
23422,1363621280092725252
23423,1363620744622669828
23424,1363615648186834944
23425,1363608195189587976
23426,1363603295714086913
23427,1363602382614061067
23428,1363599016030859265
23429,1363596698585546752
23430,1363594149379907595
23431,1363592393157726213
23432,1363589635432198144
23433,1363584636966891524
23434,1363583548377202689
23435,1363583396820250629
23436,1363581279132811265
23437,1363580607192838147
23438,1363580421737504773
23439,1363579402714550275
23440,1363576175755468801
23441,1363572546340331524
23442,1363572029916594179
23443,1363568839770972160
23444,1363568451504271361
23445,1363568201326542848
23446,1363567166570823680
23447,1363565686803615750
23448,1363564827181002755
23449,1363564596532023301
23450,1363564331544301570
23451,1363563116638920705
23452,1363562659375964160
23453,1363559781450076160
23454,1363559619281436677
23455,1363558558386765825
23456,1363555233448787979
23457,1363552704853868548
23458,1363551895806222336
23459,1363549380146585607
23460,1363546630839021569
23461,1363542325285167104
23462,1363540195002494980
23463,1363538589594902529
23464,1363538370568323075
23465,1363537911795302400
23466,1363536364344664064
23467,1363536290919120901
23468,1363532986411532288
23469,1363527130710212610
23470,1363520875711123460
23471,1363513367453908993
23472,1363512250917670922
23473,1363511313956278279
23474,1363510099168395264
23475,1363508416266858497
23476,1363503608508121106
23477,1363501725529817091
23478,1363500242834964482
23479,1363498835381739521
23480,1363497008850493446
23481,1363495421935509506
23482,1363488994391166983
23483,1363486573535367170
23484,1363486361404256256
23485,1363485720200048640
23486,1363485715397562372
23487,1363477070337179648
23488,1363476387957534727
23489,1363473245949804544
23490,1363471587413024775
23491,1363470550446841857
23492,1363468638678876160
23493,1363468336143757314
23494,1363459249532268546
23495,1363458485485260805
23496,1363456936449032193
23497,1363455927660199936
23498,1363453295528968194
23499,1363452961616257024
23500,1363447346948890629
23501,1363447072909836290
23502,1363443885578584066
23503,1363437117683204096
23504,1363424269171126272
23505,1363416685152239619
23506,1363408923659800576
23507,1363408640913395712
23508,1363403276134277122
23509,1363398690707234818
23510,1363368869981614080
23511,1363368833327726592
23512,1363352300379664385
23513,1363349640054255619
23514,1363346625024901127
23515,1363322554124029952
23516,1363322407461781504
23517,1363307452729540612
23518,1363293784260370435
23519,1363287317675466752
23520,1363285742345191425
23521,1363285626854998020
23522,1363278783890010114
23523,1363278565039607808
23524,1363273631925751808
23525,1363270631354163208
23526,1363268866449752065
23527,1363268024590082052
23528,1363267485433225217
23529,1363266170535768066
23530,1363263945511944206
23531,1363262673668947969
23532,1363261392497819648
23533,1363258332308516866
23534,1363251753794306050
23535,1363247616780288006
23536,1363246686567620612
23537,1363246574340554753
23538,1363243497948602368
23539,1363242345660116998
23540,1363240395765936131
23541,1363238794368065539
23542,1363238204623708161
23543,1363224833283219461
23544,1363223589080739843
23545,1363220274133491716
23546,1363219594354307078
23547,1363219258780573703
23548,1363218894316519425
23549,1363218584512716801
23550,1363217208718094338
23551,1363217045148557313
23552,1363216892496928772
23553,1363216038465204225
23554,1363215297294008321
23555,1363214815234293760
23556,1363214195903365122
23557,1363211390320795653
23558,1363211292467748871
23559,1363208778208993282
23560,1363206009980923904
23561,1363204270321983490
23562,1363202803326476296
23563,1363200723928899593
23564,1363197294133317632
23565,1363196202121121793
23566,1363194344317026310
23567,1363191367556595716
23568,1363190059386683396
23569,1363188681125855236
23570,1363188423436210178
23571,1363183400132243460
23572,1363180685444452354
23573,1363176353894400006
23574,1363164718005944323
23575,1363164464384794624
23576,1363162680459210753
23577,1363162646485360641
23578,1363158465640886275
23579,1363155817432813573
23580,1363155807450390528
23581,1363153730879782912
23582,1363133591627128841
23583,1363132658805571585
23584,1363127609148727300
23585,1363127093400322051
23586,1363125167396896772
23587,1363124903441006595
23588,1363120186900033536
23589,1363115229878448130
23590,1363114856581386240
23591,1363110892934737923
23592,1363104544280952840
23593,1363104209462317059
23594,1363104050951168001
23595,1363101758436892676
23596,1363096089910530049
23597,1363095076600221697
23598,1363093956813324290
23599,1363084712114352129
23600,1363069519493795841
23601,1363057462161657860
23602,1363051368752295937
23603,1363046300284035075
23604,1363045312886153216
23605,1363038231885991937
23606,1363015458593587201
23607,1363014253100285953
23608,1363007340870586371
23609,1363004847667236864
23610,1362996167844503553
23611,1362994464399249408
23612,1362955768522285056
23613,1362952383303671810
23614,1362934840413343749
23615,1362933325199998976
23616,1362924867612512258
23617,1362920759874768897
23618,1362915964514430980
23619,1362914973970751488
23620,1362907783914520582
23621,1362905084720521216
23622,1362903945706958849
23623,1362903548095299590
23624,1362901515527204864
23625,1362901008024797192
23626,1362898401084465152
23627,1362894229391998993
23628,1362892013688008709
23629,1362890305389871104
23630,1362888677861584899
23631,1362887893107228673
23632,1362887883191894021
23633,1362887473349742593
23634,1362885296594030604
23635,1362883918115045376
23636,1362882787771047942
23637,1362882787666190338
23638,1362882075385331712
23639,1362881780710187008
23640,1362880550235742208
23641,1362876620730736642
23642,1362875323398955017
23643,1362875085737107461
23644,1362873460901445634
23645,1362868929614524417
23646,1362865710876229638
23647,1362864999849410564
23648,1362863377178058752
23649,1362862378581438466
23650,1362860640331792390
23651,1362857687302701058
23652,1362852798677872640
23653,1362845930920247296
23654,1362842269729062912
23655,1362841218774925312
23656,1362839835027857411
23657,1362839559302701065
23658,1362839263839219717
23659,1362839253886107652
23660,1362836786544848899
23661,1362835448696078338
23662,1362829072422887436
23663,1362827186810589190
23664,1362825865911021570
23665,1362824282984898562
23666,1362822724096294917
23667,1362820412401459211
23668,1362820173015764998
23669,1362815130787082244
23670,1362813837980876802
23671,1362810442918330371
23672,1362806652483829763
23673,1362804712240799745
23674,1362794764245102597
23675,1362792628702629894
23676,1362792590572212225
23677,1362788967846989824
23678,1362788064683253763
23679,1362787112832159750
23680,1362783318010441734
23681,1362783230546616326
23682,1362782971657400326
23683,1362774926747439107
23684,1362766184224022535
23685,1362761230235148300
23686,1362760747697266696
23687,1362759045132791812
23688,1362756792309211140
23689,1362753417744105479
23690,1362748369689595919
23691,1362745688866648074
23692,1362743749323989000
23693,1362743308452302848
23694,1362742399026401282
23695,1362739919811182599
23696,1362737584540114945
23697,1362737546892095496
23698,1362734236227284996
23699,1362734004378689539
23700,1362733350016942082
23701,1362730399621873667
23702,1362729267587674112
23703,1362722931567169537
23704,1362721358245994498
23705,1362718899473686530
23706,1362718571617476620
23707,1362717630445068297
23708,1362717418561433602
23709,1362717337774927872
23710,1362716970458746881
23711,1362713715230056451
23712,1362700320049143812
23713,1362693888599810049
23714,1362690169611108354
23715,1362689916921126914
23716,1362689257584926720
23717,1362682162810601472
23718,1362681153149427712
23719,1362678003763920897
23720,1362676409467084800
23721,1362676400239632384
23722,1362663529090871302
23723,1362632971057041408
23724,1362599158805315586
23725,1362596017208782848
23726,1362595658125967367
23727,1362594359103942657
23728,1362594272726421506
23729,1362592356533469186
23730,1362580775892180995
23731,1362578013628604421
23732,1362565993126576132
23733,1362562905401614338
23734,1362562831732920323
23735,1362560078306562050
23736,1362557934610354176
23737,1362556535981961216
23738,1362551776097034242
23739,1362546450366881792
23740,1362538797041389568
23741,1362538744352542723
23742,1362536634277720066
23743,1362533556606685185
23744,1362533547593072641
23745,1362531958526521344
23746,1362530631511597058
23747,1362529704796954624
23748,1362517792398974983
23749,1362508803204403205
23750,1362508354241892354
23751,1362507498188648448
23752,1362507113923305474
23753,1362507046873141260
23754,1362504363445522441
23755,1362502038396010501
23756,1362488847301509125
23757,1362487873136689165
23758,1362486382996959233
23759,1362481889118978048
23760,1362481693597323264
23761,1362481031782268931
23762,1362478457846980608
23763,1362476480136159234
23764,1362471941790130178
23765,1362471883963269120
23766,1362469782499557380
23767,1362468331727503364
23768,1362467219507195905
23769,1362464220609204230
23770,1362462876833902593
23771,1362461840459104257
23772,1362459502759448580
23773,1362459448774713349
23774,1362459425655635971
23775,1362459159569051656
23776,1362459096105050115
23777,1362458725622153219
23778,1362458581593952266
23779,1362456525776842755
23780,1362456458286268417
23781,1362456321984000004
23782,1362456276609990658
23783,1362456072309637123
23784,1362455094474776577
23785,1362454988438597641
23786,1362454982306447365
23787,1362454941714051076
23788,1362454039389159427
23789,1362453139522285568
23790,1362450096764424199
23791,1362449449587531785
23792,1362448944693919745
23793,1362448529369821185
23794,1362446937262338048
23795,1362445698097156097
23796,1362445514151784449
23797,1362442312173973509
23798,1362438972279037956
23799,1362438611753447425
23800,1362437501101760513
23801,1362434990638850049
23802,1362434327993323524
23803,1362434246049169426
23804,1362434186938884104
23805,1362434148414205954
23806,1362434148112224259
23807,1362433552353214465
23808,1362432718005501954
23809,1362431116003663874
23810,1362430755431972866
23811,1362429879376109569
23812,1362427048774557697
23813,1362426858827091969
23814,1362426834768510981
23815,1362423821509271560
23816,1362422816856014853
23817,1362417676145090560
23818,1362417545962258432
23819,1362417046206693379
23820,1362415744340946954
23821,1362413178504814602
23822,1362410025533247496
23823,1362408303674949632
23824,1362407668741263364
23825,1362407077558292488
23826,1362405969007939584
23827,1362405589935136772
23828,1362403318119751682
23829,1362401965423099904
23830,1362398818193575939
23831,1362398259541590016
23832,1362397589069561856
23833,1362394799970598912
23834,1362393114162434052
23835,1362391195461292034
23836,1362390144943292419
23837,1362388943774380032
23838,1362388943753383944
23839,1362388304780492809
23840,1362385550779547649
23841,1362384129795395590
23842,1362383915793670145
23843,1362383795027116035
23844,1362383705222840328
23845,1362381950602907650
23846,1362376932357263360
23847,1362371840677658624
23848,1362370473598869505
23849,1362364848726827010
23850,1362357637585731587
23851,1362346775802241025
23852,1362344436156559362
23853,1362344164537622530
23854,1362340715917946880
23855,1362336051126149122
23856,1362327595992416256
23857,1362318949652774913
23858,1362308273739755521
23859,1362290757357494278
23860,1362277046769000451
23861,1362262521755934720
23862,1362258648572043265
23863,1362252736599912448
23864,1362225075286659073
23865,1362212785539678208
23866,1362203611149852672
23867,1362194048933576706
23868,1362188607486906368
23869,1362184998649004034
23870,1362182382263152642
23871,1362179114321469443
23872,1362179108315217930
23873,1362178029536043009
23874,1362176558430097413
23875,1362175535426768896
23876,1362174499853131780
23877,1362172333608366080
23878,1362172269737480194
23879,1362171434798301184
23880,1362170754083794953
23881,1362170404194902020
23882,1362170394355105793
23883,1362170162955378692
23884,1362170030453104640
23885,1362169188878532620
23886,1362164426477027330
23887,1362158658650595333
23888,1362158485870411779
23889,1362156187605680135
23890,1362155983867371525
23891,1362153108122476546
23892,1362152983857930240
23893,1362151099805954050
23894,1362150894222118916
23895,1362150729390166020
23896,1362150496660840449
23897,1362148527430860805
23898,1362148103550361601
23899,1362147992413888512
23900,1362144496742526981
23901,1362143970588033026
23902,1362140195198533632
23903,1362139209751031808
23904,1362138060142575616
23905,1362137933864665093
23906,1362137889782566913
23907,1362136979073355777
23908,1362134818499231747
23909,1362133349935026182
23910,1362132718318981135
23911,1362132235449688074
23912,1362131785216380932
23913,1362131121279012865
23914,1362130972284776450
23915,1362129559181737984
23916,1362129543230869506
23917,1362129412787961858
23918,1362129077751144452
23919,1362128653308551171
23920,1362128639303761925
23921,1362128358033743872
23922,1362128256510668812
23923,1362128122683023366
23924,1362128086112886785
23925,1362127862430580740
23926,1362127534708707341
23927,1362127525464469507
23928,1362127349484036097
23929,1362126946692444167
23930,1362126943672545281
23931,1362126805906423814
23932,1362126280225882117
23933,1362126074273034246
23934,1362126048142512128
23935,1362125382791610379
23936,1362124672503054338
23937,1362124326061953033
23938,1362124284794179598
23939,1362124274434252805
23940,1362124242343645184
23941,1362124232055005185
23942,1362123795952263169
23943,1362123723877326849
23944,1362123484797747206
23945,1362123429210636291
23946,1362123418729078784
23947,1362123269881626625
23948,1362123167855239171
23949,1362123150323032069
23950,1362123066093031431
23951,1362122975504384008
23952,1362122971419209743
23953,1362122834651324419
23954,1362122791819112448
23955,1362122785519239168
23956,1362122735384690688
23957,1362122732096348165
23958,1362122696725827584
23959,1362122656036880384
23960,1362122569059606528
23961,1362122549732265986
23962,1362122456484499462
23963,1362122416319827968
23964,1362122374934654990
23965,1362122241249587202
23966,1362122178758598660
23967,1362122141425160197
23968,1362122051969024002
23969,1362121994179854336
23970,1362121954766028801
23971,1362121788952576001
23972,1362121591350579201
23973,1362121485905768449
23974,1362121477764579328
23975,1362121241457426432
23976,1362121032266514433
23977,1362120763269087232
23978,1362120585602547717
23979,1362120470536011779
23980,1362120157456400395
23981,1362120130394783750
23982,1362120114536140805
23983,1362120054977011719
23984,1362119937289056259
23985,1362119915013079040
23986,1362119905064198144
23987,1362119895710859268
23988,1362119768942215169
23989,1362119694178729984
23990,1362119671474962442
23991,1362119640877522953
23992,1362119588201259016
23993,1362119464268034051
23994,1362119417010782210
23995,1362118576698773510
23996,1362118109168087046
23997,1362117663108046850
23998,1362117048550256642
23999,1362116964366311426
24000,1362116676356038658
24001,1362115955078365187
24002,1362115651549151232
24003,1362115402378203141
24004,1362115379049414664
24005,1362115116053987332
24006,1362115105475952647
24007,1362114792031420420
24008,1362114250735579140
24009,1362114184599769101
24010,1362113760748572677
24011,1362113691378974720
24012,1362113617643134976
24013,1362113520045817860
24014,1362113462323863554
24015,1362113344048537601
24016,1362113331675463681
24017,1362112497499701249
24018,1362112487278211072
24019,1362112446064902145
24020,1362112394928017410
24021,1362112390922444800
24022,1362112384995889152
24023,1362112300606488580
24024,1362112239747145728
24025,1362112029268586501
24026,1362111527508148226
24027,1362111396033540098
24028,1362111181280989185
24029,1362110572607787011
24030,1362110488151265280
24031,1362110484464472066
24032,1362110247989628928
24033,1362110238082674697
24034,1362110180826230784
24035,1362110173796585476
24036,1362110138732191748
24037,1362110111133687810
24038,1362109896192327686
24039,1362109893461835778
24040,1362109888634249216
24041,1362109717670199296
24042,1362109520311422978
24043,1362109450954428426
24044,1362108579487088640
24045,1362108456703045632
24046,1362108367846703111
24047,1362107832380891138
24048,1362107767545298945
24049,1362106873445515276
24050,1362106788414431237
24051,1362106537523748866
24052,1362106316530085892
24053,1362105963654885381
24054,1362105952393175040
24055,1362105588021362695
24056,1362105515040456706
24057,1362105429757734928
24058,1362105321146245127
24059,1362105269271080960
24060,1362105267018747912
24061,1362105256088371202
24062,1362105255006244865
24063,1362105252888145920
24064,1362105246093357057
24065,1362105223922204674
24066,1362105143894937616
24067,1362105111250685953
24068,1362105065801211911
24069,1362104900679852037
24070,1362104892043763714
24071,1362104395081654273
24072,1362104200679862272
24073,1362103612042858504
24074,1362103154976976897
24075,1362102889007751174
24076,1362102398697824256
24077,1362102319433854978
24078,1362102316753707012
24079,1362101444644659205
24080,1362100804270891008
24081,1362100302980280329
24082,1362099967125577731
24083,1362099604104376324
24084,1362097706785767424
24085,1362096484775170049
24086,1362095943194193925
24087,1362094361836544000
24088,1362093547814613003
24089,1362093295334268932
24090,1362092605509672967
24091,1362092063932768261
24092,1362091098433323008
24093,1362090969588449280
24094,1362090421011308544
24095,1362090190165139456
24096,1362089554602262528
24097,1362088631876395024
24098,1362087756353200128
24099,1362085413901504514
24100,1362085376937103364
24101,1362085255168094211
24102,1362085024066113538
24103,1362084347218649097
24104,1362083437683875852
24105,1362082733447593990
24106,1362082608151203840
24107,1362082155418025989
24108,1362080948762910720
24109,1362080476857589761
24110,1362080115283423237
24111,1362078571871817731
24112,1362077302096613382
24113,1362077074798882816
24114,1362076493568966661
24115,1362075990202155019
24116,1362074967807000579
24117,1362071824905994242
24118,1362071089027952640
24119,1362071080538689538
24120,1362071012867780610
24121,1362070783661596677
24122,1362070535614701575
24123,1362070190486339587
24124,1362069624968339458
24125,1362069028337053698
24126,1362068675386171393
24127,1362067611148812296
24128,1362067441975713795
24129,1362067005004783627
24130,1362066613562970116
24131,1362066309891166208
24132,1362066137970835462
24133,1362065156012924931
24134,1362064339520413698
24135,1362064163988791296
24136,1362064065967882245
24137,1362062956645801990
24138,1362061793082941441
24139,1362061023067406338
24140,1362059971656089607
24141,1362059653358776321
24142,1362059638716440580
24143,1362058641470283786
24144,1362057579308986368
24145,1362056725243842561
24146,1362056556674772992
24147,1362055383771144195
24148,1362054610274430982
24149,1362054590691241984
24150,1362054327968428038
24151,1362053678958534657
24152,1362053596611833865
24153,1362052664150876160
24154,1362052558903197700
24155,1362052154559758342
24156,1362049160732569601
24157,1362049032252702726
24158,1362048548167176192
24159,1362048288036380677
24160,1362047999602552832
24161,1362046114162241541
24162,1362043727733288960
24163,1362043356327608327
24164,1362042530192388097
24165,1362040724448018433
24166,1362038882234216449
24167,1362038817071509504
24168,1362037112749649925
24169,1362036739431424002
24170,1362036106380931072
24171,1362035586891145219
24172,1362033278035914753
24173,1362033139976175620
24174,1362033082715549705
24175,1362032032340189191
24176,1362031099241783297
24177,1362030866759876612
24178,1362028975963262981
24179,1362028241079459842
24180,1362026593321893891
24181,1362026135442362376
24182,1362025954344923139
24183,1362023075479445506
24184,1362022258865303558
24185,1362020718557429762
24186,1362017670892318721
24187,1362016375879917569
24188,1362015969456099328
24189,1362014767586676739
24190,1362014461926719495
24191,1362012878405046273
24192,1362012257375449088
24193,1362011389355819008
24194,1362005605632901122
24195,1362001621388038145
24196,1362001159452508161
24197,1362000843218817026
24198,1361999999442247680
24199,1361992312289591302
24200,1361991946261118979
24201,1361988380477825026
24202,1361986567246647298
24203,1361985971508641794
24204,1361975599938605061
24205,1361973411656966144
24206,1361969938538389505
24207,1361967112932229121
24208,1361965423877586945
24209,1361953191798145027
24210,1361952908292464643
24211,1361951563741343744
24212,1361951549535232002
24213,1361950786557722625
24214,1361950776608849922
24215,1361948460119973889
24216,1361928868836352000
24217,1361919566071308293
24218,1361918801885896705
24219,1361912850986504198
24220,1361892656876560387
24221,1361890902256541699
24222,1361889980180803591
24223,1361850800365010948
24224,1361836737933246464
24225,1361833400076763137
24226,1361817933333291010
24227,1361817084133593093
24228,1361816376999112710
24229,1361814203741442054
24230,1361811677612806150
24231,1361811485983399936
24232,1361801304419553283
24233,1361801111804461062
24234,1361794582552457219
24235,1361793593694969860
24236,1361790127928967169
24237,1361789173913554944
24238,1361772210281738243
24239,1361771049839394821
24240,1361769441986551811
24241,1361767708715601921
24242,1361764704180436992
24243,1361762332347666437
24244,1361761811092148226
24245,1361761158391291904
24246,1361752541021810688
24247,1361750463641767941
24248,1361741355114971138
24249,1361737356286525443
24250,1361719688120717313
24251,1361712580377513986
24252,1361712483266920449
24253,1361711014476193795
24254,1361710396437131269
24255,1361709617022140418
24256,1361709614992154627
24257,1361709031899955200
24258,1361707773730390016
24259,1361703071701696521
24260,1361695075672199168
24261,1361690220345888769
24262,1361678788166373377
24263,1361675015247323138
24264,1361659627839098880
24265,1361656282609033218
24266,1361650040918446081
24267,1361650030336217088
24268,1361647178582753282
24269,1361640782411751425
24270,1361633150380748802
24271,1361626204005158913
24272,1361623114401124367
24273,1361616056813379593
24274,1361599971561267202
24275,1361590141559660546
24276,1361579405747908611
24277,1361569887211184134
24278,1361544226467704832
24279,1361535923473833989
24280,1361534345463349249
24281,1361532567745417216
24282,1361531762329944068
24283,1364286510925758472
24284,1364132941274701826
24285,1364034627124486148
24286,1364011622071758848
24287,1363985631639072770
24288,1363977832347623425
24289,1363972129751003136
24290,1363955536513945608
24291,1363911577351634944
24292,1363890223155970057
24293,1363889230041264131
24294,1363884074520227845
24295,1364341187621044227
24296,1364340614096162822
24297,1364340314945781765
24298,1364340023622041603
24299,1364339809356046337
24300,1364339473446821889
24301,1364338894578278405
24302,1364338760683573249
24303,1364338521645932544
24304,1364338439680888832
24305,1364338173778808839
24306,1364338125246509057
24307,1364337748564402180
24308,1364337466774282243
24309,1364337434138402819
24310,1364337403473899528
24311,1364337108043894802
24312,1364337005790973953
24313,1364335118383472640
24314,1364334870655356928
24315,1364334660294234119
24316,1364333689837076481
24317,1364333393912205322
24318,1364333015724417024
24319,1364331551228624901
24320,1364331489127780354
24321,1364331236609646604
24322,1364330910942961667
24323,1364330711780446208
24324,1364330571749613578
24325,1364330504653258757
24326,1364330310859636736
24327,1364329537996259335
24328,1364329227517059075
24329,1364328192681598977
24330,1364328042059956225
24331,1364327826195963907
24332,1364327814871343104
24333,1364327806985994248
24334,1364326671285944336
24335,1364326192808091648
24336,1364325554422505482
24337,1364323735478689798
24338,1364323593862209542
24339,1364322751713050625
24340,1364322100597645319
24341,1364320734923915271
24342,1364319118619537413
24343,1364318782626398219
24344,1364318454065545220
24345,1364318216026279937
24346,1364318150590947329
24347,1364317833761595398
24348,1364317449735327747
24349,1364317269900333056
24350,1364316944669814785
24351,1364316491852771332
24352,1364316202441584642
24353,1364315603847155713
24354,1364314833127157760
24355,1364314448459145221
24356,1364314338065063936
24357,1364314148079812610
24358,1364314001434431491
24359,1364313202113282048
24360,1364312819991257091
24361,1364312262501142537
24362,1364311859646631940
24363,1364309598136635395
24364,1364309564095672321
24365,1364308601402236939
24366,1364307451244408835
24367,1364306971634118660
24368,1364306691068624896
24369,1364306028507070466
24370,1364305839021039616
24371,1364305634280275970
24372,1364305633831444487
24373,1364305624239120386
24374,1364305594061115395
24375,1364305555146346498
24376,1364305359649861634
24377,1364305204582240267
24378,1364304614661718017
24379,1364304025261277184
24380,1364303976989130753
24381,1364303892155105285
24382,1364303811951677444
24383,1364303448934666240
24384,1364303416139390978
24385,1364303392554823682
24386,1364303229526437892
24387,1364302653451304963
24388,1364302385493983235
24389,1364302221278609409
24390,1364301233763340308
24391,1364300713447354369
24392,1364299444162822150
24393,1364297975661547521
24394,1364295625853042702
24395,1364295057713602565
24396,1364294866700804101
24397,1364294520737849347
24398,1364293838232301574
24399,1364292646454362112
24400,1364292493421006848
24401,1364292065434226690
24402,1364292032743751692
24403,1364291474251210753
24404,1364290979545706497
24405,1364290970469228553
24406,1364290776658804740
24407,1364290458499842051
24408,1364290435158540289
24409,1364289171599339520
24410,1364288809509224462
24411,1364288666793897987
24412,1364288381920886784
24413,1364286854288269317
24414,1364286840107327489
24415,1364286366377537537
24416,1364286042346512386
24417,1364285181574676487
24418,1364284359080050690
24419,1364283670681501696
24420,1364282758927892483
24421,1364281245832785920
24422,1364281203310944263
24423,1364280873957396481
24424,1364280801425313795
24425,1364280150339256327
24426,1364279721282961415
24427,1364279588713603073
24428,1364278617212149771
24429,1364278279629340677
24430,1364278239812796425
24431,1364277473215729668
24432,1364277342277885958
24433,1364277144784936960
24434,1364276542273171458
24435,1364276344666918917
24436,1364276032224845825
24437,1364275574089342976
24438,1364275246283575307
24439,1364275060937273348
24440,1364274958105538562
24441,1364274724159819784
24442,1364274140455317508
24443,1364273899861639176
24444,1364273268736286724
24445,1364273215049236482
24446,1364272606300504066
24447,1364272425316323334
24448,1364271693150052352
24449,1364271688934854656
24450,1364270440189997059
24451,1364269186466394113
24452,1364268756252377088
24453,1364267038642995200
24454,1364266281021636609
24455,1364266257302847491
24456,1364265903274213377
24457,1364265315811622912
24458,1364265277672853512
24459,1364264506319400961
24460,1364264252194705411
24461,1364262881563447300
24462,1364262670854213634
24463,1364262386102845440
24464,1364261174376824837
24465,1364261022467555329
24466,1364260916464934912
24467,1364260812827860992
24468,1364260751213531138
24469,1364260656443256846
24470,1364260640882311172
24471,1364260230591373312
24472,1364260194331557893
24473,1364260127478538244
24474,1364259994892464130
24475,1364259926718185474
24476,1364259573188726791
24477,1364259416955117570
24478,1364258839948886032
24479,1364258730443825156
24480,1364258428944801792
24481,1364257915901775876
24482,1364257907806765058
24483,1364257269651820548
24484,1364256905749794821
24485,1364256787206189059
24486,1364255840337813509
24487,1364255750135160833
24488,1364255740270108672
24489,1364255663820570624
24490,1364255621562970113
24491,1364255385218088960
24492,1364255212001783808
24493,1364255150072868868
24494,1364254839702773762
24495,1364254075919998977
24496,1364253804582043655
24497,1364252973300396035
24498,1364252872012136449
24499,1364252451507945473
24500,1364251139416465412
24501,1364249239270866945
24502,1364247223807193096
24503,1364246566823944192
24504,1364245945970475013
24505,1364245762230673409
24506,1364244952482537479
24507,1364244847851409408
24508,1364244814544437255
24509,1364243185199890439
24510,1364241920608915466
24511,1364241910559293441
24512,1364241839281299459
24513,1364241740354506754
24514,1364241507511898116
24515,1364241104346832897
24516,1364240679757561857
24517,1364240595624075268
24518,1364240585759031297
24519,1364240449867816965
24520,1364240291423731722
24521,1364239681337110532
24522,1364239655261138944
24523,1364239653621141517
24524,1364239356991520770
24525,1364239287760400393
24526,1364239198266474503
24527,1364238864093749248
24528,1364237982530682885
24529,1364236656430186496
24530,1364236539778248706
24531,1364236382043070464
24532,1364236184629764096
24533,1364236011673370625
24534,1364235581979566086
24535,1364235156014391299
24536,1364235079917125634
24537,1364235025319927811
24538,1364235018382544897
24539,1364234927785525253
24540,1364233680303124480
24541,1364233575323820040
24542,1364233491781734401
24543,1364233404837990404
24544,1364233132342403077
24545,1364233068064755717
24546,1364232812631572485
24547,1364232466148585473
24548,1364232385462759426
24549,1364232359843950601
24550,1364232355435728899
24551,1364231429895389193
24552,1364231052345167873
24553,1364230649301901313
24554,1364230607543361536
24555,1364230595187007489
24556,1364228741543591936
24557,1364228533166424067
24558,1364228498664140802
24559,1364228081175588868
24560,1364228074779381760
24561,1364227840527409157
24562,1364225801047203841
24563,1364225163315716098
24564,1364224448086245383
24565,1364224414619889675
24566,1364224402640961548
24567,1364224148470308872
24568,1364223775466643458
24569,1364223488228093960
24570,1364223440006180868
24571,1364222857115439108
24572,1364222610121236483
24573,1364222411630014466
24574,1364221474920357888
24575,1364221139447209985
24576,1364220883330469902
24577,1364220657161019394
24578,1364220154620432384
24579,1364219713312595968
24580,1364219250781679618
24581,1364217748964966401
24582,1364216644684443651
24583,1364216004629381120
24584,1364215041814315014
24585,1364214046610886656
24586,1364213925684809729
24587,1364213914809081858
24588,1364213860077604864
24589,1364213388356763655
24590,1364213378399494144
24591,1364212044480798722
24592,1364211255251263491
24593,1364210978787844103
24594,1364210406269583361
24595,1364210246625996800
24596,1364209791523049476
24597,1364208139319603204
24598,1364207884456787969
24599,1364206859004112901
24600,1364206456879206400
24601,1364206424826540035
24602,1364206370212438032
24603,1364206244827922433
24604,1364205962425434115
24605,1364205550783889408
24606,1364205450137374723
24607,1364205424849924096
24608,1364205206590865408
24609,1364205073086177285
24610,1364205052244725762
24611,1364204892164866050
24612,1364204705468022794
24613,1364204158694400001
24614,1364204108719218694
24615,1364203332705931265
24616,1364202991377645573
24617,1364202971148476419
24618,1364202961254158336
24619,1364202813643972611
24620,1364202320670695425
24621,1364202258922102786
24622,1364202087689687044
24623,1364201869355196418
24624,1364201463812141056
24625,1364201416324177927
24626,1364201365589942274
24627,1364200930892210179
24628,1364200436132155397
24629,1364200337880481797
24630,1364200326295924738
24631,1364200073098321928
24632,1364199709590646790
24633,1364199700476346368
24634,1364198777851158532
24635,1364198742950297601
24636,1364198494421057541
24637,1364198330775916544
24638,1364198329681408000
24639,1364198324467761154
24640,1364198083580600322
24641,1364197838951972865
24642,1364196765986131969
24643,1364196666912501761
24644,1364196332722880515
24645,1364196299088809986
24646,1364196293959159816
24647,1364195894028087299
24648,1364195884087541760
24649,1364195498165436416
24650,1364195437067071492
24651,1364195339406876673
24652,1364195053225336832
24653,1364194571396210692
24654,1364194278084390913
24655,1364194211311083521
24656,1364193856993001476
24657,1364193520257552384
24658,1364192890667360260
24659,1364192679006007297
24660,1364192555672469505
24661,1364192509908369408
24662,1364191728513798149
24663,1364191449554780160
24664,1364191051850817536
24665,1364190851887431683
24666,1364190727866089473
24667,1364190610056499204
24668,1364190530347937795
24669,1364190420494909445
24670,1364190393722527746
24671,1364190234125164547
24672,1364189989697912840
24673,1364188323682652165
24674,1364187969503047680
24675,1364187422708273152
24676,1364186370160414721
24677,1364186272219201536
24678,1364186014978310145
24679,1364185714410344448
24680,1364184554106462210
24681,1364184544073682947
24682,1364184062177415171
24683,1364182390629933059
24684,1364182164036804611
24685,1364181785039364097
24686,1364181083202453509
24687,1364180583753150464
24688,1364180432842088450
24689,1364180333122510848
24690,1364180300998324226
24691,1364179885577625609
24692,1364179408169414660
24693,1364178421820055552
24694,1364178410042499073
24695,1364178330925359109
24696,1364178189506011138
24697,1364178174947557378
24698,1364177868809453569
24699,1364177442798260231
24700,1364177167379234819
24701,1364177112698155010
24702,1364176815959457792
24703,1364176778185605123
24704,1364176751484678147
24705,1364176634211893248
24706,1364176478842343425
24707,1364176290320941057
24708,1364176074213589001
24709,1364176053317619712
24710,1364175803173470208
24711,1364175756922912769
24712,1364175697359626241
24713,1364175479981420545
24714,1364175476625915905
24715,1364175349031047173
24716,1364175337643466753
24717,1364175323605123074
24718,1364175247927369728
24719,1364175209838878727
24720,1364175195301421058
24721,1364175050237038593
24722,1364175041869529094
24723,1364175005144203269
24724,1364174947908747264
24725,1364174556366258178
24726,1364174414737268743
24727,1364173985987100672
24728,1364173467441123329
24729,1364172325688664066
24730,1364172250900017154
24731,1364172141822955520
24732,1364172023132520451
24733,1364171996897157121
24734,1364171963103670272
24735,1364171896464490501
24736,1364171861882470406
24737,1364171803279638529
24738,1364171777413373953
24739,1364171650351194115
24740,1364171609267929092
24741,1364171547095814144
24742,1364171525784543232
24743,1364171490069995526
24744,1364171470197436416
24745,1364171437402185730
24746,1364171359685906433
24747,1364171327276515328
24748,1364171239900741633
24749,1364171181780307976
24750,1364171148980805634
24751,1364171080945008642
24752,1364171000506683393
24753,1364170966734151680
24754,1364170862094614534
24755,1364170727109390342
24756,1364170675519381504
24757,1364170651947462656
24758,1364170623103225856
24759,1364170516018429957
24760,1364170466353700865
24761,1364170413367042054
24762,1364170369532329992
24763,1364170330181431296
24764,1364170302138286093
24765,1364170272513875970
24766,1364170190842380292
24767,1364170081685680134
24768,1364170048605143040
24769,1364169774108979206
24770,1364169710191980546
24771,1364169659830964229
24772,1364169572144717824
24773,1364168130013106182
24774,1364167785316835330
24775,1364167633608839170
24776,1364167189738250242
24777,1364166268278964228
24778,1364166216135360513
24779,1364165042288140289
24780,1364164348281765889
24781,1364163101067730948
24782,1364161730167926787
24783,1364161554753728512
24784,1364161244568162308
24785,1364161029773615105
24786,1364160574544732169
24787,1364160244612538370
24788,1364160070754463747
24789,1364158293258682369
24790,1364157169847963650
24791,1364157051132338176
24792,1364156853060575232
24793,1364156834609790978
24794,1364156771871375362
24795,1364156761888985091
24796,1364156043543142400
24797,1364154358485639168
24798,1364153079290073091
24799,1364153030514466816
24800,1364151439862431746
24801,1364151429930356736
24802,1364151169325621251
24803,1364150265201364995
24804,1364149703345115136
24805,1364149248720326657
24806,1364148628965654531
24807,1364147582927273984
24808,1364147582809866242
24809,1364146764585009161
24810,1364146754673868802
24811,1364145712162697219
24812,1364145481543278594
24813,1364145351360397314
24814,1364143549130952705
24815,1364142957297733638
24816,1364141990745681920
24817,1364139607844126722
24818,1364138966912483329
24819,1364138925305004034
24820,1364137209771753472
24821,1364135888893210626
24822,1364135708982665217
24823,1364135215866773507
24824,1364134207900028930
24825,1364134141361590277
24826,1364133692919144449
24827,1364133480360259588
24828,1364132392546553857
24829,1364131370784686080
24830,1364131139280076803
24831,1364130376814268417
24832,1364130079043948546
24833,1364128920778510339
24834,1364127632653119490
24835,1364127520174403586
24836,1364126647423803393
24837,1364126161702371330
24838,1364123128058757122
24839,1364122560246513665
24840,1364121215233904642
24841,1364121073671835651
24842,1364121062955483138
24843,1364119785232023555
24844,1364118178574565378
24845,1364117725195481088
24846,1364117573374271489
24847,1364117520177717249
24848,1364117251838779402
24849,1364117005801033728
24850,1364116973374824450
24851,1364116562328887299
24852,1364116007921602562
24853,1364114998121943041
24854,1364113596054142977
24855,1364113232085008389
24856,1364112523264466944
24857,1364112505010851845
24858,1364111530367856640
24859,1364110241684623366
24860,1364108228704038913
24861,1364106962720464897
24862,1364106955770503169
24863,1364104418921177089
24864,1364103370466856961
24865,1364103265835749379
24866,1364102739001802753
24867,1364101965890863106
24868,1364098133462982660
24869,1364097732898672641
24870,1364094679504089089
24871,1364093623546093568
24872,1364092522151219202
24873,1364090662564544515
24874,1364090605236670469
24875,1364090281495257093
24876,1364089085225132034
24877,1364083197710118922
24878,1364083044374740992
24879,1364082833728372736
24880,1364082388914044929
24881,1364081523121651714
24882,1364080666036551680
24883,1364079112860688384
24884,1364077545700876289
24885,1364076516318056448
24886,1364074736544849925
24887,1364074596274733056
24888,1364073685838094337
24889,1364072783844679682
24890,1364072171505659904
24891,1364066614463893504
24892,1364066460109275138
24893,1364066123034091522
24894,1364064436709978114
24895,1364062811257794560
24896,1364054689298407425
24897,1364054630175547393
24898,1364048504910413824
24899,1364047967993348100
24900,1364047947009294340
24901,1364047608008867847
24902,1364047579185508353
24903,1364044099905609728
24904,1364043078798041088
24905,1364042955695210500
24906,1364041327529381890
24907,1364040062279708675
24908,1364039671551037447
24909,1364037667336450051
24910,1364037266113507331
24911,1364036654118354945
24912,1364036403970142212
24913,1364036147652030469
24914,1364036002558320646
24915,1364030603369218052
24916,1364029713669357572
24917,1364028622286303234
24918,1364026705694908418
24919,1364026477075980289
24920,1364022336509403140
24921,1364022235812487174
24922,1364021892173230080
24923,1364020206083973121
24924,1364017331119218688
24925,1364017268712230914
24926,1364017159098220544
24927,1364016277153599490
24928,1364014467625979904
24929,1364013940070633473
24930,1364013773351243776
24931,1364013321431773188
24932,1364012397518876673
24933,1364011369075531782
24934,1364011351690145793
24935,1364011250791899136
24936,1364011047154237440
24937,1364010023685419009
24938,1364008777440256000
24939,1364008451349872642
24940,1364007171848077313
24941,1364005816366374913
24942,1364004610491510787
24943,1364004459043520512
24944,1364002028691869698
24945,1364001637401059331
24946,1364001604500922370
24947,1364000027581046785
24948,1363999857468461056
24949,1363999497026752513
24950,1363999051922948099
24951,1363998471192248322
24952,1363997963425632265
24953,1363997480912830465
24954,1363997346434936836
24955,1363997138426990597
24956,1363997118256582656
24957,1363997011184386050
24958,1363996425932197889
24959,1363996398144942081
24960,1363995993990189058
24961,1363995936729489409
24962,1363995864319016964
24963,1363995137710432258
24964,1363993997316923394
24965,1363992731132002314
24966,1363992623288119296
24967,1363988299891814400
24968,1363987366147477507
24969,1363986804022661122
24970,1363985390974210052
24971,1363985336993521670
24972,1363985180977938434
24973,1363984646732738564
24974,1363984324886937603
24975,1363983612924854274
24976,1363981008325013504
24977,1363980862916882432
24978,1363976961270415363
24979,1363976875425456133
24980,1363975362196221952
24981,1363974492884787201
24982,1363973609434275840
24983,1363973167887351809
24984,1363971631081791488
24985,1363971449397129225
24986,1363970727708422150
24987,1363969603144212485
24988,1363969313112219649
24989,1363968694909501442
24990,1363968693290504192
24991,1363968504123305990
24992,1363968208366170113
24993,1363967502028521472
24994,1363967277859749891
24995,1363967142052388871
24996,1363966135113252866
24997,1363965630907580417
24998,1363965538410639363
24999,1363965035068932097
25000,1363963915160363011
25001,1363962587860381697
25002,1363962351658168326
25003,1363961763495043072
25004,1363958134218326021
25005,1363958086248071170
25006,1363957882593677314
25007,1363956708360548357
25008,1363956214250565632
25009,1363955905306451977
25010,1363955340077903879
25011,1363954817627021312
25012,1363954700563832832
25013,1363954550365958144
25014,1363953626075566081
25015,1363953170540605441
25016,1363950944225026052
25017,1363950378321084419
25018,1363949893958717441
25019,1363949741298614283
25020,1363949223222407168
25021,1363949181539213318
25022,1363949111309971461
25023,1363948885069160450
25024,1363948582215254018
25025,1363948355030769667
25026,1363948224067870725
25027,1363947934698639360
25028,1363947891707043845
25029,1363946966971998208
25030,1363946190572834816
25031,1363946007181070336
25032,1363945952403480577
25033,1363945405600256007
25034,1363945354350260230
25035,1363945237941485571
25036,1363944587832799242
25037,1363943462937255941
25038,1363943237350752257
25039,1363943086913691648
25040,1363942420417810436
25041,1363941458420629515
25042,1363941396718227458
25043,1363941336127311872
25044,1363939867147706368
25045,1363939766941724680
25046,1363938933864816647
25047,1363938815581319170
25048,1363938018801803266
25049,1363937872252837888
25050,1363937864241668096
25051,1363936635998646272
25052,1363936331185991681
25053,1363935612332515328
25054,1363934103033311234
25055,1363932810298417170
25056,1363932704492953609
25057,1363931575214301185
25058,1363931534265180161
25059,1363931457060765699
25060,1363931088842854406
25061,1363930282982862848
25062,1363930280113938440
25063,1363930153013936131
25064,1363930127315447809
25065,1363929441626382340
25066,1363928737633497095
25067,1363927875456483332
25068,1363927811778629640
25069,1363926973056241666
25070,1363926902591864835
25071,1363926611024875526
25072,1363926576908427264
25073,1363926542519316486
25074,1363926089194561536
25075,1363926054939865093
25076,1363926004549496833
25077,1363926002137784323
25078,1363925910974521344
25079,1363925270525333506
25080,1363925194289655810
25081,1363924517446426633
25082,1363924473532084225
25083,1363924376698163211
25084,1363924308419104774
25085,1363924236566462469
25086,1363924165468819457
25087,1363923111175946242
25088,1363922762063093763
25089,1363922356775829506
25090,1363922296835088391
25091,1363920697031065604
25092,1363920642081439751
25093,1363920393736716301
25094,1363919966425149447
25095,1363919115812020232
25096,1363918890619830272
25097,1363918713179758596
25098,1363918494761418754
25099,1363916880273104901
25100,1363916665013084165
25101,1363916588756402181
25102,1363915837065859074
25103,1363914955528011778
25104,1363913259959652354
25105,1363913067936030721
25106,1363912332724862979
25107,1363909275303706629
25108,1363908570920734724
25109,1363906474909593605
25110,1363904995175841795
25111,1363904747145596928
25112,1363903882762534915
25113,1363903482940575756
25114,1363903076566990849
25115,1363902745607086087
25116,1363902313077833736
25117,1363902274528030725
25118,1363901831055818753
25119,1363901452582871043
25120,1363901262287302658
25121,1363900693061525506
25122,1363900683662065667
25123,1363900664255045646
25124,1363900634215419910
25125,1363900488769486850
25126,1363900446658723845
25127,1363900379117867013
25128,1363900327930568711
25129,1363900267213836292
25130,1363900247655780357
25131,1363900190424502273
25132,1363900114495041536
25133,1363900108597825536
25134,1363899828376379395
25135,1363899699514736646
25136,1363899680283852800
25137,1363899655973720065
25138,1363899157291925509
25139,1363898756484263936
25140,1363898716613201923
25141,1363898596647723008
25142,1363898576900915203
25143,1363898480759087113
25144,1363898450300047363
25145,1363898439617163272
25146,1363898398185816064
25147,1363898358688079879
25148,1363898337276141571
25149,1363898299632259076
25150,1363898278614564867
25151,1363898255164272646
25152,1363896710460768256
25153,1363895713575370754
25154,1363895228986515463
25155,1363895173869162501
25156,1363895143070371842
25157,1363895029161463809
25158,1363894931987849220
25159,1363894131404271617
25160,1363894033148428288
25161,1363893128260911109
25162,1363892707903561736
25163,1363891921874268163
25164,1363891679019859978
25165,1363890416551145479
25166,1363889000575033349
25167,1363888933302652934
25168,1363888255108845578
25169,1363887076844920834
25170,1363885394845122563
25171,1363884544017981442
25172,1363883635338842123
25173,1363883305968553984
25174,1363883124644577285
25175,1363883029631008768
25176,1363882259657461762
25177,1363881881801027596
25178,1363881643212177411
25179,1363881445194952709
25180,1363880939110170629
25181,1363879379105943555
25182,1363877971694600198
25183,1363874538702991360
25184,1363874439285325827
25185,1363873473953693703
25186,1363873319355834371
25187,1363873203555356675
25188,1363872370356813832
25189,1363872170875752449
25190,1363871919288823811
25191,1363871744193421320
25192,1363871419633917953
25193,1363870756568981505
25194,1363870703724994569
25195,1363869241406066693
25196,1363869190877241344
25197,1363868725745745925
25198,1363868647790432265
25199,1363867884338970626
25200,1363866801403215875
25201,1363866357683675138
25202,1363866258312159232
25203,1363864330471620610
25204,1363863639820795904
25205,1363863484384092161
25206,1363862763035111427
25207,1363862328958189573
25208,1363861818360418304
25209,1363860419404828676
25210,1363860409468477441
25211,1363860024053874688
25212,1363859707774042114
25213,1363859475111804932
25214,1363859328210505729
25215,1363859326511759361
25216,1363859000740167681
25217,1363858895228317699
25218,1363858873610874880
25219,1363858826357837833
25220,1363858685978632195
25221,1363858546144739331
25222,1363857676267114504
25223,1363857670697066497
25224,1363857313535320071
25225,1363857309491990528
25226,1363856748663230470
25227,1363856172357476356
25228,1363855651513004033
25229,1363855415293935616
25230,1363855228152471557
25231,1363854787696087043
25232,1363853190907768832
25233,1363852005840715779
25234,1363851492004872194
25235,1363850782336897024
25236,1363849504756297735
25237,1363849334035513348
25238,1363848620416458760
25239,1363848325540306946
25240,1363848050708533251
25241,1363846673865318404
25242,1363846535507824649
25243,1363846012704546820
25244,1363845375661113350
25245,1363845247793565703
25246,1363844191353208833
25247,1363843697599795201
25248,1363843486794014726
25249,1363843119964434433
25250,1363843080508616704
25251,1363843070559682564
25252,1363843004365221888
25253,1363841287800119301
25254,1363841141393743876
25255,1363841079804628998
25256,1363840967791554560
25257,1363840879526629376
25258,1363839479530852355
25259,1363839469623869444
25260,1363837394424909824
25261,1363836016520536064
25262,1363835937512300553
25263,1363834150852190210
25264,1363833980257206275
25265,1363832193462767617
25266,1363831947311644674
25267,1363831702838206466
25268,1363831693405278208
25269,1363831500001726466
25270,1363831368866758664
25271,1363830952229822469
25272,1363830833514229767
25273,1363829894057234434
25274,1363828387588972544
25275,1363826985806557185
25276,1363826618800762880
25277,1363826424147300356
25278,1363826306878738434
25279,1363825917492158471
25280,1363825868284420103
25281,1363825307103420417
25282,1363824496134750211
25283,1363824469719085058
25284,1363822859215269889
25285,1363822135739826177
25286,1363822085810831365
25287,1363821940398514176
25288,1363821546427580416
25289,1363821320870522883
25290,1363821097171492865
25291,1363820966342705154
25292,1363820416767303683
25293,1363820280850894853
25294,1363819764615950348
25295,1363819691425333251
25296,1363819450013728768
25297,1363819188373098496
25298,1363818994965368838
25299,1363818253001379840
25300,1363816574273134596
25301,1363815462807683072
25302,1363814054561787905
25303,1363813989508149251
25304,1363813975813668864
25305,1363813862152241154
25306,1363813834205626368
25307,1363813798331711495
25308,1363813720590319620
25309,1363813685333000194
25310,1363813660615917569
25311,1363813487428964352
25312,1363813449692835842
25313,1363813420101992452
25314,1363813324186669058
25315,1363811013204865034
25316,1363808872608202754
25317,1363808610875305984
25318,1363808600943124486
25319,1363808477697757184
25320,1363807695686500352
25321,1363807640292384780
25322,1363806995447353344
25323,1363805288873287681
25324,1363804114354728963
25325,1363803477885992967
25326,1363803467916193796
25327,1363802929208115200
25328,1363802919347376128
25329,1363800112506544128
25330,1363799695542353922
25331,1363797441477111809
25332,1363796923350712320
25333,1363796831436607488
25334,1363796522303897604
25335,1363795023431671810
25336,1363794138014056449
25337,1363794128144896002
25338,1363793650501578753
25339,1363793645397286914
25340,1363793459321180160
25341,1363793300252147721
25342,1363792819748495363
25343,1363789028286431232
25344,1363788919033110532
25345,1363788637503188994
25346,1363787534350880768
25347,1363787377374687232
25348,1363786881209671680
25349,1363786771075633152
25350,1363786361921277954
25351,1363785075901538306
25352,1363784964903469058
25353,1363784897324871681
25354,1363784828802519042
25355,1363784592948396032
25356,1363781985966161921
25357,1363781893704069122
25358,1363777849338036225
25359,1363776737293832195
25360,1363776578635800576
25361,1363774367923134464
25362,1363773226615140355
25363,1363771831229046787
25364,1363771025465434114
25365,1363770904656941057
25366,1363770619586830339
25367,1363770347582062594
25368,1363770316355420162
25369,1363770306414968834
25370,1363769719753486337
25371,1363767887752749056
25372,1363766845027864580
25373,1363765464992653314
25374,1363765270528073729
25375,1363764753030647809
25376,1363764263593074689
25377,1363764212028252161
25378,1363762984682717186
25379,1363762954072694789
25380,1363762649956311042
25381,1363762233956839426
25382,1363757133712551939
25383,1363756926597820420
25384,1363756515207897089
25385,1363754918872576003
25386,1363754828040712192
25387,1363753663508992002
25388,1363753551214837760
25389,1363752986783191043
25390,1363752734466469889
25391,1363752721510244352
25392,1363752602962329600
25393,1363751079847092226
25394,1363750855925772288
25395,1363750816163770369
25396,1363750623846498307
25397,1363750599746060290
25398,1363750500580143105
25399,1363750471412940801
25400,1363750445815103488
25401,1363750382871191552
25402,1363750358334513152
25403,1363750304378945539
25404,1363747853819084804
25405,1363743958543724545
25406,1363743948527828993
25407,1363742930922594304
25408,1363741562329563136
25409,1363740405976694784
25410,1363740182390984705
25411,1363740176779010051
25412,1363739093109243904
25413,1363738941938151425
25414,1363738922153635840
25415,1363738867870937088
25416,1363738851068547073
25417,1363738811537178625
25418,1363738764007383041
25419,1363738718419492867
25420,1363738703198306306
25421,1363738651155439618
25422,1363738630188113921
25423,1363738599041163267
25424,1363738554573197312
25425,1363738464433418248
25426,1363738423668965379
25427,1363738367641456640
25428,1363737874185605121
25429,1363736368522919937
25430,1363736360381788162
25431,1363728710852050944
25432,1363728632506707968
25433,1363727768354250752
25434,1363726881170817026
25435,1363726876674576384
25436,1363723443028570112
25437,1363718616269660162
25438,1363716747644272643
25439,1363715959924604929
25440,1363715407463346179
25441,1363706841327280131
25442,1363705059171786752
25443,1363704525773811714
25444,1363700198556459010
25445,1363700116058759169
25446,1363695731094286337
25447,1363690721904119808
25448,1363690301257351173
25449,1363689972574912518
25450,1363688380677189635
25451,1363687778417074179
25452,1363686529135243264
25453,1363685946495959042
25454,1363685688437338112
25455,1363679836292677633
25456,1363679071964651522
25457,1363677908477370369
25458,1363676265325223937
25459,1363673614751592449
25460,1363671677540958210
25461,1363667798648643584
25462,1363661370156195841
25463,1363655824002973697
25464,1363655437711675394
25465,1363655032978169858
25466,1363654132465287171
25467,1363653564535607298
25468,1363652546213068800
25469,1363652223679496192
25470,1363649075921510410
25471,1363648212716969988
25472,1363646448928178176
25473,1363645493469978627
25474,1363644069365317640
25475,1363642343585423361
25476,1363641645900697611
25477,1363635259997306881
25478,1363635213843247107
25479,1363634589382504449
25480,1363633449148571649
25481,1363632929226821633
25482,1363629134862245888
25483,1363628517318098945
25484,1363628403992256514
25485,1363627828852518916
25486,1363627774464974853
25487,1363626157783060481
25488,1363625799920705539
25489,1363625230887960577
25490,1363624482485788675
25491,1363623900643528704
25492,1363623689472851973
25493,1363622496369532930
25494,1363622247383072774
25495,1363621918335766531
25496,1363621780905197572
25497,1363620766424567808
25498,1363619780037640192
25499,1363619666061451264
25500,1363618588926558214
25501,1363618224026353664
25502,1363617939887435776
25503,1363616993035780098
25504,1363615977628438532
25505,1363615338076790793
25506,1363614551653183488
25507,1363614042208804864
25508,1363613232955486209
25509,1363610900331126784
25510,1363610869821812736
25511,1363610728570249216
25512,1363610684584587267
25513,1363609973285093377
25514,1363607499769843714
25515,1363607039130263559
25516,1363602139667443719
25517,1363601891993608192
25518,1363601566314475526
25519,1363601520932106243
25520,1363601318657556480
25521,1363601249887739909
25522,1363601247006294016
25523,1363601246867910656
25524,1363601093704503296
25525,1363600961214775303
25526,1363599055415365638
25527,1363598342983450627
25528,1363597458383732739
25529,1363597057597046787
25530,1363596944547979265
25531,1363596803531304963
25532,1363596798556835848
25533,1363596796061245444
25534,1363596791359410189
25535,1363595852367998980
25536,1363594845940371458
25537,1363593838976147456
25538,1363592575962161154
25539,1363592462963515394
25540,1363592074130522113
25541,1363591462139670532
25542,1363590840476725248
25543,1363590763959967751
25544,1363590216431374336
25545,1363590028904067076
25546,1363589313359921155
25547,1363589124423360514
25548,1363589119876734985
25549,1363589119855759361
25550,1363588960967151623
25551,1363588897414987776
25552,1363588775054606339
25553,1363588769492967424
25554,1363588048932511746
25555,1363587857869332482
25556,1363587434362130435
25557,1363587362236882944
25558,1363586929846059010
25559,1363586853409030146
25560,1363586551419199488
25561,1363585450766700551
25562,1363585339932221440
25563,1363585166938152967
25564,1363584991314075648
25565,1363584940206665740
25566,1363584692444950530
25567,1363584141506322436
25568,1363583700982788099
25569,1363582503487954958
25570,1363582334662963201
25571,1363581990453280773
25572,1363581436075397121
25573,1363581382459596809
25574,1363581369260126208
25575,1363581274565279744
25576,1363579564425940993
25577,1363578489606176773
25578,1363578165378097153
25579,1363576726417145857
25580,1363576211352469514
25581,1363574621128306695
25582,1363574449212166152
25583,1363574129321005058
25584,1363573794644910083
25585,1363573447842963456
25586,1363573137636524039
25587,1363572360117432321
25588,1363572343918968834
25589,1363570462077444099
25590,1363570359971287043
25591,1363568886545866752
25592,1363568799165906947
25593,1363568694190833669
25594,1363568666143563777
25595,1363568647852163075
25596,1363568352157925392
25597,1363568079226212354
25598,1363568008191496197
25599,1363567623959678984
25600,1363567243485937667
25601,1363567175366299656
25602,1363567153165778950
25603,1363567114452402182
25604,1363567082907054090
25605,1363567044277530630
25606,1363567002082832386
25607,1363566969258184706
25608,1363566925658419203
25609,1363566888069046272
25610,1363566848214769666
25611,1363566827016761354
25612,1363566807177695235
25613,1363566779008770048
25614,1363566582623002627
25615,1363566369351102464
25616,1363565147877494787
25617,1363565074707841029
25618,1363564142792220673
25619,1363563919210651656
25620,1363561817377632256
25621,1363561681562071042
25622,1363561617284292610
25623,1363560762795569168
25624,1363560200599465990
25625,1363559320324087808
25626,1363559120213786630
25627,1363558916492255232
25628,1363558386361589761
25629,1363558377922719749
25630,1363558308897038340
25631,1363558264584228865
25632,1363558165304991746
25633,1363558097223049219
25634,1363558054361501699
25635,1363557951961710592
25636,1363557881040297985
25637,1363557808864690180
25638,1363557750115033088
25639,1363557740396900354
25640,1363556741665984513
25641,1363554710188359685
25642,1363554046699692033
25643,1363553985060368394
25644,1363553959517048832
25645,1363553933168377862
25646,1363552978716798977
25647,1363552894746824710
25648,1363552499509116929
25649,1363552326557065219
25650,1363552298119626755
25651,1363552202451779588
25652,1363552020532236289
25653,1363551985958543364
25654,1363551951464632330
25655,1363551935928938497
25656,1363551900554125313
25657,1363551866806796293
25658,1363551761542316032
25659,1363551718668124162
25660,1363551676477689861
25661,1363550876137381890
25662,1363550212732710917
25663,1363550020126060546
25664,1363547646741385218
25665,1363547174454362119
25666,1363546297953886208
25667,1363545643373977604
25668,1363544649277853697
25669,1363544627266154496
25670,1363544528741945353
25671,1363544500795285506
25672,1363544468650156033
25673,1363544087593426951
25674,1363544064969310211
25675,1363544032085966858
25676,1363543919942922243
25677,1363543819673874435
25678,1363543794579349505
25679,1363543728552615937
25680,1363543224430780422
25681,1363542963620638722
25682,1363542823845388292
25683,1363542798092414979
25684,1363542729519693827
25685,1363542705951944706
25686,1363542657528700932
25687,1363542613505302529
25688,1363541512513073161
25689,1363541495479992323
25690,1363540337097121793
25691,1363540235615936513
25692,1363540177642262530
25693,1363540078715412480
25694,1363540050219307011
25695,1363540030824800258
25696,1363540002915909636
25697,1363539974503755776
25698,1363539963040694272
25699,1363539954870202374
25700,1363539885542567938
25701,1363539834875355136
25702,1363539806878367748
25703,1363539784052932610
25704,1363539752155234308
25705,1363539718147870725
25706,1363539646106529793
25707,1363539597842665474
25708,1363539569094885377
25709,1363539542469455873
25710,1363538797103841281
25711,1363536975698006018
25712,1363536127991443464
25713,1363534762997149697
25714,1363533812920176644
25715,1363532846707732480
25716,1363532518826328064
25717,1363532163015077889
25718,1363531967795507210
25719,1363531957733191682
25720,1363531806524534790
25721,1363531396539686913
25722,1363530578058952715
25723,1363530552578564102
25724,1363530054446284802
25725,1363529790062534656
25726,1363528897543872515
25727,1363527580561727495
25728,1363526069756825602
25729,1363526023070023681
25730,1363525738171875328
25731,1363525621951975425
25732,1363523991252664321
25733,1363523379786108935
25734,1363522250494775296
25735,1363522114385563650
25736,1363522033636802564
25737,1363521556194983940
25738,1363521220726161412
25739,1363520954392072195
25740,1363520943126151168
25741,1363520147517018114
25742,1363519987982417920
25743,1363519575464239104
25744,1363519532913090563
25745,1363519522989363200
25746,1363519022420140035
25747,1363518320767606785
25748,1363518183097982978
25749,1363517141480337412
25750,1363516748906004484
25751,1363516668241203201
25752,1363515820815642624
25753,1363515804730466306
25754,1363514566613762049
25755,1363514386564993027
25756,1363513992434634753
25757,1363513604675354625
25758,1363513017913266185
25759,1363512234660556805
25760,1363511935216480260
25761,1363509405686390785
25762,1363508778646216716
25763,1363508676343037955
25764,1363508492451999744
25765,1363506790399410179
25766,1363506022367649796
25767,1363503749151395841
25768,1363503439297318915
25769,1363503356782731265
25770,1363502810977992709
25771,1363502808645959682
25772,1363502806435512320
25773,1363502379535134721
25774,1363501530951876609
25775,1363500666447101953
25776,1363500369066795020
25777,1363499516226392069
25778,1363499039573102595
25779,1363498273319903238
25780,1363498263391965184
25781,1363497741255663617
25782,1363497494718603270
25783,1363497430826770434
25784,1363497181441843207
25785,1363497171505590273
25786,1363496865203970048
25787,1363496650543611904
25788,1363496326009397250
25789,1363496197953003523
25790,1363495812349779968
25791,1363495279425650691
25792,1363494869486944260
25793,1363494691925200900
25794,1363494391902572544
25795,1363492239054430208
25796,1363492227515842567
25797,1363491162548408325
25798,1363489399812612105
25799,1363489102058946560
25800,1363488325466796033
25801,1363487387553210369
25802,1363485795693195266
25803,1363483974153166850
25804,1363483296815005696
25805,1363482616847077379
25806,1363482007385309184
25807,1363481540152418309
25808,1363481482107498497
25809,1363479984577392647
25810,1363479840544985088
25811,1363479501997506566
25812,1363479408976277504
25813,1363479249391407107
25814,1363477332221177856
25815,1363476746415333377
25816,1363476471600283648
25817,1363476461613629441
25818,1363476287139028999
25819,1363474852393402375
25820,1363474787545325570
25821,1363472761688100864
25822,1363472643698143233
25823,1363472257612398594
25824,1363471598322388999
25825,1363471292188545026
25826,1363471174953484292
25827,1363471024780632064
25828,1363470643925307392
25829,1363470222682914823
25830,1363469924086263811
25831,1363468868597997576
25832,1363468782031749121
25833,1363467685351276546
25834,1363467324175642627
25835,1363467293213274113
25836,1363464750114381827
25837,1363464423642460163
25838,1363463654398697472
25839,1363463480171405315
25840,1363462221846564867
25841,1363461664054648832
25842,1363461234474049541
25843,1363458127660797952
25844,1363456929809502209
25845,1363456864902651904
25846,1363456268015460352
25847,1363455413941915650
25848,1363454989620887554
25849,1363453232673136645
25850,1363453208857874432
25851,1363452750412054529
25852,1363451678100488196
25853,1363450331519209472
25854,1363450264024461313
25855,1363447620551798786
25856,1363447385758846976
25857,1363446244434132993
25858,1363446201912332288
25859,1363445340465229825
25860,1363445297763004422
25861,1363445074600865798
25862,1363444626468831232
25863,1363444082702450688
25864,1363443374519431168
25865,1363442422274023428
25866,1363442093222428675
25867,1363441275370881029
25868,1363441265157812226
25869,1363441255317987328
25870,1363440751347130376
25871,1363440230246809600
25872,1363438998182592512
25873,1363437478221410304
25874,1363435617393254401
25875,1363435443975573504
25876,1363434761251926018
25877,1363433897900523523
25878,1363432421165793283
25879,1363432195285737472
25880,1363432098447691778
25881,1363431651095810048
25882,1363431338263642113
25883,1363428942280065026
25884,1363428932373123073
25885,1363428253709467653
25886,1363425706248667137
25887,1363424989299490817
25888,1363424473110749184
25889,1363423698691059719
25890,1363423214714691585
25891,1363423005385388038
25892,1363422625578557443
25893,1363420012116074504
25894,1363418576934170624
25895,1363418233156550657
25896,1363418096225169408
25897,1363416636812894213
25898,1363415700505833473
25899,1363415386281168897
25900,1363415249416818689
25901,1363414748965011457
25902,1363414445234540545
25903,1363414407133286401
25904,1363414194926796801
25905,1363413347748745218
25906,1363413323648278531
25907,1363411308725624834
25908,1363410732294037507
25909,1363409557402181632
25910,1363409427089551360
25911,1363409384135663617
25912,1363408516279631875
25913,1363407601699090435
25914,1363407005092769796
25915,1363401851706761217
25916,1363400032611930113
25917,1363399650611499010
25918,1363398439111962626
25919,1363398049553391621
25920,1363397486270963712
25921,1363397045558599681
25922,1363396788682584065
25923,1363396084333166594
25924,1363396064787771396
25925,1363395912286937093
25926,1363395745714421761
25927,1363395522212593664
25928,1363393674281951234
25929,1363389008684924928
25930,1363387330707542020
25931,1363386752535298048
25932,1363386437626920962
25933,1363385614268329984
25934,1363385329730932736
25935,1363382739500687361
25936,1363382642377330691
25937,1363380810078912513
25938,1363379444665171968
25939,1363375312285933569
25940,1363375238147411969
25941,1363372542304526338
25942,1363366564809093122
25943,1363366501638668290
25944,1363363591668252673
25945,1363362047661072386
25946,1363357819785904133
25947,1363356525285285891
25948,1363351054524497922
25949,1363345398618808324
25950,1363337641534619651
25951,1363333757080657920
25952,1363333533587111938
25953,1363333345577476100
25954,1363333223401611266
25955,1363332557127966728
25956,1363332500647522305
25957,1363331929756606465
25958,1363327912116649986
25959,1363325628922138628
25960,1363324596057964546
25961,1363323272541134849
25962,1363323055112609793
25963,1363322558557356032
25964,1363318323543347203
25965,1363315905162317827
25966,1363315556183597056
25967,1363314013329887236
25968,1363313126775660547
25969,1363313093502197771
25970,1363313021381181440
25971,1363310925776879618
25972,1363310546632728578
25973,1363310331204886533
25974,1363309960415830016
25975,1363309938001518597
25976,1363309614146543623
25977,1363309588586635267
25978,1363309407304581122
25979,1363309402208555008
25980,1363309364271079430
25981,1363309293789974528
25982,1363305320378818560
25983,1363304906334097415
25984,1363304866861449217
25985,1363304112436236290
25986,1363301552883195907
25987,1363300741553803264
25988,1363300683630452737
25989,1363297657448517633
25990,1363297580747227137
25991,1363293180041519104
25992,1363291409730703366
25993,1363285589974536195
25994,1363284651771650048
25995,1363283451944849413
25996,1363283114919886848
25997,1363283098985783297
25998,1363282969306271744
25999,1363282888012271617
26000,1363282810312744963
26001,1363282722156929027
26002,1363282660123115520
26003,1363282406938206209
26004,1363282170547216388
26005,1363282071142203395
26006,1363281891282067468
26007,1363281850865774596
26008,1363281769441742851
26009,1363281724487131138
26010,1363281692572680192
26011,1363281512007929856
26012,1363281509789147139
26013,1363281438750162945
26014,1363281360237039618
26015,1363281304939335682
26016,1363281216158511104
26017,1363281121816047623
26018,1363281033702105091
26019,1363281009920389124
26020,1363280935874146306
26021,1363280891116740615
26022,1363280820119760898
26023,1363280791954989056
26024,1363280773957083138
26025,1363280733050187777
26026,1363280699571191808
26027,1363280670831820802
26028,1363280641119449091
26029,1363280612455546886
26030,1363280541936717828
26031,1363280467894632449
26032,1363280456913928194
26033,1363280426543042560
26034,1363280357517328386
26035,1363280313967915010
26036,1363280278563782663
26037,1363280253326659588
26038,1363280204530151424
26039,1363280168966578176
26040,1363275891208552450
26041,1363275761323540483
26042,1363275693925269504
26043,1363274654798995459
26044,1363271440427061250
26045,1363271046238003207
26046,1363269866162110468
26047,1363264287158992900
26048,1363263524995276803
26049,1363263510818471936
26050,1363262531079438340
26051,1363261370851074048
26052,1363259869395095555
26053,1363258258505551874
26054,1363255009874427905
26055,1363252977004404736
26056,1363250552965103619
26057,1363250348123693056
26058,1363250262861873155
26059,1363250048948133889
26060,1363249712745316354
26061,1363249570487160832
26062,1363249150708633605
26063,1363248784797560833
26064,1363248625380446211
26065,1363248429145686020
26066,1363248331535826947
26067,1363248203047591936
26068,1363248012743618561
26069,1363247057562079235
26070,1363246625347547145
26071,1363245757982257152
26072,1363245718236987399
26073,1363245664042442753
26074,1363245635370156038
26075,1363245567229493252
26076,1363245420735037440
26077,1363245374102777859
26078,1363245335796195331
26079,1363245307052621830
26080,1363245250546909184
26081,1363244437183361025
26082,1363244083687411713
26083,1363244078465490948
26084,1363241969955328006
26085,1363241946563698694
26086,1363240768937287686
26087,1363240762784235521
26088,1363240455463436292
26089,1363240413231009792
26090,1363238624863649799
26091,1363238447771619330
26092,1363236356567289858
26093,1363236035702964231
26094,1363234325270040579
26095,1363233960931844100
26096,1363233719595769859
26097,1363233689728073731
26098,1363233620324978690
26099,1363233600796307456
26100,1363233513768701959
26101,1363233450342416385
26102,1363232217045102592
26103,1363232192193781763
26104,1363232154403155968
26105,1363232111717679111
26106,1363232051957272581
26107,1363231798122184706
26108,1363231685177974787
26109,1363231499189972999
26110,1363231471771787265
26111,1363231447901995010
26112,1363231416725753856
26113,1363231364368265216
26114,1363231340284555266
26115,1363231128589631489
26116,1363231097836998659
26117,1363231074323726336
26118,1363230989607178240
26119,1363230937459400709
26120,1363230812494299139
26121,1363230761936187392
26122,1363230737001046018
26123,1363230619510075393
26124,1363230614208528386
26125,1363230590087139332
26126,1363230559741296640
26127,1363230507388055559
26128,1363230430426771474
26129,1363230122610950148
26130,1363230064071049217
26131,1363229979341975560
26132,1363229958953435138
26133,1363229930276937736
26134,1363229806163329028
26135,1363229787712544769
26136,1363229745475895296
26137,1363229711791517701
26138,1363229681139515392
26139,1363229646171623426
26140,1363229602257264648
26141,1363229588344737792
26142,1363229563246030848
26143,1363229544522604545
26144,1363229502487330817
26145,1363229467880128515
26146,1363229432622759937
26147,1363229370329014274
26148,1363229337659473922
26149,1363229314712485895
26150,1363229190674391044
26151,1363229165776945156
26152,1363229150157357064
26153,1363229140225253382
26154,1363229125557813248
26155,1363229100354260994
26156,1363229089520320516
26157,1363229053159882752
26158,1363229037884243973
26159,1363228869822730245
26160,1363228710200086532
26161,1363228662703812608
26162,1363228632597037058
26163,1363228295169527808
26164,1363227745443057667
26165,1363227223117991936
26166,1363226957073252358
26167,1363226749597855747
26168,1363226659068014596
26169,1363226649706307587
26170,1363226425168449543
26171,1363226406495387658
26172,1363226319945924613
26173,1363226297317666816
26174,1363226228422037505
26175,1363226161820663822
26176,1363225336574595073
26177,1363225331600142341
26178,1363223175715303430
26179,1363222373051338759
26180,1363221179700543490
26181,1363220903102996493
26182,1363220273185619979
26183,1363219382688768006
26184,1363219175129440258
26185,1363218901161684998
26186,1363218250314711044
26187,1363217979631161348
26188,1363217883661271051
26189,1363217753340018696
26190,1363217632065912839
26191,1363216968153759747
26192,1363216857084424194
26193,1363216038465204225
26194,1363215760844353540
26195,1363215434988867588
26196,1363214758837633029
26197,1363214558446432259
26198,1363213835193249794
26199,1363212462674219019
26200,1363212343996542978
26201,1363212313474531329
26202,1363212126802829312
26203,1363211599587250176
26204,1363211512052133900
26205,1363211360839041029
26206,1363209669670535170
26207,1363209536962707459
26208,1363208558062542849
26209,1363207770309328897
26210,1363207196792811524
26211,1363206403385655296
26212,1363206284653326340
26213,1363205530609537025
26214,1363204312395112454
26215,1363204272100286475
26216,1363202223833026560
26217,1363201064447733761
26218,1363200472543350784
26219,1363198770947760129
26220,1363197504662228996
26221,1363196743274348550
26222,1363196192306450439
26223,1363195656291115012
26224,1363194114980814850
26225,1363192427113304071
26226,1363192383546908673
26227,1363191949105242120
26228,1363191489673723904
26229,1363190771810267138
26230,1363190578008137728
26231,1363189712714944512
26232,1363187113009811471
26233,1363185917708496896
26234,1363185797952901120
26235,1363185397694668801
26236,1363185203787800577
26237,1363185163979526147
26238,1363183128932737031
26239,1363182967246499842
26240,1363181729029193730
26241,1363181622728790022
26242,1363181388468469764
26243,1363180385702674432
26244,1363180366341812228
26245,1363180358494277634
26246,1363179639523467268
26247,1363179436024209412
26248,1363179108604276744
26249,1363179097418059784
26250,1363178740033929216
26251,1363177883309662217
26252,1363177369436045312
26253,1363177326746472450
26254,1363177298191613955
26255,1363177136161501186
26256,1363176326547599363
26257,1363176237406052359
26258,1363175554187464711
26259,1363174448124334084
26260,1363174241278038026
26261,1363173569702813699
26262,1363173512521932802
26263,1363172902355542018
26264,1363172815894110212
26265,1363172507050774531
26266,1363172433436553216
26267,1363172204922470403
26268,1363171988613775361
26269,1363171972302196746
26270,1363171567782486017
26271,1363171563017805830
26272,1363171497121116160
26273,1363171308079570950
26274,1363170998544121858
26275,1363170389380186113
26276,1363169973506629635
26277,1363169909639946241
26278,1363167636864053248
26279,1363165982055890946
26280,1363164181705486336
26281,1363164162474598402
26282,1363164100491149313
26283,1363164086213763072
26284,1363163843099324425
26285,1363162912085471234
26286,1363162491962994688
26287,1363161397669068800
26288,1363161375774801923
26289,1363161230551244800
26290,1363159876755726342
26291,1363159073630408712
26292,1363159015040114689
26293,1363158896462946304
26294,1363157925754200068
26295,1363156826263552007
26296,1363156465431805954
26297,1363155376888287236
26298,1363154842013818881
26299,1363153289521606657
26300,1363152440615346182
26301,1363152364908269578
26302,1363151559312494595
26303,1363151224334344201
26304,1363151214381252618
26305,1363149957184782338
26306,1363149064024584196
26307,1363148772893749252
26308,1363147120056954889
26309,1363144512709812225
26310,1363144415573929986
26311,1363144337777958913
26312,1363143301147340811
26313,1363143017943736331
26314,1363141932227194885
26315,1363141742501978114
26316,1363140927888449538
26317,1363140255860350981
26318,1363139812484595713
26319,1363138173019258881
26320,1363137906441912324
26321,1363137679618146307
26322,1363136313210380289
26323,1363136085140922368
26324,1363135829640683520
26325,1363135754117996545
26326,1363135517924200451
26327,1363135242979147777
26328,1363135139216191492
26329,1363134977118986242
26330,1363134804691193858
26331,1363134562969223171
26332,1363132993125158915
26333,1363132397626261507
26334,1363132324104265738
26335,1363130579307421698
26336,1363130193490153472
26337,1363130184807960580
26338,1363130067698737154
26339,1363129544878809095
26340,1363129402192769025
26341,1363129347163447296
26342,1363128963829219330
26343,1363128197563490305
26344,1363127919577546752
26345,1363127822747901955
26346,1363127664492634122
26347,1363126873706942464
26348,1363120655802249217
26349,1363120440433139713
26350,1363120129316380672
26351,1363119966661144578
26352,1363118562022424578
26353,1363118453830393859
26354,1363118418665349120
26355,1363116926935982082
26356,1363116599478263809
26357,1363116180005937155
26358,1363116080441552896
26359,1363115850077777920
26360,1363114251787915265
26361,1363113572008677376
26362,1363112496354197510
26363,1363112084096118787
26364,1363111560735035392
26365,1363111360612208640
26366,1363111203392864259
26367,1363110825389658112
26368,1363110731680514048
26369,1363109815409606657
26370,1363109784086528000
26371,1363109517333037059
26372,1363108185620557824
26373,1363107928950116355
26374,1363107613962027009
26375,1363107542205927424
26376,1363107259891535873
26377,1363107157072359427
26378,1363106586131103746
26379,1363106540635439106
26380,1363106496104562688
26381,1363106434926473222
26382,1363106385798582273
26383,1363106362398543878
26384,1363106329485864963
26385,1363106133439881224
26386,1363106051948740611
26387,1363105845354102787
26388,1363105447889223681
26389,1363105357074206722
26390,1363104819737681920
26391,1363104640791965696
26392,1363104110061498369
26393,1363103362770563073
26394,1363102457463791617
26395,1363100863607296002
26396,1363099855820890112
26397,1363099338990260224
26398,1363099274037329922
26399,1363099205359788032
26400,1363098912807133184
26401,1363098329475911681
26402,1363098206486343681
26403,1363096847355682820
26404,1363096546405924864
26405,1363096520166420481
26406,1363096166116769792
26407,1363096074026680323
26408,1363094843153674240
26409,1363093820720766977
26410,1363093760456990722
26411,1363093752710062082
26412,1363093729775616001
26413,1363093704408449026
26414,1363093679112671233
26415,1363093464888602624
26416,1363093432177225728
26417,1363093139054067712
26418,1363092868076883969
26419,1363092836007223311
26420,1363092739735375873
26421,1363092663277416450
26422,1363092633804034051
26423,1363092603030372352
26424,1363092552572928003
26425,1363092521094643713
26426,1363092481110380544
26427,1363092457165053952
26428,1363092296456142850
26429,1363092263690252288
26430,1363092257537196039
26431,1363092220992245761
26432,1363092034584780801
26433,1363092000854138882
26434,1363091948328861696
26435,1363091889503801344
26436,1363091833753108482
26437,1363091652475293700
26438,1363091630987837442
26439,1363091439857635332
26440,1363091007747809280
26441,1363090691124064258
26442,1363089503674658818
26443,1363089439027822593
26444,1363088886054809602
26445,1363088516851392513
26446,1363088052541874179
26447,1363087290583638020
26448,1363087177077452800
26449,1363085121478418433
26450,1363083864474865667
26451,1363083478921805826
26452,1363082565532401669
26453,1363081159282941953
26454,1363080812757983232
26455,1363080556964175877
26456,1363078776201109504
26457,1363077206881300481
26458,1363076580323565570
26459,1363074868762316801
26460,1363074274161008642
26461,1363074183824039941
26462,1363073220577009669
26463,1363069881109856256
26464,1363069253721731072
26465,1363068991036674055
26466,1363067942846550016
26467,1363067720770723840
26468,1363067118904889344
26469,1363065820558069761
26470,1363065817659768832
26471,1363065626915442692
26472,1363064822246608897
26473,1363064371795083264
26474,1363064290756988929
26475,1363064232707727368
26476,1363064114692653056
26477,1363063541331341315
26478,1363063481449259009
26479,1363063471554887684
26480,1363063449098551296
26481,1363061629399621637
26482,1363060849112408065
26483,1363060843890561025
26484,1363060837993299968
26485,1363060240607039488
26486,1363060234617552896
26487,1363059568746536967
26488,1363059461926105088
26489,1363059437351690241
26490,1363058726182207489
26491,1363057815099703298
26492,1363056751642312704
26493,1363056741689221126
26494,1363056070936190976
26495,1363056065169027072
26496,1363056060400033796
26497,1363055269060759556
26498,1363055201486307328
26499,1363054140801372161
26500,1363052750242795523
26501,1363052541852942339
26502,1363052138109272067
26503,1363051791835889665
26504,1363050763690344448
26505,1363050263746142208
26506,1363047572550668288
26507,1363047568020807680
26508,1363047562471702529
26509,1363047055762014214
26510,1363046860844376065
26511,1363044854025101322
26512,1363044285445210113
26513,1363041457528049664
26514,1363040231411380227
26515,1363039455247028224
26516,1363039446736785408
26517,1363039446388604928
26518,1363039394161188864
26519,1363038751652515842
26520,1363036044233498624
26521,1363035666423054338
26522,1363035663122243587
26523,1363034937989992449
26524,1363034281275228160
26525,1363033032286994433
26526,1363031026621050883
26527,1363030774245638146
26528,1363029232226566147
26529,1363028992006193152
26530,1363026755947294720
26531,1363024833404100614
26532,1363024336345530368
26533,1363021853753823233
26534,1363019012074999811
26535,1363017881231966209
26536,1363016699553996802
26537,1363015059425869827
26538,1363011954151981056
26539,1363011515775770625
26540,1363008083849543681
26541,1363005541086339072
26542,1363005461956497409
26543,1363001823796162562
26544,1362997806798172160
26545,1362984423977873409
26546,1362982365606391809
26547,1362980214071062532
26548,1362978213274738688
26549,1362975761498574848
26550,1362964209584209924
26551,1362962710472888333
26552,1362961493667569665
26553,1362961491448786944
26554,1362961170626273289
26555,1362959765358444544
26556,1362957689060474889
26557,1362957673478713345
26558,1362956404223434758
26559,1362955914794438658
26560,1362953828576944128
26561,1362953217680801796
26562,1362952688355409923
26563,1362952647507128321
26564,1362949746864902145
26565,1362948670656757760
26566,1362946968864063491
26567,1362945068647202816
26568,1362943781276946439
26569,1362941926891085832
26570,1362940544364793857
26571,1362938696354459649
26572,1362934537844633600
26573,1362934496723673090
26574,1362932335621079042
26575,1362932170030014466
26576,1362930382526636034
26577,1362929966019538950
26578,1362929004857155584
26579,1362928653378740228
26580,1362924581749719042
26581,1362923787453366273
26582,1362923308883312641
26583,1362922298659905538
26584,1362921530087342082
26585,1362918918227193859
26586,1362918733304500238
26587,1362918661753823237
26588,1362918591000178689
26589,1362918568359297025
26590,1362918562143305732
26591,1362918310271197184
26592,1362918265585033216
26593,1362918144738799617
26594,1362918090468638721
26595,1362918068125597701
26596,1362917175753908226
26597,1362916895826010112
26598,1362913286719733761
26599,1362912351331225608
26600,1362912019381370885
26601,1362909551385788418
26602,1362909385882800131
26603,1362909202948194304
26604,1362908578932289536
26605,1362903374711128065
26606,1362902849018068993
26607,1362902794378891271
26608,1362902509237452806
26609,1362901227995099139
26610,1362899979745034240
26611,1362898398861537283
26612,1362897191145267201
26613,1362896467057344515
26614,1362896128304275457
26615,1362895772799430661
26616,1362895727660314628
26617,1362895506662391813
26618,1362895481991479301
26619,1362895430888087553
26620,1362895342304436226
26621,1362895309697875968
26622,1362895280761434113
26623,1362895154110169090
26624,1362895092957257729
26625,1362895047667113990
26626,1362895004100931584
26627,1362894955006611459
26628,1362894905903833101
26629,1362894886341660673
26630,1362894780854919174
26631,1362894686101393409
26632,1362894660092514304
26633,1362894582665646081
26634,1362894547982901251
26635,1362894499165396996
26636,1362894460858810376
26637,1362894389316628487
26638,1362894368106020867
26639,1362894341061156864
26640,1362894031458619400
26641,1362893987938512905
26642,1362892209373278209
26643,1362888440950394881
26644,1362888062389411853
26645,1362887222043824130
26646,1362886532697317381
26647,1362884183715110912
26648,1362883622336946181
26649,1362882936631160833
26650,1362881785760079872
26651,1362881784728326146
26652,1362881782727598080
26653,1362879985636237323
26654,1362879269865725952
26655,1362878546444750849
26656,1362878329238487047
26657,1362877854074236928
26658,1362876884250468357
26659,1362876484466188288
26660,1362875631244050434
26661,1362873575116521474
26662,1362871598806663170
26663,1362871274893156355
26664,1362871119217319943
26665,1362870626105581568
26666,1362870453602238466
26667,1362870290615848960
26668,1362867932380995585
26669,1362867573910552577
26670,1362866871058448385
26671,1362866226607906820
26672,1362864724463992838
26673,1362864104868839426
26674,1362862730668089348
26675,1362862566146514946
26676,1362862481073405956
26677,1362862070291652611
26678,1362861964456820742
26679,1362860252341952516
26680,1362859773876707328
26681,1362859591533531137
26682,1362858882368962560
26683,1362858564444946444
26684,1362858543183986689
26685,1362857405554569231
26686,1362857239258759171
26687,1362857061277704195
26688,1362855324013760513
26689,1362855057360887824
26690,1362854907309682689
26691,1362854242038464519
26692,1362850700074512384
26693,1362850026477805577
26694,1362849681169125378
26695,1362849166225989637
26696,1362849086601392130
26697,1362847579696947202
26698,1362845921059303424
26699,1362845919838752768
26700,1362845710429933569
26701,1362843804693393410
26702,1362843286428352514
26703,1362842595320344577
26704,1362842350616199173
26705,1362841377504190467
26706,1362841315084562439
26707,1362841301138501633
26708,1362840399929356295
26709,1362839870318800900
26710,1362839508564070401
26711,1362838351544520709
26712,1362837677159104512
26713,1362837421692485633
26714,1362837411722649605
26715,1362837151478644745
26716,1362836730563465216
26717,1362836622887292931
26718,1362836536287461392
26719,1362836339612413957
26720,1362835592971776001
26721,1362834334546296832
26722,1362834277457670151
26723,1362833213027155968
26724,1362831201191387137
26725,1362831199811424256
26726,1362831037315784706
26727,1362830971637227520
26728,1362830335524937733
26729,1362830090086793216
26730,1362830034252267523
26731,1362828652862459905
26732,1362828387400695808
26733,1362828163420721152
26734,1362827741360488450
26735,1362827115687780359
26736,1362827027766738945
26737,1362826981289639940
26738,1362826961987506187
26739,1362826943536726017
26740,1362826910754091016
26741,1362826799416303616
26742,1362826621514903556
26743,1362826582281383939
26744,1362826560772984832
26745,1362826350298595330
26746,1362824017867132931
26747,1362823741240205313
26748,1362822105373499395
26749,1362822041238441996
26750,1362821989321302016
26751,1362821859495051264
26752,1362821821695991812
26753,1362821756394885122
26754,1362821710634958849
26755,1362821636043456515
26756,1362821593169281029
26757,1362821505533554690
26758,1362821430061195270
26759,1362821373081640967
26760,1362821372452438016
26761,1362821133813374981
26762,1362820887163133953
26763,1362819020479733766
26764,1362817980992802818
26765,1362817380884316161
26766,1362816874266910731
26767,1362816718427410432
26768,1362816401791156234
26769,1362816165454753793
26770,1362815166669344770
26771,1362814992454537216
26772,1362814947802103809
26773,1362812951275651076
26774,1362812394645381120
26775,1362812346528317441
26776,1362811787234533376
26777,1362810961011310592
26778,1362810628625166338
26779,1362810603459477510
26780,1362810191545262080
26781,1362810156384411649
26782,1362809912217264128
26783,1362809755559989248
26784,1362809209587433481
26785,1362809180650754049
26786,1362808126320365569
26787,1362807293058953224
26788,1362806423189676032
26789,1362805799211266049
26790,1362805751236993026
26791,1362804106365173760
26792,1362803955206660102
26793,1362803362325008386
26794,1362802265669726225
26795,1362802037746974725
26796,1362801828719648775
26797,1362801157316427777
26798,1362799900266799109
26799,1362799897154629638
26800,1362799229748535303
26801,1362798634543304713
26802,1362798238881964035
26803,1362797764208455686
26804,1362797708269015041
26805,1362797642238091264
26806,1362797604254457860
26807,1362797572990115842
26808,1362797527263756290
26809,1362797468803608578
26810,1362797437119848453
26811,1362797386461024256
26812,1362796954342854656
26813,1362796716911697923
26814,1362795668654460928
26815,1362793969084678146
26816,1362793923102531586
26817,1362793585599520770
26818,1362793376131776512
26819,1362793353742589952
26820,1362793304589484032
26821,1362793297400508417
26822,1362793157038125078
26823,1362793009692172290
26824,1362793006911410179
26825,1362792968667725826
26826,1362791586548101125
26827,1362790340198076418
26828,1362790305766940679
26829,1362788904311672833
26830,1362788750938537987
26831,1362788219595685892
26832,1362788186129395718
26833,1362787983523520512
26834,1362787645093535751
26835,1362787590693339143
26836,1362787301223321608
26837,1362787276145713162
26838,1362787076077481984
26839,1362786629816057868
26840,1362784659806040065
26841,1362784074910195712
26842,1362784051007025157
26843,1362783177769689089
26844,1362781886297292800
26845,1362781122720112641
26846,1362780927970185218
26847,1362780322295926789
26848,1362779496936574977
26849,1362779361435410436
26850,1362779343806693376
26851,1362779221668614148
26852,1362778457697120261
26853,1362778323546497033
26854,1362778173084155904
26855,1362778054104342532
26856,1362778044591661059
26857,1362778044168105989
26858,1362778024924639236
26859,1362778017651707910
26860,1362777985942749185
26861,1362777786201628678
26862,1362776453268590601
26863,1362776009918005257
26864,1362773877387108353
26865,1362773225315401747
26866,1362772678533279746
26867,1362771988712988674
26868,1362770656463642628
26869,1362770524451966981
26870,1362770277168521219
26871,1362770050646757407
26872,1362769947919863809
26873,1362769915703345163
26874,1362769855502557189
26875,1362768931262464002
26876,1362768903462617090
26877,1362767679095001089
26878,1362767383279132677
26879,1362766513900580867
26880,1362766346325544961
26881,1362766039537352704
26882,1362765129411158019
26883,1362764663780474883
26884,1362764180194029578
26885,1362764170177970178
26886,1362763582367227908
26887,1362763171329691652
26888,1362763156762820609
26889,1362762961727729667
26890,1362762808358805504
26891,1362762798397349890
26892,1362762408025092097
26893,1362761972748591104
26894,1362761752308576258
26895,1362761654002475017
26896,1362761442001358850
26897,1362761359889489922
26898,1362761255824547841
26899,1362760602976997387
26900,1362760341055299592
26901,1362760224386523136
26902,1362759144474828803
26903,1362759023204958216
26904,1362758939553767424
26905,1362757715567796228
26906,1362756990838128640
26907,1362756943438254084
26908,1362755738339319809
26909,1362755516477366273
26910,1362755297606041620
26911,1362754862144970757
26912,1362754842276552704
26913,1362754727981813765
26914,1362754592400891905
26915,1362754556501852166
26916,1362754429007634432
26917,1362754250774822914
26918,1362753641946509313
26919,1362753599625814016
26920,1362753296549617673
26921,1362753224021864456
26922,1362753214098120704
26923,1362752792696397826
26924,1362752486327668738
26925,1362751782850617348
26926,1362751298114846720
26927,1362751238572539910
26928,1362750682118447104
26929,1362750660047994895
26930,1362750618012692481
26931,1362750300084338694
26932,1362750211207159809
26933,1362750062552641538
26934,1362749821451395073
26935,1362749572385300484
26936,1362749562293780480
26937,1362749535546654720
26938,1362749300934074368
26939,1362749209724731392
26940,1362749159237955584
26941,1362749111171231744
26942,1362748990140293121
26943,1362748671872409605
26944,1362748606143463432
26945,1362748577202733058
26946,1362748469170098177
26947,1362747077810397188
26948,1362746865096286209
26949,1362746855176761345
26950,1362746639258161152
26951,1362746585659154432
26952,1362746406398754818
26953,1362746362346012675
26954,1362746249028505603
26955,1362745453599678471
26956,1362745382455812096
26957,1362744999973019655
26958,1362744996252672007
26959,1362744740257611781
26960,1362744712503918600
26961,1362744650143064068
26962,1362744529108029445
26963,1362744519666634754
26964,1362744322668584961
26965,1362742877802164224
26966,1362742592828563471
26967,1362742439002439680
26968,1362742333192691718
26969,1362742169996517378
26970,1362741870720409603
26971,1362741804030963715
26972,1362741617388642310
26973,1362741497003671556
26974,1362741445157916674
26975,1362741373527601158
26976,1362741358742634502
26977,1362741308830478336
26978,1362741288941072384
26979,1362741149056835584
26980,1362741148675158021
26981,1362741107675844609
26982,1362741030701916167
26983,1362741004042928131
26984,1362740874543792128
26985,1362740474826665984
26986,1362740415477202945
26987,1362740337794547712
26988,1362739925628649474
26989,1362739729431724039
26990,1362739709529718785
26991,1362739654869602305
26992,1362739609873088518
26993,1362739609017409537
26994,1362739538481860611
26995,1362739473361084418
26996,1362739378720768010
26997,1362738900129763331
26998,1362738574429462533
26999,1362738543701942274
27000,1362738169926541316
27001,1362737484052987907
27002,1362737433348083714
27003,1362737377492553735
27004,1362737146424139778
27005,1362737100752384001
27006,1362737062739406851
27007,1362736949405102082
27008,1362736907382366210
27009,1362736882296233986
27010,1362736794354253825
27011,1362736739316547585
27012,1362736677748412418
27013,1362736675068207108
27014,1362736627798446080
27015,1362736567975112704
27016,1362736539885854722
27017,1362736372541513737
27018,1362736301791920133
27019,1362736276810706944
27020,1362736247920328705
27021,1362736223253585920
27022,1362736180345921546
27023,1362736110531715079
27024,1362736089442770958
27025,1362736019716640768
27026,1362736009973227522
27027,1362735863059410944
27028,1362735554782199808
27029,1362735446313160706
27030,1362734870510899200
27031,1362734022095478785
27032,1362733957805187072
27033,1362733715613487106
27034,1362733606549004293
27035,1362733428722913283
27036,1362733326126247936
27037,1362733034903076867
27038,1362732054950137859
27039,1362731771020812288
27040,1362731754562465798
27041,1362731637272965120
27042,1362731487116804097
27043,1362731479906811906
27044,1362731181851222018
27045,1362731070840537089
27046,1362730834097283073
27047,1362730704535236610
27048,1362730525887184902
27049,1362730283963940864
27050,1362729955378024453
27051,1362729417546600448
27052,1362729396352745472
27053,1362728124933427201
27054,1362727773664591876
27055,1362727709823016967
27056,1362726396989239296
27057,1362726348209459200
27058,1362726293603823620
27059,1362724959555043329
27060,1362724824498503680
27061,1362724323966992385
27062,1362724320875864065
27063,1362723295909588993
27064,1362723170415968285
27065,1362723165072470018
27066,1362723134592458752
27067,1362722793608077312
27068,1362722105327026177
27069,1362721832772788225
27070,1362720843080556545
27071,1362720743788789760
27072,1362719942580273152
27073,1362719224750366721
27074,1362719097696493570
27075,1362718375630299143
27076,1362717879305666561
27077,1362717313531867140
27078,1362716418790285314
27079,1362713741784199171
27080,1362712899358228480
27081,1362712896527085570
27082,1362711737993207813
27083,1362710642445189126
27084,1362710508302979080
27085,1362709329808404482
27086,1362708450250264576
27087,1362708173543661569
27088,1362708006782312449
27089,1362707491671465985
27090,1362705101337542657
27091,1362704803026132994
27092,1362703380506947584
27093,1362703378158137345
27094,1362703347174768641
27095,1362703337280397315
27096,1362702921863995399
27097,1362702369511919616
27098,1362702112057098243
27099,1362701440800677888
27100,1362698827896135680
27101,1362697957770985472
27102,1362697800941768706
27103,1362697565788119043
27104,1362697317162229764
27105,1362697305028198402
27106,1362696878824058882
27107,1362696145181507584
27108,1362695896715173888
27109,1362695245260062722
27110,1362694664172765186
27111,1362694619956445185
27112,1362694605129539587
27113,1362694351625859072
27114,1362693560030670849
27115,1362693406225362945
27116,1362689631700082688
27117,1362689631490293762
27118,1362689215599947777
27119,1362688379926806529
27120,1362687370521440260
27121,1362686009180364801
27122,1362685991631347712
27123,1362684621465526272
27124,1362682301759578113
27125,1362680823321780226
27126,1362680401525882881
27127,1362677285577457665
27128,1362677119428538388
27129,1362675309347282944
27130,1362674364685168640
27131,1362674202931851264
27132,1362673878968004608
27133,1362672757310431235
27134,1362672433883455495
27135,1362670644450721792
27136,1362669167535652865
27137,1362666949390565378
27138,1362666412959916035
27139,1362664804549353473
27140,1362664757967409153
27141,1362664437170208768
27142,1362664427275845634
27143,1362663488317915140
27144,1362662051408195584
27145,1362661864828723201
27146,1362660690322886659
27147,1362660321694011392
27148,1362658892069617667
27149,1362658364644294659
27150,1362658174004645891
27151,1362657175341060102
27152,1362654088262004737
27153,1362653106958340096
27154,1362648568339652614
27155,1362645596914544640
27156,1362640926850633739
27157,1362634024053792768
27158,1362631749449043970
27159,1362630724193517569
27160,1362628989815300096
27161,1362627489269440514
27162,1362625486669688835
27163,1362620450052931587
27164,1362618290758176768
27165,1362616651494137858
27166,1362614693894979589
27167,1362605632164093952
27168,1362604903600898051
27169,1362604194662916098
27170,1362601805574795274
27171,1362599345179222019
27172,1362599321640837125
27173,1362598932942102533
27174,1362598783046025224
27175,1362597775846744066
27176,1362595569458364416
27177,1362590806826188803
27178,1362588047179677697
27179,1362584049718599686
27180,1362577789145251844
27181,1362573136181538820
27182,1362571786693603335
27183,1362571112706674688
27184,1362569415963869187
27185,1362569178033643522
27186,1362565403810086914
27187,1362564149289582592
27188,1362563556747718667
27189,1362560564355031054
27190,1362559760487317509
27191,1362558775807344648
27192,1362558761483853826
27193,1362558245102051338
27194,1362558064474402816
27195,1362556574359838721
27196,1362556118858223616
27197,1362555936641085450
27198,1362553769251246081
27199,1362553226470555663
27200,1362553101388025859
27201,1362551973728440324
27202,1362551855960702978
27203,1362551547201286147
27204,1362550396946898944
27205,1362549940816392193
27206,1362549088009392128
27207,1362547932415680513
27208,1362546436550893571
27209,1362545506644336641
27210,1362545424394027011
27211,1362544927469670400
27212,1362544331169689605
27213,1362542785908326407
27214,1362541770689552384
27215,1362541254089834498
27216,1362540218163879943
27217,1362539512279293956
27218,1362536636035321856
27219,1362535809732120578
27220,1362535164589600768
27221,1362535072616878083
27222,1362534688687075334
27223,1362534622224150528
27224,1362533403724283905
27225,1362531261902897153
27226,1362530356428234759
27227,1362528175549464582
27228,1362527252441931777
27229,1362525860125941766
27230,1362525763673686018
27231,1362523563547369472
27232,1362523539291729923
27233,1362523537882365956
27234,1362523506328666114
27235,1362523460061310984
27236,1362523381384552450
27237,1362523355656712198
27238,1362523286509400065
27239,1362521919170502658
27240,1362521618493358085
27241,1362521446510170116
27242,1362521376054214660
27243,1362521353958653955
27244,1362521298765815808
27245,1362521270886281216
27246,1362521205945872386
27247,1362521109879533573
27248,1362521104242397189
27249,1362521014152941575
27250,1362520854635118592
27251,1362520828370444294
27252,1362520806539071489
27253,1362520777845854209
27254,1362520713970737156
27255,1362520676184317952
27256,1362520543879127041
27257,1362520445958914051
27258,1362520315268640768
27259,1362520254447054849
27260,1362520210704629762
27261,1362520172666499076
27262,1362520141771251714
27263,1362519989832585227
27264,1362519774513799168
27265,1362519709955031040
27266,1362519420015431681
27267,1362518088827232260
27268,1362517667362598914
27269,1362517616409989120
27270,1362517511145676807
27271,1362514916343762948
27272,1362514589670404100
27273,1362513589043687444
27274,1362512184006373376
27275,1362511644857946125
27276,1362510078985797641
27277,1362509945657253892
27278,1362509609068605444
27279,1362509180586897417
27280,1362507738769723400
27281,1362507482384519179
27282,1362506379743920137
27283,1362505525779390476
27284,1362505118122467333
27285,1362504942582263809
27286,1362504451240701956
27287,1362503811185664002
27288,1362503782769315849
27289,1362503724845957125
27290,1362503708257435648
27291,1362503612904177668
27292,1362503384251645960
27293,1362503227435081728
27294,1362502646310010886
27295,1362501908330655748
27296,1362498010047995904
27297,1362497601715732489
27298,1362496594940223491
27299,1362494946276687872
27300,1362494834062340100
27301,1362494005519536137
27302,1362493997479038982
27303,1362491753559908353
27304,1362491102020988932
27305,1362488344429678597
27306,1362487710984847368
27307,1362487296277250049
27308,1362486495140003840
27309,1362486428379316227
27310,1362485666282618881
27311,1362485642408656901
27312,1362485061153681410
27313,1362484991851180034
27314,1362484038523576325
27315,1362483206554071047
27316,1362482808200044549
27317,1362482662229872640
27318,1362482256296751111
27319,1362482104584572929
27320,1362481743769571328
27321,1362481000870215684
27322,1362480177918451723
27323,1362479775743369223
27324,1362477948566196230
27325,1362477562107207682
27326,1362477213174669317
27327,1362476730116636679
27328,1362476189982494721
27329,1362475762599755781
27330,1362473800554713093
27331,1362472237501145088
27332,1362469467868041221
27333,1362468264010543105
27334,1362468261422657538
27335,1362467986313986049
27336,1362465532516175872
27337,1362464562491097094
27338,1362464456941387776
27339,1362464132818173952
27340,1362462905975857161
27341,1362462816897236993
27342,1362461950781911050
27343,1362461755562156032
27344,1362460985848700930
27345,1362460975845244931
27346,1362460826016362503
27347,1362460677382828035
27348,1362460098476482560
27349,1362460017211936770
27350,1362459450917978114
27351,1362459351034822658
27352,1362458105389309955
27353,1362456010670112768
27354,1362455161692704769
27355,1362454773635702793
27356,1362454581737893896
27357,1362454570635436037
27358,1362453791023509512
27359,1362453562828144641
27360,1362452820788539392
27361,1362451791120650240
27362,1362451328434331650
27363,1362451001886695426
27364,1362450499321102339
27365,1362450380341174272
27366,1362449331689828357
27367,1362449028101857282
27368,1362448790838476800
27369,1362448034504859648
27370,1362447617624580104
27371,1362447335582822404
27372,1362447108008271873
27373,1362447000957026306
27374,1362446781452271628
27375,1362446518813417474
27376,1362446439775956998
27377,1362446338974187532
27378,1362445914061742084
27379,1362445656217034757
27380,1362445615112814598
27381,1362445538571005956
27382,1362444299393196032
27383,1362443133179617281
27384,1362441881469222912
27385,1362439262017355778
27386,1362439232938266627
27387,1362438805907767299
27388,1362437821726937088
27389,1362437722942578688
27390,1362437552041508864
27391,1362437490750160905
27392,1362437231449960454
27393,1362436836489060352
27394,1362436775533281283
27395,1362435456219103233
27396,1362435207572451334
27397,1362435172558331915
27398,1362435082892541955
27399,1362434227321643010
27400,1362433391703052290
27401,1362432574212222979
27402,1362430924483403777
27403,1362430352061513732
27404,1362430145437577224
27405,1362429879376109569
27406,1362428812865200129
27407,1362427324281544710
27408,1362426617419747330
27409,1362425409049161728
27410,1362424803920076806
27411,1362424692452298761
27412,1362424655617945601
27413,1362422135797534720
27414,1362419798370574336
27415,1362419565540556806
27416,1362418638322606089
27417,1362418153553297411
27418,1362418143600267264
27419,1362418138923618309
27420,1362417928155586566
27421,1362417746248683523
27422,1362417578258399233
27423,1362416196071665666
27424,1362416088387051522
27425,1362415906731798529
27426,1362415797520449538
27427,1362415716419457026
27428,1362415246946795535
27429,1362414629591351299
27430,1362414163411292161
27431,1362413010812362758
27432,1362411713002356739
27433,1362410830638313478
27434,1362410632423890962
27435,1362409095328919562
27436,1362408246049406984
27437,1362407815411826694
27438,1362405257490296835
27439,1362405247612833792
27440,1362402396543062016
27441,1362402386585808898
27442,1362402230977052673
27443,1362402023325409284
27444,1362401222624501765
27445,1362400867723411457
27446,1362400796680282115
27447,1362400301869903872
27448,1362400052703092736
27449,1362398902566203397
27450,1362398701487091717
27451,1362398334128906241
27452,1362397934898323457
27453,1362397407896608768
27454,1362397133371043843
27455,1362395562281234437
27456,1362395380948889600
27457,1362394972025212934
27458,1362392203902001155
27459,1362392059269775360
27460,1362391366890905603
27461,1362390426578214913
27462,1362390178984263684
27463,1362389332636631043
27464,1362389325778944004
27465,1362386814154211331
27466,1362386123255930886
27467,1362384538228375556
27468,1362383170092597248
27469,1362382264622006273
27470,1362381836291350530
27471,1362381432774144002
27472,1362381413987872768
27473,1362380886881230852
27474,1362378394399363072
27475,1362378137015885827
27476,1362377698086187009
27477,1362376881471897601
27478,1362376818045648901
27479,1362376267610415105
27480,1362376189675986948
27481,1362375489806094343
27482,1362375397095198721
27483,1362375366225051650
27484,1362374817299726341
27485,1362374345692184578
27486,1362374303421927425
27487,1362374107380252680
27488,1362374002099048451
27489,1362373744551993347
27490,1362373697357684736
27491,1362373065364172800
27492,1362372948556931073
27493,1362371664038789122
27494,1362370846204059652
27495,1362370201170378752
27496,1362369899281186816
27497,1362367508943048706
27498,1362366692203110401
27499,1362366640537616385
27500,1362366638994186242
27501,1362366152236802049
27502,1362365589717671941
27503,1362365158606204929
27504,1362364470748667904
27505,1362364279731740673
27506,1362364239537651713
27507,1362364179638812674
27508,1362361455799132163
27509,1362360380249489410
27510,1362358270803992576
27511,1362358082827923464
27512,1362357541263597568
27513,1362357531331481600
27514,1362357336250216450
27515,1362356941758992387
27516,1362356929922752512
27517,1362356189632356353
27518,1362355194521133060
27519,1362354660150030336
27520,1362354594718875649
27521,1362354585420070913
27522,1362353115178164225
27523,1362351477906419712
27524,1362351037596729344
27525,1362351011357163523
27526,1362350835536171009
27527,1362349927192530947
27528,1362348972728287233
27529,1362348444178919430
27530,1362347984118284288
27531,1362347498795319303
27532,1362347443510247428
27533,1362347334705827841
27534,1362345865776558082
27535,1362345459428261893
27536,1362344550795259907
27537,1362344299342528513
27538,1362343957729001472
27539,1362343600995004416
27540,1362343110546763778
27541,1362342648892321798
27542,1362341575011880962
27543,1362341338893733888
27544,1362341123021242375
27545,1362340195924869120
27546,1362340061833031685
27547,1362339567110680577
27548,1362338773963481088
27549,1362338450830200832
27550,1362338217626894345
27551,1362338199213912064
27552,1362337700364181507
27553,1362337470331949056
27554,1362336708327538688
27555,1362336698324123648
27556,1362335686494404610
27557,1362334816767721472
27558,1362334783540518912
27559,1362334586840125443
27560,1362332524559667200
27561,1362330966753214465
27562,1362329115387387904
27563,1362328689162256393
27564,1362328582438219779
27565,1362326682129031173
27566,1362326672205316103
27567,1362326097761873928
27568,1362324909423095816
27569,1362324833904840704
27570,1362322240033947649
27571,1362320228772941824
27572,1362319693445541890
27573,1362318085328363520
27574,1362316726893969410
27575,1362316061966761986
27576,1362315174850433026
27577,1362314709479882753
27578,1362314660276441090
27579,1362312163101188100
27580,1362312087830228992
27581,1362311510622674950
27582,1362310099625197575
27583,1362307114086064130
27584,1362306819956363264
27585,1362303412566716420
27586,1362303336041508864
27587,1362303335638786049
27588,1362302690622111744
27589,1362298552924459009
27590,1362297444583759872
27591,1362297242858717185
27592,1362293805291102208
27593,1362293492098232320
27594,1362292022380552194
27595,1362291047028645889
27596,1362289881532293120
27597,1362289486466547713
27598,1362287742605025286
27599,1362287364257812481
27600,1362286083103457281
27601,1362284461136769024
27602,1362282914684280832
27603,1362282470901620742
27604,1362274208487718913
27605,1362273344087855104
27606,1362273003950735361
27607,1362270488395993089
27608,1362266845202567168
27609,1362260530753392640
27610,1362250487194607617
27611,1362244384167706624
27612,1362242682857340928
27613,1362239657270992900
27614,1362237860724822018
27615,1362236852443488258
27616,1362236646750629888
27617,1362232334997716992
27618,1362230822338781184
27619,1362228999825600515
27620,1362222993464778754
27621,1362222911503953922
27622,1362222038115627011
27623,1362221570429714434
27624,1362219549953822720
27625,1362215939329163266
27626,1362215827777421321
27627,1362215007409307653
27628,1362213973144334344
27629,1362212833451266050
27630,1362212616303767560
27631,1362211792546656256
27632,1362210151369949184
27633,1362208690254790658
27634,1362203166981431305
27635,1362202380612362243
27636,1362198349215125506
27637,1362198151290060801
27638,1362197616654766080
27639,1362196615960948736
27640,1362196082323836933
27641,1362195122729975808
27642,1362193594346590211
27643,1362191576383041541
27644,1362189805250052098
27645,1362188641423007746
27646,1362188498153963522
27647,1362186460741402625
27648,1362186205761273868
27649,1362186151109484545
27650,1362184440332627975
27651,1362183443350761474
27652,1362182335433748489
27653,1362182142034399237
27654,1362181599006253061
27655,1362181045299339271
27656,1362179029172912129
27657,1362178586304778241
27658,1362178461482119169
27659,1362178436723310598
27660,1362178237313482752
27661,1362178049375092744
27662,1362178022015696899
27663,1362176148323639297
27664,1362174754510225414
27665,1362174245892198400
27666,1362173849991847941
27667,1362173488488923138
27668,1362172949785157636
27669,1362171665447346177
27670,1362170995356925953
27671,1362167535609724933
27672,1362167443284758535
27673,1362166160268140556
27674,1362164355350089729
27675,1362164069646630916
27676,1362162710381793280
27677,1362161834619510784
27678,1362160454890577921
27679,1362160297985851399
27680,1362156917758517249
27681,1362156803459530762
27682,1362156582956589060
27683,1362156043275563009
27684,1362155354486935555
27685,1362155172395417602
27686,1362154993273438210
27687,1362154759952748552
27688,1362154700733349889
27689,1362154176877367296
27690,1362153847741890561
27691,1362152931387199499
27692,1362152855545606146
27693,1362152817654444034
27694,1362152037702590473
27695,1362150264032141314
27696,1362149868156952576
27697,1362149825677053953
27698,1362149456137908233
27699,1362148940293013514
27700,1362148333742080000
27701,1362148258919944203
27702,1362148245439459331
27703,1362145061027381249
27704,1362144792201883656
27705,1362144713260859394
27706,1362144523401498636
27707,1362143188442615808
27708,1362143173003202560
27709,1362142705971830792
27710,1362142677815484423
27711,1362140726159638533
27712,1362139963891007495
27713,1362139734131277830
27714,1362135620336902162
27715,1362135229146804234
27716,1362135021797138434
27717,1362134999575724035
27718,1362134660038479872
27719,1362134241262395394
27720,1362133605485576197
27721,1362132504694714370
27722,1362131531968507905
27723,1362130566603296773
27724,1362128803502428164
27725,1362127637326528514
27726,1362126325947990016
27727,1362125106345033735
27728,1362124941752033280
27729,1362124702563581961
27730,1362124671227846657
27731,1362124512624533515
27732,1362124296869597185
27733,1362123362777071618
27734,1362122695169736705
27735,1362122369989562373
27736,1362122274585927686
27737,1362121512573153280
27738,1362121394495098885
27739,1362121265012703232
27740,1362120811625275400
27741,1362119916661469185
27742,1362119739930255361
27743,1362119630148562945
27744,1362119625501122563
27745,1362119565619171333
27746,1362119558069448705
27747,1362119538125463552
27748,1362119515300061187
27749,1362119006287634433
27750,1362118928319868930
27751,1362118670361722883
27752,1362118574802956289
27753,1362118341482143745
27754,1362118083633152001
27755,1362117885850746882
27756,1362117315597377540
27757,1362117120885161985
27758,1362116500132421633
27759,1362115916939591682
27760,1362115844940169217
27761,1362115618187726855
27762,1362115149499420676
27763,1362114796443885577
27764,1362113804360892421
27765,1362113741974863875
27766,1362113423404843014
27767,1362113375266832386
27768,1362113200544710659
27769,1362112180804534277
27770,1362111886104408066
27771,1362111576711581705
27772,1362110930721644544
27773,1362110455897063428
27774,1362110303127941120
27775,1362110051272507397
27776,1362110017265168386
27777,1362109896192327686
27778,1362109589441888258
27779,1362109372026007561
27780,1362108784743702528
27781,1362108645148942339
27782,1362108551884402689
27783,1362108091265933315
27784,1362107744107585550
27785,1362107187393404933
27786,1362106922682507265
27787,1362106728201019397
27788,1362105839096631297
27789,1362105800437747713
27790,1362105115927334914
27791,1362105001334738947
27792,1362104817401950211
27793,1362104664108523521
27794,1362104568675520515
27795,1362104559708037122
27796,1362104530083713024
27797,1362104465675984898
27798,1362104457958486020
27799,1362104422621470721
27800,1362104397468209155
27801,1362104385304674309
27802,1362103861679374336
27803,1362103482531131392
27804,1362102894661615616
27805,1362102768505348100
27806,1362102764311044104
27807,1362102463881478146
27808,1362101334514806789
27809,1362101281742082060
27810,1362100889692045314
27811,1362100213490585602
27812,1362098727910072338
27813,1362098524364619778
27814,1362098484439117829
27815,1362098367124426752
27816,1362097918107344897
27817,1362097888235552773
27818,1362097196095651847
27819,1362096720449052672
27820,1362096447534075904
27821,1362095717771333632
27822,1362094550139871232
27823,1362093779948351489
27824,1362093755512328195
27825,1362093276619300864
27826,1362093232520388614
27827,1362093169505169413
27828,1362093097405014023
27829,1362093021907591168
27830,1362092886096044034
27831,1362092857763446785
27832,1362092708706279432
27833,1362092684630982661
27834,1362092442820968452
27835,1362092297622585346
27836,1362091166720737287
27837,1362089763734499329
27838,1362089130004541443
27839,1362088538695753734
27840,1362088017847062529
27841,1362087725860544514
27842,1362087548487487488
27843,1362086985037447168
27844,1362086821610545160
27845,1362086511110455302
27846,1362085651806490624
27847,1362085123659882501
27848,1362085080567586819
27849,1362084738886991872
27850,1362084386573852673
27851,1362084380013977605
27852,1362083388849537024
27853,1362083378930077706
27854,1362082994740199426
27855,1362082778830016519
27856,1362081981744488449
27857,1362081309225582594
27858,1362081233157713923
27859,1362081223305293828
27860,1362081078396207104
27861,1362080707615592449
27862,1362080498261106702
27863,1362079383263997953
27864,1362079359851372550
27865,1362078893562343430
27866,1362078465521025024
27867,1362078242635714566
27868,1362078232531505153
27869,1362077644154626050
27870,1362077560755093505
27871,1362077525359419401
27872,1362077234157158401
27873,1362076938555297794
27874,1362076707100966914
27875,1362076369602150405
27876,1362075988604116998
27877,1362075309088989194
27878,1362075045321994241
27879,1362075007782957056
27880,1362074502709018625
27881,1362074492785278977
27882,1362074462934433797
27883,1362074451836350476
27884,1362074326787387392
27885,1362074232298086404
27886,1362074025363705856
27887,1362073897412222977
27888,1362073484617265152
27889,1362073455492005890
27890,1362072602240569348
27891,1362072552374480896
27892,1362072127726383107
27893,1362071771030110209
27894,1362071672757624841
27895,1362071406830379008
27896,1362070669408821253
27897,1362070552463212550
27898,1362070170135654400
27899,1362070122270228480
27900,1362069352573468674
27901,1362069268469325824
27902,1362069258478436354
27903,1362069129155522563
27904,1362069119219232771
27905,1362068525838442496
27906,1362067120163586052
27907,1362066891263647748
27908,1362066503814758400
27909,1362066350726909952
27910,1362066200168169474
27911,1362066093372760064
27912,1362065967707217922
27913,1362065957737402370
27914,1362065677968932866
27915,1362065155673194500
27916,1362064806908481538
27917,1362064800948383751
27918,1362064751019388932
27919,1362064750537019393
27920,1362064260247871499
27921,1362063610952974337
27922,1362063567269359622
27923,1362063518422487040
27924,1362062842980143106
27925,1362062231303843845
27926,1362062176018694149
27927,1362062074621345793
27928,1362062005851492358
27929,1362061917691535362
27930,1362061631929393155
27931,1362061514266595331
27932,1362061471207878660
27933,1362060263067951106
27934,1362059427621335040
27935,1362058782755479556
27936,1362057575618007042
27937,1362057565757128708
27938,1362057266774618112
27939,1362055991869718528
27940,1362055766237134849
27941,1362055741968908296
27942,1362055592593018888
27943,1362055582753189895
27944,1362055505456300033
27945,1362055430621589505
27946,1362054447141187584
27947,1362054243851632640
27948,1362053230381977604
27949,1362053127948673026
27950,1362053046679781378
27951,1362052813505900545
27952,1362052565874200583
27953,1362051980999487488
27954,1362051863961550852
27955,1362051522155134983
27956,1362050457695379460
27957,1362050420558999552
27958,1362050419497832450
27959,1362050026655129601
27960,1362049849659686916
27961,1362049793326018566
27962,1362049731657162752
27963,1362049729195040772
27964,1362049155246551045
27965,1362049096475893766
27966,1362048571101622272
27967,1362048513912233985
27968,1362047978878472193
27969,1362047958578036736
27970,1362047877258895362
27971,1362047219935940609
27972,1362046645345648643
27973,1362044927081930754
27974,1362044469810507785
27975,1362044296216666112
27976,1362042897814724613
27977,1362042673855668224
27978,1362042031166603265
27979,1362041843924484101
27980,1362041611056742401
27981,1362041578664071171
27982,1362041519000211457
27983,1362041420962553861
27984,1362040883047256067
27985,1362040508990820353
27986,1362040499595595776
27987,1362039829781970946
27988,1362039400788594690
27989,1362039211180912641
27990,1362039101092986883
27991,1362038983694323713
27992,1362037836111876097
27993,1362037512735232000
27994,1362036561131544580
27995,1362035185286586370
27996,1362033986130837512
27997,1362033961824829441
27998,1362033192371388416
27999,1362033182414172168
28000,1362032590463582209
28001,1362032358401200130
28002,1362031386853539844
28003,1362031306310258693
28004,1362031171203391492
28005,1362030931763212293
28006,1362030924238647296
28007,1362030893301436416
28008,1362030624723398656
28009,1362030616611553283
28010,1362030099458125824
28011,1362029443624140804
28012,1362029433721397250
28013,1362028048208584704
28014,1362027744389906433
28015,1362027529247293447
28016,1362026241465982976
28017,1362024002705788933
28018,1362023933046706185
28019,1362023902768222209
28020,1362023892869595136
28021,1362023874293022721
28022,1362023739324530691
28023,1362022875859804161
28024,1362022736646860804
28025,1362022583638650883
28026,1362022424913588224
28027,1362021896624107527
28028,1362021282334785536
28029,1362020932504723456
28030,1362020206281969669
28031,1362019935011151873
28032,1362018951820099586
28033,1362018890566483969
28034,1362018670613045248
28035,1362017970411638784
28036,1362017277630173185
28037,1362016948700278786
28038,1362016786636550147
28039,1362016455328288780
28040,1362015107916595201
28041,1362014238806577152
28042,1362013241011023873
28043,1362012553061277701
28044,1362011245189222401
28045,1362011140738408450
28046,1362008946488340482
28047,1362008675293024257
28048,1362008512369487874
28049,1362008400343814146
28050,1362006565600002048
28051,1362006555646918658
28052,1362006379033206792
28053,1362004791170318339
28054,1362004018936053760
28055,1362003612424101888
28056,1362003171820904448
28057,1362002913422376961
28058,1362002815950946307
28059,1362002609809186822
28060,1362001913668067328
28061,1362001486037852166
28062,1362001279099297792
28063,1362001171829956609
28064,1362001135779905539
28065,1362001098836484097
28066,1362000808691306496
28067,1361999448667258880
28068,1361999280232230913
28069,1361997816277647362
28070,1361997586543050752
28071,1361997289347309569
28072,1361996674256764931
28073,1361996017558827010
28074,1361996003734413312
28075,1361995767024599042
28076,1361995334919028737
28077,1361995215406514179
28078,1361993615619276800
28079,1361992889442664448
28080,1361991762479357957
28081,1361991489312686081
28082,1361990088457035776
28083,1361989461886828546
28084,1361989024332791809
28085,1361987506972016640
28086,1361987504832802825
28087,1361985000435023873
28088,1361984009606201346
28089,1361983834988896256
28090,1361983460441784322
28091,1361981174814507009
28092,1361981037799219201
28093,1361979602349006849
28094,1361979309611765761
28095,1361978261174124546
28096,1361977330139299848
28097,1361976250923962368
28098,1361974921564413954
28099,1361974037338066945
28100,1361973417260572674
28101,1361973200930828288
28102,1361973145981358081
28103,1361971777950388224
28104,1361969872423518208
28105,1361969862575325186
28106,1361969560090406913
28107,1361966494322749442
28108,1361966113744068615
28109,1361965636503617543
28110,1361963597258104832
28111,1361963473115176960
28112,1361963234635501572
28113,1361962256259497985
28114,1361961286981083140
28115,1361960663086727168
28116,1361959991603699712
28117,1361959867909632001
28118,1361959395870068740
28119,1361959385937895424
28120,1361958027453227008
28121,1361956872119541761
28122,1361956313815789569
28123,1361956228126105601
28124,1361954575876567041
28125,1361953876665114624
28126,1361952364291325952
28127,1361952281835495425
28128,1361950009864912898
28129,1361949516111491073
28130,1361949268228071424
28131,1361948145232580609
28132,1361946641826209792
28133,1361946480697876482
28134,1361946064450895873
28135,1361945058027712515
28136,1361944972883296256
28137,1361944454861524994
28138,1361943672238075904
28139,1361943464435273728
28140,1361942837072379907
28141,1361940949040062466
28142,1361936910013317123
28143,1361933156048277507
28144,1361932953421504512
28145,1361932630573387781
28146,1361927558158245888
28147,1361927501442859010
28148,1361927216578322433
28149,1361927106880487425
28150,1361927037557047298
28151,1361926995437838336
28152,1361926812234842116
28153,1361926744803069952
28154,1361926724699770883
28155,1361926715937800192
28156,1361926541794549764
28157,1361926451193384962
28158,1361926303956533248
28159,1361926238802182145
28160,1361925645295583233
28161,1361923456862928896
28162,1361921700221366274
28163,1361920767462494210
28164,1361918891606355970
28165,1361918350935400449
28166,1361918345285492736
28167,1361918299907448838
28168,1361917632308514819
28169,1361917055486853120
28170,1361916650539405317
28171,1361915688227663872
28172,1361913733707104258
28173,1361913703856275456
28174,1361913625682788355
28175,1361913593470550016
28176,1361913527376707584
28177,1361913498356375554
28178,1361913493193166848
28179,1361913454844653571
28180,1361913364973248512
28181,1361913332106735616
28182,1361913294882304000
28183,1361913253610332172
28184,1361913227735629827
28185,1361913180771999745
28186,1361913153714585600
28187,1361913117337346049
28188,1361912975754465280
28189,1361912919861178368
28190,1361912909618683905
28191,1361912886453501953
28192,1361912778378924032
28193,1361912744929357825
28194,1361912710015967232
28195,1361912682509709312
28196,1361912490888753155
28197,1361912446907281411
28198,1361911515759054852
28199,1361910863205195777
28200,1361910749434499076
28201,1361910749426311171
28202,1361908642124095488
28203,1361906775331635201
28204,1361905775464112128
28205,1361905738239639554
28206,1361905710729228293
28207,1361903201146990594
28208,1361903069685030912
28209,1361903017507753987
28210,1361901680086941696
28211,1361900659486916609
28212,1361897525070938112
28213,1361895931424210946
28214,1361890378736160769
28215,1361885977342525440
28216,1361883108686061569
28217,1361882031022571520
28218,1361874885165928448
28219,1361874510107049992
28220,1361868721078366210
28221,1361865066392530944
28222,1361857902789734401
28223,1361857199086125057
28224,1361855636653412355
28225,1361854125802070020
28226,1361853434387959808
28227,1361853109161582593
28228,1361852057683042306
28229,1361851457054658560
28230,1361850159370539010
28231,1361848362845233155
28232,1361846884806049800
28233,1361846575836790788
28234,1361842179128385538
28235,1361842170114768896
28236,1361840230882492416
28237,1361839912849399808
28238,1361839811049488389
28239,1361839106318344198
28240,1361838944812433410
28241,1361836644005941249
28242,1361836642986651650
28243,1361835251480207360
28244,1361833075852922882
28245,1361832970567442434
28246,1361832553179676679
28247,1361828981364957185
28248,1361828719384403968
28249,1361826266148720644
28250,1361824956997394432
28251,1361822324954128388
28252,1361821186892660740
28253,1361820154217209856
28254,1361819408700743680
28255,1361818829127622657
28256,1361818742943084547
28257,1361817850541924358
28258,1361817118354903043
28259,1361816947734831109
28260,1361816257046212620
28261,1361815614688538625
28262,1361815453828599811
28263,1361815448111763463
28264,1361814529051668481
28265,1361814369043177473
28266,1361813807304179718
28267,1361813234840457219
28268,1361812212059418631
28269,1361811539574091785
28270,1361811304365891584
28271,1361810618118856706
28272,1361809839035461632
28273,1361808876971167744
28274,1361808529137545226
28275,1361808501706686466
28276,1361807536043790343
28277,1361806818557784064
28278,1361806664324829194
28279,1361806318764515334
28280,1361806081945718790
28281,1361806009950494730
28282,1361805811698327556
28283,1361804679135510532
28284,1361804609644351490
28285,1361804151399862284
28286,1361803444131160064
28287,1361803212823617547
28288,1361802420632780802
28289,1361802325690564611
28290,1361801138518052865
28291,1361801087813042178
28292,1361800467072884746
28293,1361799835393929217
28294,1361799807929573381
28295,1361799707840950272
28296,1361799130474020864
28297,1361798651866136591
28298,1361798318200872965
28299,1361797989212319744
28300,1361797886015602702
28301,1361797461614993410
28302,1361797136795467777
28303,1361796526654316556
28304,1361796382068203520
28305,1361796245921157120
28306,1361796005847392256
28307,1361795611020959745
28308,1361795465541529600
28309,1361794947347738625
28310,1361794536117325824
28311,1361792823805231108
28312,1361792657681448974
28313,1361792217770201089
28314,1361790482708385795
28315,1361789540655128576
28316,1361789398786965508
28317,1361788911115247616
28318,1361786980141522949
28319,1361786863703449603
28320,1361786572094517257
28321,1361786024880463872
28322,1361785431503691777
28323,1361783763328512003
28324,1361783645002993670
28325,1361783089299681285
28326,1361782015100674052
28327,1361782010470096896
28328,1361781430414671875
28329,1361781011495936005
28330,1361780674160713728
28331,1361780561170157568
28332,1361777628500361216
28333,1361777367904112646
28334,1361777030375866378
28335,1361776368913121284
28336,1361775767307321348
28337,1361775714270388227
28338,1361775602110464002
28339,1361774517534810117
28340,1361774476791324673
28341,1361774419249680388
28342,1361773791085555724
28343,1361773558624567301
28344,1361773467075571716
28345,1361773351958675457
28346,1361773192457711616
28347,1361772929726500865
28348,1361772832087298050
28349,1361772818606751751
28350,1361772534761467910
28351,1361771746223915010
28352,1361771381457838089
28353,1361770495549599753
28354,1361770344898584576
28355,1361769642692378626
28356,1361769581967253507
28357,1361767914240692226
28358,1361767569028493312
28359,1361767452632317963
28360,1361766689059217408
28361,1361766685976399873
28362,1361766635250610179
28363,1361766045229400066
28364,1361765483293396999
28365,1361765413831516161
28366,1361764935424958464
28367,1361764732483551233
28368,1361764131158822914
28369,1361763824551022593
28370,1361763757064679428
28371,1361763109812244480
28372,1361762841615888390
28373,1361761017311723525
28374,1361761012270047233
28375,1361759454648221699
28376,1361759302147522560
28377,1361759302034350080
28378,1361759233126125573
28379,1361759138771070979
28380,1361759114943225862
28381,1361759038170681344
28382,1361759006214156291
28383,1361758955853217798
28384,1361758913373339649
28385,1361758873162567694
28386,1361758795471405056
28387,1361758777226231820
28388,1361758764777545731
28389,1361758735618764805
28390,1361758695571480584
28391,1361758662600122368
28392,1361758377735581697
28393,1361757265435504640
28394,1361756206122098689
28395,1361756187553910785
28396,1361756095195340801
28397,1361755687093682183
28398,1361753991969923079
28399,1361753722267660288
28400,1361753413952937985
28401,1361753308260671489
28402,1361753008581861382
28403,1361753003968069632
28404,1361752915719958531
28405,1361752853262524416
28406,1361752423652540419
28407,1361752256140484613
28408,1361752226222530571
28409,1361751855651504129
28410,1361751735031709700
28411,1361751732343238664
28412,1361751206578724865
28413,1361751102329413636
28414,1361750971248951301
28415,1361750666675380230
28416,1361749880520253447
28417,1361748872142405638
28418,1361747751105609735
28419,1361747581261479943
28420,1361747089391312899
28421,1361746987654156288
28422,1361746856389271554
28423,1361746378205052934
28424,1361746308067962884
28425,1361746254397460480
28426,1361745614397206537
28427,1361744639666044928
28428,1361744517813178370
28429,1361744429439193091
28430,1361744319598706700
28431,1361744220885811205
28432,1361744015247478784
28433,1361743374726881286
28434,1361743045344055305
28435,1361743035231526916
28436,1361742928343830529
28437,1361742913907159046
28438,1361742904855654402
28439,1361742258907799552
28440,1361741532894650369
28441,1361741179851784194
28442,1361741109182025731
28443,1361740606683414528
28444,1361739977680433154
28445,1361739754920767488
28446,1361739031638343680
28447,1361737820700897280
28448,1361737819522236421
28449,1361737789449113600
28450,1361737551980167168
28451,1361737295263653888
28452,1361737293107724297
28453,1361737224405024769
28454,1361737160441933828
28455,1361736470650888197
28456,1361736407946063873
28457,1361736289318563844
28458,1361736151279796225
28459,1361736119952490499
28460,1361736030043459591
28461,1361735753785606148
28462,1361735743845056512
28463,1361735336267837448
28464,1361735269016305666
28465,1361735216897929217
28466,1361735078435565575
28467,1361733768667672583
28468,1361733364642967556
28469,1361732406626177027
28470,1361731532801642496
28471,1361730761662029836
28472,1361730247352270851
28473,1361730237457915915
28474,1361729949405564930
28475,1361729539185942528
28476,1361729466444177415
28477,1361729380595208201
28478,1361727955005829130
28479,1361727663975587851
28480,1361727305018527745
28481,1361726562417201153
28482,1361726178697097219
28483,1361724810133438466
28484,1361724762146426882
28485,1361724669070635013
28486,1361724166471352328
28487,1361724069343879172
28488,1361723326935298058
28489,1361722702382436361
28490,1361722011567857667
28491,1361721117908606976
28492,1361720885829382148
28493,1361720788081123331
28494,1361720787586211841
28495,1361718617314885642
28496,1361716676002254854
28497,1361716432250281986
28498,1361716408015536137
28499,1361716077085020165
28500,1361715395875508230
28501,1361715205248532483
28502,1361715120271990787
28503,1361714891544027138
28504,1361714823722127361
28505,1361713208474624002
28506,1361712920133009414
28507,1361712702079467527
28508,1361712457924960259
28509,1361712321794633731
28510,1361710698867417092
28511,1361709152750477314
28512,1361708946600439812
28513,1361706161356029957
28514,1361705907130929153
28515,1361703924684763141
28516,1361703318507159558
28517,1361703027724419078
28518,1361701906968678403
28519,1361700631313014790
28520,1361700259995541509
28521,1361699783010885634
28522,1361699649736880134
28523,1361698679296581644
28524,1361698540473434116
28525,1361698441718546438
28526,1361697846060179463
28527,1361697063793274885
28528,1361696725774127104
28529,1361695581568184320
28530,1361695400864923653
28531,1361694153193750530
28532,1361693682529886209
28533,1361693591047966722
28534,1361692933272064007
28535,1361692161545273349
28536,1361691883014127616
28537,1361691849187086337
28538,1361691179142819840
28539,1361691138915241993
28540,1361690802196512768
28541,1361690430740512770
28542,1361689816736399360
28543,1361689689070182401
28544,1361689670527107079
28545,1361689289604538372
28546,1361688289242210308
28547,1361687340696141827
28548,1361687330864697345
28549,1361686875392651266
28550,1361686673730461702
28551,1361686278924763136
28552,1361685733011054601
28553,1361685110530191361
28554,1361684931307577349
28555,1361684818585559042
28556,1361684258977288193
28557,1361681681917349890
28558,1361680481780121602
28559,1361680090606764037
28560,1361679957047582721
28561,1361679682203189254
28562,1361679316636024832
28563,1361679223774150657
28564,1361679140076867590
28565,1361678674010005504
28566,1361678539318308865
28567,1361678107883798534
28568,1361678010554978308
28569,1361677991265398787
28570,1361677965269098496
28571,1361677750311002114
28572,1361676949417037824
28573,1361676715320348677
28574,1361676649767526407
28575,1361676148904755204
28576,1361675449353572360
28577,1361675439534714880
28578,1361675282676088834
28579,1361674501956771843
28580,1361674492045590530
28581,1361673588152139778
28582,1361673200887824391
28583,1361672306624446466
28584,1361671736165556227
28585,1361671199324045313
28586,1361669923752218628
28587,1361669922665885704
28588,1361669763139850246
28589,1361669254169436160
28590,1361669196682248192
28591,1361668807677390855
28592,1361668797791354882
28593,1361668431750266886
28594,1361667916458913795
28595,1361667847462785024
28596,1361666536612716544
28597,1361666396103540736
28598,1361666117782102022
28599,1361665448442548232
28600,1361664566602702849
28601,1361664506741592065
28602,1361664476341301251
28603,1361664338021527552
28604,1361664291418628097
28605,1361663853852057601
28606,1361663816388513792
28607,1361662821671526400
28608,1361662233806331910
28609,1361661943996645379
28610,1361659315598340097
28611,1361659055702482944
28612,1361658924286492678
28613,1361658839297388548
28614,1361658570723516421
28615,1361658180888113154
28616,1361658014474895360
28617,1361658004626636801
28618,1361657362990399488
28619,1361657349069565953
28620,1361657234279825410
28621,1361656926665334784
28622,1361656599681650688
28623,1361656574067015689
28624,1361654659564400640
28625,1361654572343726082
28626,1361654568078045185
28627,1361653573990367237
28628,1361653353743286272
28629,1361652712807550977
28630,1361652428886654979
28631,1361652026288050176
28632,1361651734465101825
28633,1361651660980903939
28634,1361650887802966017
28635,1361650839748755457
28636,1361650778268725248
28637,1361650771562008576
28638,1361650335543083008
28639,1361650038997471232
28640,1361649610549321737
28641,1361649021350256644
28642,1361648615370940418
28643,1361648457237291015
28644,1361648396273131520
28645,1361646397162811393
28646,1361645762258567169
28647,1361645532226211842
28648,1361644376657657862
28649,1361644200840855556
28650,1361644134243708929
28651,1361643845193244677
28652,1361642406584713217
28653,1361641619548753927
28654,1361639303043035142
28655,1361639252040237061
28656,1361639195446493188
28657,1361638584017707014
28658,1361637364611825664
28659,1361637324094902273
28660,1361636546668093440
28661,1361636441370087425
28662,1361635215349854209
28663,1361634430306115587
28664,1361633935135019010
28665,1361633645220487177
28666,1361633607257833476
28667,1361633598483349507
28668,1361632775556726786
28669,1361629733335744512
28670,1361628907259191299
28671,1361628731966697472
28672,1361627359804284928
28673,1361627227738284038
28674,1361626470993580032
28675,1361626354786181120
28676,1361626344929525760
28677,1361625453740646406
28678,1361625391639781376
28679,1361625185837793283
28680,1361625154917437450
28681,1361624055963660289
28682,1361623736634368003
28683,1361621693387661322
28684,1361620730899816448
28685,1361620141704957954
28686,1361620088265269248
28687,1361619804721983492
28688,1361618774064041987
28689,1361617555769618432
28690,1361617223106912256
28691,1361617144509849603
28692,1361615853477900289
28693,1361615386748280834
28694,1361615357274972162
28695,1361615347489587201
28696,1361615303457845249
28697,1361614045472845825
28698,1361613881345413121
28699,1361612533707194369
28700,1361612170782535680
28701,1361611622566027267
28702,1361611514474545152
28703,1361611316272590853
28704,1361610962743271431
28705,1361610828236087296
28706,1361609928138493954
28707,1361609705949380608
28708,1361608213582524418
28709,1361607032168718337
28710,1361606446119608325
28711,1361605507962843136
28712,1361603269391441920
28713,1361602999144095748
28714,1361602989211975681
28715,1361602170509004805
28716,1361599706057572355
28717,1361598692487274498
28718,1361598413587021825
28719,1361597951676715009
28720,1361597514537963523
28721,1361597354256830466
28722,1361597341984317440
28723,1361596434773127170
28724,1361596175904878593
28725,1361595899038826497
28726,1361595851672535042
28727,1361595674358341632
28728,1361595453398282241
28729,1361595346531594240
28730,1361593832933064705
28731,1361593678209376256
28732,1361591864458170368
28733,1361591757637619712
28734,1361591601479483395
28735,1361591548916465665
28736,1361590375543103489
28737,1361589914660388865
28738,1361587778258153473
28739,1361587491116093442
28740,1361587481276256258
28741,1361583156042858496
28742,1361582632887341056
28743,1361581853401116674
28744,1361581843544502279
28745,1361581076485787650
28746,1361580773619425281
28747,1361580696226181121
28748,1361580169371222017
28749,1361579342447403009
28750,1361579273946030080
28751,1361579222104473605
28752,1361578561648222209
28753,1361578482006949892
28754,1361578120764133379
28755,1361577696023764993
28756,1361576901492559874
28757,1361576552438370304
28758,1361575990502322177
28759,1361574848024166400
28760,1361574389762953217
28761,1361570092912361474
28762,1361568759354302467
28763,1361564718591135744
28764,1361562832236642304
28765,1361556491787001858
28766,1361556280142417921
28767,1361556222118354944
28768,1361555302055895040
28769,1361551182024564738
28770,1361549369741369345
28771,1361548360918925314
28772,1361547497806712832
28773,1361545635221172225
28774,1361544959028056072
28775,1361539225057976321
28776,1361538111516389379
28777,1361536600300265472
28778,1361530300480839689
28779,1361528992663097346
28780,1361525316850774016
28781,1364343998194864128
28782,1364336060986236933
28783,1364322930247802880
28784,1364322359923118087
28785,1364319533876543498
28786,1364319135350546435
28787,1364309297698643970
28788,1364296300804648964
28789,1364294948577828865
28790,1364293904531673093
28791,1364289529595760656
28792,1364289080754917379
28793,1364286045521653762
28794,1364283539471167490
28795,1364280962054574083
28796,1364275511858446337
28797,1364274450821226497
28798,1364265245456412673
28799,1364264812218355714
28800,1364255150072868868
28801,1364250773576699907
28802,1364241191995396099
28803,1364236583713538048
28804,1364230716343660545
28805,1364230241703645189
28806,1364228047075905536
28807,1364225217875173381
28808,1364220137931497472
28809,1364218816163627016
28810,1364213425660956673
28811,1364209180249325568
28812,1364205890610606080
28813,1364199529009012743
28814,1364191213423898626
28815,1364190352593346565
28816,1364188338991878146
28817,1364183356137738245
28818,1364180630569963520
28819,1364180497526571010
28820,1364180430975610883
28821,1364180080323354630
28822,1364180045464543232
28823,1364180009464774659
28824,1364179947615645702
28825,1364179413416497154
28826,1364179356038397958
28827,1364171493438062593
28828,1364170813809848320
28829,1364164606793547776
28830,1364155465966514178
28831,1364152657334710272
28832,1364152343000981504
28833,1364148859753009154
28834,1364148711677435905
28835,1364134202715824132
28836,1364133153657548800
28837,1364110895761264641
28838,1364103713820827649
28839,1364054263547191297
28840,1364024579832885250
28841,1364003822008496129
28842,1364001580719177729
28843,1364001517687169026
28844,1363998604650827782
28845,1363996298060443648
28846,1363989488867885061
28847,1363984599156678656
28848,1363982830460686339
28849,1363977821270528001
28850,1363969652943183875
28851,1363967746187407364
28852,1363966236862926849
28853,1363963844687785986
28854,1363962016248049664
28855,1363957102469918720
28856,1363956271582486534
28857,1363934236504449028
28858,1363934230963707911
28859,1363934225162985484
28860,1363919447073959943
28861,1363911206067724300
28862,1363903081705070593
28863,1363897082340380673
28864,1363896812025901059
28865,1363895980916174851
28866,1363891848142598150
28867,1363889617611747332
28868,1363889613786537988
28869,1363889611458695171
28870,1363889601467863046
28871,1363889599823683588
28872,1363889594664681477
28873,1363889587425271808
28874,1363889573005307904
28875,1363889567254904837
28876,1363889563081601024
28877,1363889537173315587
28878,1363889518634491904
28879,1363889518101823489
28880,1363889518097674253
28881,1363889517581787136
28882,1363889517577596930
28883,1363879286994857986
28884,1363869544520032262
28885,1363857988214272009
28886,1363853279151669250
28887,1363851492004872194
28888,1363850220468068356
28889,1363849622888869896
28890,1363838399464042500
28891,1363832196482686979
28892,1363828999953203208
28893,1363813150672486400
28894,1363803055104421889
28895,1363794745928134656
28896,1363790900334321667
28897,1363790817614323717
28898,1363778694477737985
28899,1363778668758257667
28900,1363760441105776644
28901,1363760243747016706
28902,1363753892224319488
28903,1363733961634103298
28904,1363733894990864384
28905,1363715261942013957
28906,1363676131191316483
28907,1363646710585712647
28908,1363644721457946631
28909,1363644038432382977
28910,1363643838875766786
28911,1363642247070310402
28912,1363641921353179137
28913,1363641742738751494
28914,1363641463964327938
28915,1363639710707515394
28916,1363639213720231940
28917,1363639055410421762
28918,1363638714858168322
28919,1363622463897296903
28920,1363620991629467655
28921,1363610892701753346
28922,1363605557656051720
28923,1363589362466889728
28924,1363589223169863687
28925,1363586901643583494
28926,1363582310424186881
28927,1363581306207166476
28928,1363580671625547777
28929,1363575510849236996
28930,1363564185754435590
28931,1363561044963188738
28932,1363548177790603264
28933,1363512906164371459
28934,1363489829544157187
28935,1363484607975464962
28936,1363475053225066501
28937,1363473553748684802
28938,1363449403328122881
28939,1363416543611224064
28940,1363413906476199937
28941,1363413521460043777
28942,1363411152911429635
28943,1363409677636292611
28944,1363405447294820354
28945,1363405432723750913
28946,1363404699475574787
28947,1363399629514166273
28948,1363397486270963712
28949,1363390798126063616
28950,1363371901649907712
28951,1363368305881276417
28952,1363364074982174721
28953,1363363297425305600
28954,1363356154152300545
28955,1363349645871763456
28956,1363348181896089605
28957,1363346782487511042
28958,1363331430336638978
28959,1363331359507439618
28960,1363319817940258820
28961,1363311804479393801
28962,1363301389464727552
28963,1363293884302954497
28964,1363281091675754496
28965,1363275126393999360
28966,1363271251188457474
28967,1363267108025606145
28968,1363253727289876491
28969,1363253725817626624
28970,1363231983883718658
28971,1363231069642895361
28972,1363230106555195394
28973,1363229423340838912
28974,1363225712250019848
28975,1363201792335609866
28976,1363196737289154570
28977,1363187034244993024
28978,1363184335784980482
28979,1363183090181505029
28980,1363178853309505545
28981,1363173456733478917
28982,1363167519100518404
28983,1363166771193217025
28984,1363144827098050560
28985,1363144695975735298
28986,1363140665794773000
28987,1363137117715587074
28988,1363130081938440195
28989,1363122150522126342
28990,1363115541913862147
28991,1363114251787915265
28992,1363113936523063298
28993,1363108437845028865
28994,1363098213792817161
28995,1363091985880465408
28996,1363089558015991808
28997,1363071714876342273
28998,1363070103680667651
28999,1363060966133530628
29000,1363058248467816448
29001,1362981554620755974
29002,1362927447918927873
29003,1362893890047660036
29004,1362888587818246147
29005,1362858844016283650
29006,1362852919977082880
29007,1362851896676016128
29008,1362837112610041857
29009,1362801091985997828
29010,1362787715394199554
29011,1362785461564018690
29012,1362780621081305110
29013,1362776923991142400
29014,1362756983091265539
29015,1362753869961433091
29016,1362745517411885061
29017,1362734599462354949
29018,1362725543125336065
29019,1362722346621169669
29020,1362706880213229568
29021,1362701542055370754
29022,1362697086110756865
29023,1362689694870491139
29024,1362688370883846146
29025,1362688193133502466
29026,1362664401686454274
29027,1362651381212053505
29028,1362635525828587520
29029,1362629363309682689
29030,1362626186229153792
29031,1362623874945417223
29032,1362622797273530368
29033,1362622497129181186
29034,1362620374450601985
29035,1362619845200785408
29036,1362596184536276993
29037,1362588656129695750
29038,1362559620926107657
29039,1362548948813152263
29040,1362540014199005189
29041,1362539689731907584
29042,1362534021528485898
29043,1362525637303537664
29044,1362525044879069184
29045,1362523961343492103
29046,1362519923201867780
29047,1362518117474263046
29048,1362513677967110145
29049,1362502563489267717
29050,1362502006766764041
29051,1362498086485032963
29052,1362495231711711233
29053,1362493214268211204
29054,1362492087539793922
29055,1362491379566465025
29056,1362488077852307456
29057,1362477080416563210
29058,1362467035293360131
29059,1362464380990947333
29060,1362463726188851201
29061,1362463491731427334
29062,1362463407933382657
29063,1362463088080023553
29064,1362462844344745989
29065,1362460444779241480
29066,1362460116033933312
29067,1362446752440279044
29068,1362439016583475203
29069,1362432443052138500
29070,1362431838300606467
29071,1362426637141368832
29072,1362423532513349634
29073,1362414832046256131
29074,1362413919944519683
29075,1362413135563472901
29076,1362405370996621317
29077,1362391480049037314
29078,1362390758670663680
29079,1362368816869736449
29080,1362367907171303427
29081,1362366665778991110
29082,1362363867440041984
29083,1362354942288293888
29084,1362347210520866820
29085,1362341268450402311
29086,1362336204050599936
29087,1362310469214740480
29088,1362304504956338177
29089,1362283202770067462
29090,1362271878145060866
29091,1362208175957676038
29092,1362190996776366080
29093,1362153518438621187
29094,1362146903014662144
29095,1362138220931276807
29096,1362131147791208452
29097,1362114698846560260
29098,1362110180855590912
29099,1362108574277763078
29100,1362098489702965253
29101,1362091950241947658
29102,1362089727009189893
29103,1362089609291776001
29104,1362072989202849795
29105,1362071040248184836
29106,1362066432163512322
29107,1362065897402294272
29108,1362062423927193600
29109,1362054864482754562
29110,1362054842278100997
29111,1362046907238019072
29112,1362043322907439105
29113,1362039788187115524
29114,1362036765855526914
29115,1362030584864899074
29116,1362027498247249921
29117,1362015887738437638
29118,1361986858603937793
29119,1361983270368522250
29120,1361980062933868544
29121,1361972244935831552
29122,1361970632477523970
29123,1361950621893599233
29124,1361950383447367683
29125,1361924159366955010
29126,1361910915067744256
29127,1361906973726236673
29128,1361859749264969732
29129,1361853594950127624
29130,1361833686497378304
29131,1361822584095047681
29132,1361801333846642690
29133,1361799503620300803
29134,1361798761534676999
29135,1361798500284059650
29136,1361795168966504450
29137,1361775409969455107
29138,1361763544237301761
29139,1361752349744762882
29140,1361747656922583042
29141,1361744654794776580
29142,1361736470772527104
29143,1361736064860364800
29144,1361729558467121152
29145,1361728666955350027
29146,1361727151695933440
29147,1361727149422637060
29148,1361727146666971140
29149,1361718341996544001
29150,1361716969020542980
29151,1361705409925566470
29152,1361697254604746755
29153,1361691238232190983
29154,1361676983722258436
29155,1361676687797325831
29156,1361674436668178433
29157,1361670415249104906
29158,1361661738639360001
29159,1361640479138414592
29160,1361636979218255881
29161,1361629981965713408
29162,1361628814627987458
29163,1361610358851579912
29164,1361597667265150976
29165,1361593197324103681
29166,1364359859924307968
29167,1364359844808040449
29168,1364359838667522054
29169,1364359796015652868
29170,1364359791750111232
29171,1364359758682222593
29172,1364359757495218177
29173,1364359293819113480
29174,1364359035793866753
29175,1364358931989069831
29176,1364358658319147011
29177,1364358639197298691
29178,1364358538202652674
29179,1364358084169236485
29180,1364357829151318017
29181,1364356737902514176
29182,1364356590376255493
29183,1364356363783143425
29184,1364355847594381321
29185,1364355490512326661
29186,1364355439241138176
29187,1364354933529731075
29188,1364354924117639168
29189,1364354567299809282
29190,1364354489210273800
29191,1364354406477619203
29192,1364354399406071809
29193,1364354342799761414
29194,1364353940171726854
29195,1364353782814019584
29196,1364353645765160963
29197,1364353606330310662
29198,1364353006163156993
29199,1364352872738148353
29200,1364352648011522048
29201,1364352530017353735
29202,1364352489768833035
29203,1364352343005945858
29204,1364352239775678464
29205,1364352104882708481
29206,1364352066383208457
29207,1364352051359154181
29208,1364351967074660353
29209,1364351760706514944
29210,1364351594230382592
29211,1364351399182630913
29212,1364351011226288128
29213,1364350562251075585
29214,1364350212890898443
29215,1364350103415308289
29216,1364349904169140224
29217,1364349885290528777
29218,1364349441935880196
29219,1364349191938592768
29220,1364348755848421377
29221,1364348546602979330
29222,1364347778546233350
29223,1364347582143684610
29224,1364347518075744257
29225,1364347428103684099
29226,1364347232913350662
29227,1364347115112194055
29228,1364347035151908869
29229,1364347004688695297
29230,1364346919766614022
29231,1364346715965444102
29232,1364346696910729219
29233,1364346685430890497
29234,1364346646247710725
29235,1364346498020966404
29236,1364346256542302214
29237,1364346253325316096
29238,1364346034806218756
29239,1364345733642678277
29240,1364345526389514242
29241,1364344877144760322
29242,1364344662526427137
29243,1364344283965263874
29244,1364344248141828102
29245,1364343789255589892
29246,1364343449802207236
29247,1364343400296808449
29248,1364343203458150406
29249,1364343089205309440
29250,1364342858048802816
29251,1364342786993102848
29252,1364342751148576772
29253,1364342587818180627
29254,1364342526115725313
29255,1364342486307647489
29256,1364342174800871425
29257,1364342020635037704
29258,1364341728015171587
29259,1364341624592031752
29260,1364341241828298755
29261,1364341063050285057
29262,1364340901221433352
29263,1364340744480313345
29264,1364340682920493058
29265,1364340374072946690
29266,1364340167440531456
29267,1364340152894713861
29268,1364339782210490370
29269,1364339696390844420
29270,1364339694989946880
29271,1364338564012646401
29272,1364338083806740484
29273,1364338013917114371
29274,1364337706331996177
29275,1364337145196994569
29276,1364337022962442240
29277,1364336840841564166
29278,1364336744724889602
29279,1364336584716406795
29280,1364336486464827397
29281,1364336254939254784
29282,1364336143886606339
29283,1364335829712310280
29284,1364335483162144774
29285,1364335300756004880
29286,1364335269885980684
29287,1364334833762189314
29288,1364334808273477632
29289,1364334233796370433
29290,1364334118197219328
29291,1364333700683620353
29292,1364333332838940672
29293,1364333109081223168
29294,1364332654078918661
29295,1364332091257876485
29296,1364331967634960392
29297,1364331916065992715
29298,1364331536250793987
29299,1364331188916285441
29300,1364329678920638468
29301,1364329628190593030
29302,1364329531339923458
29303,1364328756438048768
29304,1364328665652355072
29305,1364328384449413121
29306,1364328133831364612
29307,1364328055402098694
29308,1364327819053039619
29309,1364327744620924929
29310,1364327270249357314
29311,1364327221964517376
29312,1364327215421415424
29313,1364326329676681218
29314,1364326291042938884
29315,1364326273670139907
29316,1364326122964549638
29317,1364326107529547780
29318,1364325785063092226
29319,1364325628607143943
29320,1364325592452235269
29321,1364325436747112449
29322,1364324908080193536
29323,1364324841759928324
29324,1364324763783544838
29325,1364324710968942592
29326,1364324287126114305
29327,1364324198341095429
29328,1364323686581489671
29329,1364323091711746052
29330,1364323091615256584
29331,1364323029971595267
29332,1364322833040564225
29333,1364322252469198848
29334,1364322139202088961
29335,1364322058193240067
29336,1364321160746295296
29337,1364320918466670598
29338,1364320851991134208
29339,1364320688631386119
29340,1364320682050486283
29341,1364320604703383553
29342,1364320557014122498
29343,1364320514227986436
29344,1364320377594388493
29345,1364320043367092227
29346,1364319400959107072
29347,1364319396487958533
29348,1364319243370700809
29349,1364319242829627395
29350,1364319119546417163
29351,1364319098100977669
29352,1364318452069064704
29353,1364318439918219269
29354,1364318195109232640
29355,1364318191212707849
29356,1364318139278909444
29357,1364318114658320385
29358,1364318073436708866
29359,1364318032764502018
29360,1364318024946360320
29361,1364318003245051909
29362,1364317981652774913
29363,1364317722113368070
29364,1364317690568048645
29365,1364317558053175296
29366,1364317488008331268
29367,1364316323992469507
29368,1364315666942164995
29369,1364315233473474562
29370,1364315204721467401
29371,1364315016481153024
29372,1364314833139757056
29373,1364314831252320258
29374,1364314662842601473
29375,1364314461482479623
29376,1364314226471411713
29377,1364314102047387654
29378,1364313940851834889
29379,1364313411350388743
29380,1364313106420277249
29381,1364312941647044609
29382,1364312912974741507
29383,1364312521222598664
29384,1364312363890053123
29385,1364312333745553408
29386,1364311268690132993
29387,1364311082064621569
29388,1364310838207799298
29389,1364310595915382786
29390,1364310287608872964
29391,1364309743867682821
29392,1364309701626855430
29393,1364309225971871744
29394,1364309223425908736
29395,1364308387446607875
29396,1364308274472968198
29397,1364308168948473856
29398,1364307405899788295
29399,1364307310663860224
29400,1364307119676272645
29401,1364307016123088907
29402,1364306186116468742
29403,1364305993044287488
29404,1364305392369557508
29405,1364305293081907201
29406,1364304998931312644
29407,1364304498219433987
29408,1364304467173273601
29409,1364304443030851591
29410,1364304372025479170
29411,1364304023101132802
29412,1364303787272339474
29413,1364303607940710404
29414,1364303395646021638
29415,1364303372044668928
29416,1364303370794774529
29417,1364303189156253698
29418,1364303188661334020
29419,1364303178691473420
29420,1364302852030668811
29421,1364302827489792004
29422,1364302821437419522
29423,1364302572035731456
29424,1364302518122086406
29425,1364302407828701190
29426,1364302342762491904
29427,1364302340392632321
29428,1364302338475884546
29429,1364301943686971396
29430,1364301327858302980
29431,1364301284778659844
29432,1364301047607537668
29433,1364300944419278853
29434,1364300868561096714
29435,1364300791058694148
29436,1364300706153381889
29437,1364300310752149508
29438,1364299605106655235
29439,1364299573854949376
29440,1364299419496173571
29441,1364299248171446282
29442,1364298822902550530
29443,1364298159925657602
29444,1364298073036439553
29445,1364297986646376452
29446,1364297625651064835
29447,1364296866263891973
29448,1364296749662294024
29449,1364296122353745922
29450,1364295985644601349
29451,1364295372336693251
29452,1364295158100025358
29453,1364295022078746628
29454,1364294948393263109
29455,1364294711327010823
29456,1364294601897607169
29457,1364293391958355978
29458,1364293190531092480
29459,1364292660945702919
29460,1364292537155002376
29461,1364292224096337920
29462,1364291709119717377
29463,1364291417867182082
29464,1364291090061361153
29465,1364290982573932551
29466,1364290476153712641
29467,1364290217620946947
29468,1364290156870717445
29469,1364289702866657286
29470,1364289422477438979
29471,1364289190612115456
29472,1364289044872630274
29473,1364288926580629506
29474,1364288920398217218
29475,1364288741288853504
29476,1364288273145679873
29477,1364288197379960834
29478,1364287972347150336
29479,1364287490534895621
29480,1364287020017856528
29481,1364286367879090178
29482,1364285842227945472
29483,1364285815552098311
29484,1364285645703835648
29485,1364285547498397698
29486,1364285095213948928
29487,1364285064088059905
29488,1364284434086834176
29489,1364284399789821954
29490,1364283823891111936
29491,1364283657549185034
29492,1364283288970485766
29493,1364282664455397380
29494,1364282435467440132
29495,1364282385072852993
29496,1364281754325032962
29497,1364281707726336003
29498,1364281067507703810
29499,1364280830147899393
29500,1364280807850979330
29501,1364280783683416066
29502,1364280738691108864
29503,1364280543874015232
29504,1364280409031385093
29505,1364280264868978694
29506,1364280085726040065
29507,1364279916079026177
29508,1364279687346868231
29509,1364279655721807875
29510,1364279554269929472
29511,1364279390713094152
29512,1364279139725946884
29513,1364278636166189056
29514,1364278573419409409
29515,1364278548740124672
29516,1364278064335753216
29517,1364277540672667654
29518,1364277213881896963
29519,1364277167333527552
29520,1364277108667781129
29521,1364277015810088961
29522,1364276985325903878
29523,1364276360773054467
29524,1364276162592129031
29525,1364276038591795203
29526,1364276012499009542
29527,1364275981595398145
29528,1364275727236030465
29529,1364274803683827721
29530,1364274617888763914
29531,1364274444471070721
29532,1364274429598060548
29533,1364274234869108742
29534,1364274049711542290
29535,1364273851555807235
29536,1364273809436639232
29537,1364273311228841987
29538,1364273061588066304
29539,1364272748156116994
29540,1364271892593524744
29541,1364271779661946883
29542,1364271529006096389
29543,1364271226064166916
29544,1364270727877320704
29545,1364270708650557441
29546,1364270699318231043
29547,1364270265392316424
29548,1364270120336560130
29549,1364269374090149888
29550,1364269019063287811
29551,1364268555387211780
29552,1364268439095943175
29553,1364267885674250241
29554,1364267675288031234
29555,1364267453031866377
29556,1364267101381345280
29557,1364266492808867845
29558,1364266116491735041
29559,1364265561824387073
29560,1364265068364509185
29561,1364264773106495498
29562,1364264423624474625
29563,1364264388887248905
29564,1364264332574543878
29565,1364263767811518471
29566,1364263384611500032
29567,1364263198493339650
29568,1364263163651325953
29569,1364263163043188738
29570,1364263162204274696
29571,1364263162103672836
29572,1364263162003001345
29573,1364263157804498946
29574,1364262696431079427
29575,1364261435723939850
29576,1364261377028800513
29577,1364261227753590787
29578,1364260811733159949
29579,1364260210785857536
29580,1364260086810628097
29581,1364259844165947398
29582,1364259823215382533
29583,1364259691438686208
29584,1364258934740164619
29585,1364258730699874304
29586,1364258472385277954
29587,1364258338071019529
29588,1364258133036699648
29589,1364258011334795266
29590,1364257633977384964
29591,1364257489047478275
29592,1364256598097620994
29593,1364256446779691008
29594,1364256196681695236
29595,1364255814039576577
29596,1364255260399837186
29597,1364255156687298564
29598,1364254467307286531
29599,1364254417554440194
29600,1364254308733251588
29601,1364253670792118277
29602,1364253327488344071
29603,1364253137796800512
29604,1364253074194395136
29605,1364252452401405954
29606,1364252434693029888
29607,1364252231021821952
29608,1364251907859116036
29609,1364251832101568512
29610,1364251638639263755
29611,1364251519097405440
29612,1364250496584871939
29613,1364249817921241088
29614,1364248411902513155
29615,1364248163687759894
29616,1364248088274235393
29617,1364247602435399683
29618,1364246919766278147
29619,1364246858692968454
29620,1364246684985937920
29621,1364246656343019526
29622,1364246170810384390
29623,1364245976811241472
29624,1364245819868778497
29625,1364245796972077059
29626,1364245566906130438
29627,1364245484261560329
29628,1364245433162301441
29629,1364245425126055938
29630,1364245424136159234
29631,1364245424098463745
29632,1364245302945849344
29633,1364245286235893765
29634,1364245267441192961
29635,1364245266363260931
29636,1364245266124189704
29637,1364245260868718594
29638,1364244973516959744
29639,1364244876049739781
29640,1364244691592577024
29641,1364243620958670848
29642,1364243476095905795
29643,1364243229986746370
29644,1364243128635555844
29645,1364243010003886080
29646,1364242815904067589
29647,1364242759016714254
29648,1364242729132322817
29649,1364242588669206528
29650,1364242524664197122
29651,1364242486219206657
29652,1364241729235398656
29653,1364241574763364352
29654,1364241126962696198
29655,1364240577622073346
29656,1364240153427009536
29657,1364240071105331204
29658,1364239863176978434
29659,1364239715361320972
29660,1364239469583495176
29661,1364239397428854789
29662,1364238968812957710
29663,1364238902278684680
29664,1364238526599094278
29665,1364237878415527948
29666,1364237616179249157
29667,1364236876115288068
29668,1364236761220722694
29669,1364236432127242245
29670,1364236358986960903
29671,1364236352942923784
29672,1364236286769438728
29673,1364235135298715649
29674,1364235114708934658
29675,1364234835917701121
29676,1364234551636164611
29677,1364234365618765829
29678,1364233962898542592
29679,1364233503651614724
29680,1364232563129212929
29681,1364232337429581844
29682,1364232194378657794
29683,1364232070235619328
29684,1364231920645787649
29685,1364231874466504704
29686,1364231708695003139
29687,1364231610745446400
29688,1364230324637605892
29689,1364230004779995137
29690,1364229967022878722
29691,1364229922676432897
29692,1364229886479638534
29693,1364229674327568389
29694,1364228997454782472
29695,1364228897915641877
29696,1364228640955858945
29697,1364228492313952260
29698,1364228198024814592
29699,1364228170778431496
29700,1364228115476606979
29701,1364227181279240197
29702,1364225625066676236
29703,1364225544359796741
29704,1364225491910098949
29705,1364225464026324993
29706,1364224856041029636
29707,1364224392113184782
29708,1364224315558793226
29709,1364223633317523472
29710,1364223243779891201
29711,1364222808960561152
29712,1364222691994001413
29713,1364222373893865475
29714,1364221700242436098
29715,1364220793127854083
29716,1364220497739862017
29717,1364219450384404482
29718,1364219130870702080
29719,1364218989329735683
29720,1364218539599687680
29721,1364217757374373888
29722,1364217358894702597
29723,1364217257413521412
29724,1364217211309592584
29725,1364217116132573186
29726,1364216957466271744
29727,1364216318833152000
29728,1364216094630817798
29729,1364214799941459970
29730,1364214359694712845
29731,1364214153251065863
29732,1364214042575970307
29733,1364213865379229698
29734,1364213493512208386
29735,1364213339585413121
29736,1364212981337366534
29737,1364212967215136769
29738,1364212964287471620
29739,1364212849913061391
29740,1364212800290177026
29741,1364212619364741123
29742,1364212575051931653
29743,1364212518596534272
29744,1364212350727950339
29745,1364212262249107456
29746,1364212141696430080
29747,1364211727336898561
29748,1364211710974918656
29749,1364211587129688065
29750,1364211566393122824
29751,1364211466744844298
29752,1364209086192091138
29753,1364208701666656257
29754,1364208677868236805
29755,1364208312363933697
29756,1364208293233754112
29757,1364207171689472002
29758,1364206801185615875
29759,1364206264591515649
29760,1364205961414647811
29761,1364205861023973377
29762,1364205612981182467
29763,1364205437491544068
29764,1364205424493395973
29765,1364205397196873730
29766,1364205341668433920
29767,1364205225406521345
29768,1364205205651415041
29769,1364204687499669508
29770,1364204403062960131
29771,1364204325891952646
29772,1364204007862984706
29773,1364203694485512193
29774,1364203680942026753
29775,1364203663502307328
29776,1364203360530882560
29777,1364203295678554115
29778,1364202576481316868
29779,1364202138407215107
29780,1364201984199438337
29781,1364201557714173954
29782,1364201165316063232
29783,1364200322869174272
29784,1364200102970155010
29785,1364200081180745731
29786,1364199745711931399
29787,1364199666250883078
29788,1364199580619968513
29789,1364199530577723393
29790,1364199529822715909
29791,1364199506586333186
29792,1364199477968588800
29793,1364199260418375680
29794,1364198435990159363
29795,1364198333284245508
29796,1364198164413177857
29797,1364198161171042312
29798,1364198124042993670
29799,1364197922510934020
29800,1364197871663341570
29801,1364197627630354434
29802,1364197417797697541
29803,1364197032978710534
29804,1364197003023036418
29805,1364196872966066176
29806,1364196468446408709
29807,1364196384031846412
29808,1364196372937924610
29809,1364195608706351107
29810,1364195461809192960
29811,1364195418867957760
29812,1364195265406763009
29813,1364195187057184768
29814,1364194948078264322
29815,1364194450768093188
29816,1364194329166819334
29817,1364194052707606531
29818,1364193497432158209
29819,1364193207538614277
29820,1364193147581038597
29821,1364193113779167234
29822,1364192962968756224
29823,1364192925261955074
29824,1364192676267065348
29825,1364192570847412235
29826,1364192447912411136
29827,1364192234942459905
29828,1364191647567925249
29829,1364191495352430593
29830,1364191392478752773
29831,1364191319292338176
29832,1364191248379236360
29833,1364191226988294146
29834,1364191192213250051
29835,1364190969873244164
29836,1364190766126555136
29837,1364190194874920960
29838,1364189166096044036
29839,1364189116015894528
29840,1364189112576712711
29841,1364189081702440962
29842,1364188835060600834
29843,1364188640381984768
29844,1364188638913982464
29845,1364188536380026881
29846,1364188263515361281
29847,1364187091173842945
29848,1364186798969266176
29849,1364186038432841730
29850,1364185914822508546
29851,1364185754990166016
29852,1364185574513537026
29853,1364185374805921792
29854,1364185333814988801
29855,1364185206085869571
29856,1364185079489191937
29857,1364184960664485888
29858,1364184927609237507
29859,1364184900321112064
29860,1364184874169618432
29861,1364184810940493827
29862,1364184756158672897
29863,1364184547898834949
29864,1364184487232491525
29865,1364184022188982272
29866,1364183974671712259
29867,1364183388865789955
29868,1364183375355863042
29869,1364182902599266304
29870,1364182860094144512
29871,1364182090242260996
29872,1364181853511561222
29873,1364180285227753473
29874,1364180050241851392
29875,1364179885577625609
29876,1364179839574544391
29877,1364179472572907522
29878,1364179408307822593
29879,1364179374082306048
29880,1364179149112410118
29881,1364178202483187712
29882,1364178191338909703
29883,1364178053124022277
29884,1364177463803281411
29885,1364177061829558272
29886,1364176759248347138
29887,1364176609419399172
29888,1364176346197471235
29889,1364174311142088709
29890,1364173901090205697
29891,1364173582931263488
29892,1364173550618365955
29893,1364173468779110402
29894,1364173334884179968
29895,1364173325560242180
29896,1364173195478245382
29897,1364173028901453824
29898,1364172016627167234
29899,1364171516682899460
29900,1364171296565780481
29901,1364171143914139650
29902,1364170904222195712
29903,1364170655252496391
29904,1364170616723677189
29905,1364170078158225408
29906,1364168617483509763
29907,1364168552094269440
29908,1364168176477601797
29909,1364168087159771142
29910,1364168075029979136
29911,1364167581670719490
29912,1364167302778933249
29913,1364167156678680576
29914,1364166957528985604
29915,1364166909130858499
29916,1364166271986720769
29917,1364165884084953088
29918,1364165863641919488
29919,1364165662835429388
29920,1364165638445490177
29921,1364165603527970821
29922,1364165463585017862
29923,1364164866576113664
29924,1364164781557624837
29925,1364164600506314752
29926,1364164498186252290
29927,1364164290555617284
29928,1364163617021657094
29929,1364163427330117633
29930,1364163273298481156
29931,1364163088325443591
29932,1364162636238245889
29933,1364160076567699457
29934,1364160038785400834
29935,1364159866886094848
29936,1364159573767127041
29937,1364159368275652608
29938,1364158923989782529
29939,1364157863460016129
29940,1364157152458403840
29941,1364156665336102912
29942,1364156430174068737
29943,1364155861434834945
29944,1364155687496998913
29945,1364155557242953733
29946,1364155329781587968
29947,1364155265344503811
29948,1364155171585093632
29949,1364154228168613890
29950,1364154054478331909
29951,1364153647156854785
29952,1364153095316508674
29953,1364152546189795328
29954,1364152416963280898
29955,1364151141261586432
29956,1364150966858178560
29957,1364150751635910658
29958,1364150453009801216
29959,1364149982564143104
29960,1364149829883019266
29961,1364149430694387714
29962,1364148764378808324
29963,1364148617443823616
29964,1364148184067551234
29965,1364148063351304196
29966,1364147671108354053
29967,1364147277691027456
29968,1364146754271215617
29969,1364146392478932992
29970,1364146228980760576
29971,1364146191529889795
29972,1364146104938422272
29973,1364145992635924481
29974,1364145876369870853
29975,1364145839636172801
29976,1364145267302412291
29977,1364144341258805249
29978,1364143607486287876
29979,1364142766243147776
29980,1364142598915522560
29981,1364142155296616451
29982,1364142057359556612
29983,1364141955714842627
29984,1364141229873717248
29985,1364140810325815296
29986,1364140796849520640
29987,1364140698602242055
29988,1364140599193063426
29989,1364140209378582530
29990,1364139532887724034
29991,1364139110529716226
29992,1364138848998014976
29993,1364138760364036097
29994,1364138033260367875
29995,1364138019628974083
29996,1364137960883580930
29997,1364137474994417665
29998,1364137464244408321
29999,1364137407696826369
30000,1364137110748475393
30001,1364136943420919808
30002,1364136291789594624
30003,1364136005977190400
30004,1364135410818048000
30005,1364135266215227392
30006,1364135239573004288
30007,1364135215959015424
30008,1364135003974737925
30009,1364134618610479106
30010,1364134457251418114
30011,1364133485716332546
30012,1364133062200725506
30013,1364132828376670208
30014,1364131895324327936
30015,1364131596526358532
30016,1364131513567215616
30017,1364130908568190976
30018,1364130793354854402
30019,1364130600232259585
30020,1364129588285210624
30021,1364129090756878336
30022,1364128992215912449
30023,1364128799596703744
30024,1364128633233768449
30025,1364128503143268353
30026,1364128218962403332
30027,1364128094521597954
30028,1364127638277791747
30029,1364127549757009920
30030,1364126262919323650
30031,1364125728388902912
30032,1364125635447115780
30033,1364125621832478722
30034,1364125617361465347
30035,1364124541442736128
30036,1364124212735184899
30037,1364124133777428481
30038,1364122038512865281
30039,1364121199966642178
30040,1364119549281505281
30041,1364118868420153345
30042,1364118449631485952
30043,1364117340783333378
30044,1364113852561031168
30045,1364113507264978951
30046,1364109636853497857
30047,1364106293775056896
30048,1364106094419865601
30049,1364105663312502785
30050,1364105627287638016
30051,1364105488854511619
30052,1364105475378216960
30053,1364105219525775361
30054,1364104069212758019
30055,1364103645093109760
30056,1364103432639029251
30057,1364103424103579651
30058,1364103202916999168
30059,1364103141197774850
30060,1364103114769526785
30061,1364101215370510339
30062,1364101025418907652
30063,1364100935136468993
30064,1364100431086055428
30065,1364100366552326149
30066,1364100357232627712
30067,1364100171521523712
30068,1364100085181804544
30069,1364099655471161346
30070,1364099230562975751
30071,1364098835019161604
30072,1364098543695372288
30073,1364097886972043270
30074,1364097873504137221
30075,1364097731401306113
30076,1364097681279377408
30077,1364097176360677377
30078,1364094724936773632
30079,1364093748465041408
30080,1364093256242520065
30081,1364092217816678400
30082,1364090671037038592
30083,1364088927129382917
30084,1364088123299426306
30085,1364087716015575041
30086,1364085502194970625
30087,1364085097226334210
30088,1364085087877300227
30089,1364084806095695883
30090,1364083528800026625
30091,1364083449968144384
30092,1364082802090778624
30093,1364082792703815684
30094,1364082457650360320
30095,1364081472588681217
30096,1364080652786745346
30097,1364078210112245761
30098,1364077971397636096
30099,1364077760965005316
30100,1364077053885231104
30101,1364076622241009665
30102,1364074456948363264
30103,1364073572495458307
30104,1364073232249331714
30105,1364072557100625920
30106,1364072116593778692
30107,1364070848966049792
30108,1364070485152169986
30109,1364070383893241858
30110,1364070126862012416
30111,1364070025594687491
30112,1364070016350523396
30113,1364069848435802113
30114,1364069575588016132
30115,1364069135261569029
30116,1364067933727686656
30117,1364067529459720195
30118,1364067524489404417
30119,1364067171396161541
30120,1364066445919997953
30121,1364066012442873856
30122,1364065997469192195
30123,1364065392218537986
30124,1364065076509081600
30125,1364064731636654082
30126,1364064528456179712
30127,1364064043581980672
30128,1364064008286973957
30129,1364063620401926145
30130,1364063557999026177
30131,1364063543792984069
30132,1364063522066472963
30133,1364063159053606915
30134,1364062434978390017
30135,1364062155767746561
30136,1364061460213678084
30137,1364061243414306816
30138,1364060430298198017
30139,1364060172008710146
30140,1364060128924770306
30141,1364060115435806724
30142,1364058898060222466
30143,1364058369384923140
30144,1364057326559371265
30145,1364056062480052224
30146,1364055366544347136
30147,1364055114152091651
30148,1364054023435923457
30149,1364052280077651970
30150,1364051748436992002
30151,1364051740295892993
30152,1364051003235041280
30153,1364050781863895041
30154,1364050555275010049
30155,1364050098221539330
30156,1364050084782960643
30157,1364048677845794818
30158,1364048559318908928
30159,1364048440725032961
30160,1364048254204321794
30161,1364046971808448515
30162,1364046921288065025
30163,1364046888387948545
30164,1364046642253553664
30165,1364046297951588352
30166,1364045680969416718
30167,1364045357450219525
30168,1364044796847747072
30169,1364044071455571972
30170,1364043962646986756
30171,1364043870233894915
30172,1364043622669295618
30173,1364042420057473026
30174,1364042286221451266
30175,1364042137508192256
30176,1364042120357625859
30177,1364041502020804611
30178,1364040476031148035
30179,1364040395554963456
30180,1364040258468405248
30181,1364039928464744450
30182,1364038933416456194
30183,1364038174834651138
30184,1364037289786114048
30185,1364037256953163780
30186,1364037185209569280
30187,1364037107229085774
30188,1364036897803280388
30189,1364036142505549824
30190,1364036108363915265
30191,1364035933834772484
30192,1364035808433496067
30193,1364035782231674880
30194,1364034745940770823
30195,1364034067818250240
30196,1364033986402648064
30197,1364032850232815617
30198,1364032520627625986
30199,1364032271456612354
30200,1364031852017778696
30201,1364030831342272517
30202,1364030457516593152
30203,1364030367666221060
30204,1364030116263841794
30205,1364029946058924038
30206,1364029623005282306
30207,1364028904042868743
30208,1364028680750661632
30209,1364028602484985864
30210,1364028529063694338
30211,1364028505453981709
30212,1364028427091783685
30213,1364028355092357122
30214,1364028281683599362
30215,1364028097578860546
30216,1364027462762565633
30217,1364027430063644676
30218,1364026815036145667
30219,1364026542385467393
30220,1364025959100407809
30221,1364025957636538371
30222,1364025577808740352
30223,1364023972325691398
30224,1364023797414842370
30225,1364023639583182850
30226,1364023323311677447
30227,1364023261227589637
30228,1364023246119706626
30229,1364023139328491520
30230,1364022573776982016
30231,1364022410069094400
30232,1364021985941012486
30233,1364021884149506050
30234,1364021618599723008
30235,1364021267385442305
30236,1364021162200731652
30237,1364021002074734592
30238,1364020711531102209
30239,1364020512872095747
30240,1364020338670059526
30241,1364020299491065856
30242,1364019344880132104
30243,1364019262785024007
30244,1364019086490030080
30245,1364019038603599873
30246,1364018949650808837
30247,1364018916352270345
30248,1364018775893409794
30249,1364018736257265673
30250,1364018728615239689
30251,1364018695966765056
30252,1364018616081915904
30253,1364018552290820098
30254,1364018247478165506
30255,1364018187369668614
30256,1364018096449683457
30257,1364017899250339842
30258,1364017834028912643
30259,1364017737312448515
30260,1364017662041423873
30261,1364017522157248514
30262,1364017447481786368
30263,1364017398941122562
30264,1364016862217011208
30265,1364016561716154368
30266,1364016520230301696
30267,1364016433232048130
30268,1364016340772782081
30269,1364016226335395843
30270,1364016211722440710
30271,1364015433280589824
30272,1364015270281543683
30273,1364014939766194182
30274,1364014813353967618
30275,1364014804034232324
30276,1364014580603707392
30277,1364014556868149249
30278,1364014028402606090
30279,1364013801398501378
30280,1364013134491623425
30281,1364013127583596546
30282,1364012974533464067
30283,1364012758262505478
30284,1364012446105669634
30285,1364012320792317956
30286,1364012307307585541
30287,1364012172981006337
30288,1364012107805585411
30289,1364012022032121858
30290,1364011862862548992
30291,1364011689675550720
30292,1364011683413393408
30293,1364011494736875524
30294,1364011375975145472
30295,1364011236782985216
30296,1364011149285556224
30297,1364010993643356164
30298,1364010784884486144
30299,1364009772966686720
30300,1364009750007058438
30301,1364009688006811651
30302,1364009503696580609
30303,1364009499640680450
30304,1364009352101851143
30305,1364009052280410112
30306,1364008706594254855
30307,1364008553133076480
30308,1364008457549074433
30309,1364008093739347971
30310,1364008043613159426
30311,1364007697432137728
30312,1364007677244882947
30313,1364007100913975296
30314,1364007025504636929
30315,1364006779026309126
30316,1364006616400596997
30317,1364005408298446851
30318,1364005404401938434
30319,1364005349523652608
30320,1364005299292676101
30321,1364005242556329992
30322,1364005182829457410
30323,1364005134687166464
30324,1364004346833289220
30325,1364004045346717697
30326,1364003722477600779
30327,1364003692240855041
30328,1364003437524959234
30329,1364003212555128832
30330,1364003179822804997
30331,1364003063971926020
30332,1364002896199774209
30333,1364002242131603462
30334,1364002043971702790
30335,1364001550990008325
30336,1364001414280859649
30337,1364001326858833929
30338,1364001270604922881
30339,1364001188392423427
30340,1364001154896711681
30341,1363999730414608386
30342,1363999669911715844
30343,1363999631831670787
30344,1363999383226834945
30345,1363999315283365890
30346,1363999198631313409
30347,1363998796787691525
30348,1363998580822986755
30349,1363998372881985543
30350,1363998319261999119
30351,1363998262282362880
30352,1363998223392718852
30353,1363998122767228936
30354,1363998105209876487
30355,1363997863257104384
30356,1363997745753845761
30357,1363997740754235398
30358,1363997349064945665
30359,1363997262356111362
30360,1363997025424048131
30361,1363996857094070274
30362,1363996734523928580
30363,1363996485373861890
30364,1363996433918091266
30365,1363996367358730242
30366,1363996227671572480
30367,1363996226115485696
30368,1363996141709381632
30369,1363996022339497984
30370,1363995923827871744
30371,1363995670609334273
30372,1363995332254793731
30373,1363995158396760067
30374,1363995158262513669
30375,1363995076821663745
30376,1363994730028281860
30377,1363994665255661568
30378,1363994547227877376
30379,1363994532199751680
30380,1363994257900638212
30381,1363993916907933698
30382,1363993818023030785
30383,1363993702843244547
30384,1363993041028214784
30385,1363993034187288577
30386,1363992980168802309
30387,1363992460976914434
30388,1363992444547825665
30389,1363992109775261703
30390,1363991923049066505
30391,1363991863473152004
30392,1363991774889472002
30393,1363991689094922241
30394,1363991426015629316
30395,1363991223468503051
30396,1363991028106203138
30397,1363990797226569729
30398,1363990736845348864
30399,1363990599490273285
30400,1363990597162455040
30401,1363990516199743488
30402,1363990376982319106
30403,1363990073616777225
30404,1363989828631744514
30405,1363989419099832325
30406,1363989181492584450
30407,1363989179600932864
30408,1363989137418821634
30409,1363989030036201473
30410,1363989011031879681
30411,1363988815539560453
30412,1363988722686038021
30413,1363988682752069639
30414,1363988609255227402
30415,1363988583162470401
30416,1363988558877495296
30417,1363988558466416640
30418,1363988525859954689
30419,1363988524488421379
30420,1363988490040524802
30421,1363988463012438018
30422,1363988455705968644
30423,1363988434344370182
30424,1363988399888171009
30425,1363988361438986241
30426,1363988313435217920
30427,1363988206618820608
30428,1363988113807335430
30429,1363987955652698114
30430,1363987880910143488
30431,1363987711191896065
30432,1363987563015532548
30433,1363987434405584896
30434,1363987402122002433
30435,1363987363085582343
30436,1363987235914276877
30437,1363987108621393924
30438,1363986740470513667
30439,1363986681200836611
30440,1363986677295906819
30441,1363986182976253959
30442,1363986031205224448
30443,1363985880671748100
30444,1363985803874086912
30445,1363985743610281989
30446,1363985742632992768
30447,1363985626677321737
30448,1363985170328678401
30449,1363985135046131716
30450,1363984990552395777
30451,1363984476217434112
30452,1363984264732246016
30453,1363984030589460482
30454,1363984018174271489
30455,1363983545685979140
30456,1363983495085834240
30457,1363983205456576513
30458,1363983197202243593
30459,1363983003672846339
30460,1363982790765785088
30461,1363982251516702720
30462,1363982089184571394
30463,1363981939796025344
30464,1363981676486000641
30465,1363981606055268354
30466,1363981510940966914
30467,1363981509263306755
30468,1363981481400532997
30469,1363981188235489281
30470,1363981108711407621
30471,1363980613141868546
30472,1363980137633611777
30473,1363980104758661125
30474,1363979983597817860
30475,1363979966308835331
30476,1363979930564968449
30477,1363979787493122051
30478,1363979581364072461
30479,1363979432428507141
30480,1363979410517417984
30481,1363979322567057416
30482,1363979022447894529
30483,1363978864934977539
30484,1363978501976690698
30485,1363978363031928836
30486,1363978311911759874
30487,1363978292160835586
30488,1363978133381201920
30489,1363977506685091844
30490,1363977500037152769
30491,1363977376749780993
30492,1363977049451466752
30493,1363977018673664004
30494,1363976996267655168
30495,1363976969537400840
30496,1363976946309283844
30497,1363976701894668288
30498,1363976662019411969
30499,1363976616351825922
30500,1363976526774079491
30501,1363976433798959117
30502,1363976384729726980
30503,1363976361476567042
30504,1363975968055001097
30505,1363975828028223493
30506,1363975657286479874
30507,1363975531851640832
30508,1363975396472090626
30509,1363975213927583746
30510,1363975208521105411
30511,1363974766399488006
30512,1363974573918720004
30513,1363974499193004043
30514,1363974319366430721
30515,1363974290002096135
30516,1363974145776771073
30517,1363973981091553287
30518,1363973981074841601
30519,1363973924388765704
30520,1363973741554896898
30521,1363973740283850753
30522,1363973589855137798
30523,1363973516551467008
30524,1363973511308574723
30525,1363973442375196679
30526,1363973319641415681
30527,1363973125608718337
30528,1363972612435685378
30529,1363972342066610176
30530,1363972271841431563
30531,1363971849550499842
30532,1363971788821135366
30533,1363971743648464902
30534,1363971685746167809
30535,1363971665248591879
30536,1363971595115577346
30537,1363971585225486338
30538,1363971537431371779
30539,1363971509128224768
30540,1363971437812477960
30541,1363971417323278347
30542,1363971270103224322
30543,1363971242282405889
30544,1363970939885600771
30545,1363970841864765445
30546,1363970728207527941
30547,1363970464280903680
30548,1363970280335564800
30549,1363970009521881095
30550,1363969832547463170
30551,1363969801010499585
30552,1363969638900649985
30553,1363969537620779009
30554,1363969531761278977
30555,1363969486785830912
30556,1363969476463648782
30557,1363969301787668481
30558,1363969264198291460
30559,1363969168534552584
30560,1363968949893873669
30561,1363968894935924751
30562,1363968836362510342
30563,1363968482283560960
30564,1363968430316093451
30565,1363968344135766018
30566,1363968273126203398
30567,1363968153714368518
30568,1363968145044754433
30569,1363968142981156867
30570,1363968040585551879
30571,1363967534987362309
30572,1363967459888365574
30573,1363967176596746243
30574,1363967147299463171
30575,1363967105029328896
30576,1363967035416412167
30577,1363966949403860993
30578,1363966858790113286
30579,1363966796034945028
30580,1363966545521737730
30581,1363966542745116673
30582,1363966539419033601
30583,1363966356870352900
30584,1363966272241889281
30585,1363966224888193024
30586,1363966113915273217
30587,1363966000673259521
30588,1363965839217672194
30589,1363965798511861762
30590,1363965512707899402
30591,1363965433330757636
30592,1363965432336646146
30593,1363965213985406979
30594,1363965206045597703
30595,1363965056174686218
30596,1363964948817338372
30597,1363964897625858048
30598,1363964888293519370
30599,1363964654914048010
30600,1363964393940258824
30601,1363964370447970311
30602,1363964262998298628
30603,1363964257310822404
30604,1363964180764753920
30605,1363964180219453442
30606,1363963677263683588
30607,1363963536381276164
30608,1363963420966543369
30609,1363963287117914119
30610,1363963151247630346
30611,1363962972775854086
30612,1363962950944440326
30613,1363962882489204740
30614,1363962780605415426
30615,1363962308997832707
30616,1363962299447410700
30617,1363962236440576007
30618,1363962145763979264
30619,1363962045725630468
30620,1363962019783843845
30621,1363961635338084354
30622,1363961468920750083
30623,1363961045480570882
30624,1363960861694578699
30625,1363960748553232385
30626,1363960628071849988
30627,1363960517790994443
30628,1363960360332652547
30629,1363960315310985221
30630,1363960260399140867
30631,1363960122930851842
30632,1363959836057206788
30633,1363959561271586819
30634,1363959291762343941
30635,1363959143409811463
30636,1363959049671303168
30637,1363959016376983556
30638,1363958916011483144
30639,1363958783056166912
30640,1363958582371360770
30641,1363958319778570240
30642,1363957864407175171
30643,1363957828759732227
30644,1363957354748923920
30645,1363957197391167490
30646,1363956464495321092
30647,1363955649579806720
30648,1363955643732885506
30649,1363955542197235717
30650,1363955438610440197
30651,1363955419039862802
30652,1363955391323910147
30653,1363955385191829514
30654,1363954437228740609
30655,1363954286183464967
30656,1363954142474080260
30657,1363954119527006208
30658,1363953864228143104
30659,1363953686137946122
30660,1363953607301861377
30661,1363953550859059202
30662,1363953413269172229
30663,1363953342477656066
30664,1363953029351931905
30665,1363952992312045570
30666,1363952363980136448
30667,1363952215669497856
30668,1363952063680544769
30669,1363951864803426304
30670,1363951678953828355
30671,1363951479346909185
30672,1363950844597723143
30673,1363950749173092360
30674,1363950679702831108
30675,1363950399108055041
30676,1363949696939614223
30677,1363949625833648131
30678,1363949450843082757
30679,1363949211860037632
30680,1363949132503805956
30681,1363949097200340998
30682,1363948953700618242
30683,1363948581485436933
30684,1363948282855194624
30685,1363948169734873090
30686,1363948169395134464
30687,1363947920383434753
30688,1363947702816538627
30689,1363947534587211778
30690,1363947359214919683
30691,1363947261131165701
30692,1363947139206938628
30693,1363947119414038533
30694,1363946797899644939
30695,1363946703863316486
30696,1363946340917661698
30697,1363946217064067072
30698,1363946172847710210
30699,1363945740100395008
30700,1363945644789035011
30701,1363945334897057796
30702,1363945149005520897
30703,1363945118265450496
30704,1363945010937356294
30705,1363944844654215174
30706,1363944659303686154
30707,1363944522946863108
30708,1363944332672323587
30709,1363943150990069761
30710,1363943053866770435
30711,1363942951508996105
30712,1363942911491080193
30713,1363942910555787271
30714,1363942815990902786
30715,1363942807560462340
30716,1363942703076151296
30717,1363942655617626114
30718,1363942570498420736
30719,1363942218818613252
30720,1363942206004985867
30721,1363942151143448577
30722,1363942139072290817
30723,1363942026312572940
30724,1363941910470131713
30725,1363941583767371777
30726,1363941543699238912
30727,1363941501185720337
30728,1363941497490530306
30729,1363941348164988940
30730,1363941289855696897
30731,1363941288177983493
30732,1363941163263287296
30733,1363940991267446785
30734,1363940696021958659
30735,1363940636575997953
30736,1363940328223440897
30737,1363940168525361154
30738,1363939987251732480
30739,1363939531725152259
30740,1363939395204702208
30741,1363939184554242061
30742,1363939166371934220
30743,1363939040047857666
30744,1363939006510227456
30745,1363938656625561605
30746,1363938454736887815
30747,1363938276999102464
30748,1363938276575428609
30749,1363938098535612419
30750,1363937990737883136
30751,1363937976384946184
30752,1363937910786060299
30753,1363937605537193986
30754,1363937216217677827
30755,1363936884947361800
30756,1363936817519726594
30757,1363936755796373508
30758,1363936740566794244
30759,1363936722313183234
30760,1363936635931475978
30761,1363936533095604224
30762,1363936356641161216
30763,1363936010569191430
30764,1363935885738319883
30765,1363935660227362820
30766,1363935368366739460
30767,1363935221649924100
30768,1363935033078276101
30769,1363934951037624322
30770,1363934790458744838
30771,1363934231685029889
30772,1363933940935966724
30773,1363933888733708289
30774,1363933556716810251
30775,1363932203512700932
30776,1363932095291228162
30777,1363931954815590401
30778,1363931875937550345
30779,1363931845533007878
30780,1363931775223889925
30781,1363931722828701700
30782,1363931551206158347
30783,1363931287636090880
30784,1363931179666259970
30785,1363931013236338692
30786,1363930954784456715
30787,1363930873796689928
30788,1363930496984571909
30789,1363930405267775490
30790,1363930138535206917
30791,1363929712410689542
30792,1363929311993028613
30793,1363929063107215362
30794,1363928994169696258
30795,1363928300494667776
30796,1363928266986422272
30797,1363927856447897601
30798,1363927825301065735
30799,1363927798709178373
30800,1363927747249250311
30801,1363927679737692169
30802,1363927522887557121
30803,1363927291621965825
30804,1363927015280279557
30805,1363926935475286019
30806,1363926722467557380
30807,1363926546554224640
30808,1363926405428428800
30809,1363926320472879107
30810,1363926126054305795
30811,1363926082995576832
30812,1363926001873543175
30813,1363925869471952896
30814,1363925859753730050
30815,1363925774303125509
30816,1363925519088168960
30817,1363925362539958272
30818,1363925129437265926
30819,1363925039658205185
30820,1363924716701028358
30821,1363924667925483525
30822,1363924362529812486
30823,1363924074221731844
30824,1363923746579439621
30825,1363923507604774912
30826,1363923014115610631
30827,1363923005689245701
30828,1363922953444933633
30829,1363922802471018499
30830,1363922443904114689
30831,1363922382453415948
30832,1363922237028528131
30833,1363922153570205702
30834,1363921976000188420
30835,1363921969360560133
30836,1363921625192751104
30837,1363921429075525640
30838,1363920500972531716
30839,1363920329291235340
30840,1363920320382590982
30841,1363920311348002822
30842,1363920154241957888
30843,1363920041754955786
30844,1363919993142927363
30845,1363919949551566859
30846,1363919897621901316
30847,1363919877208162304
30848,1363919867112529921
30849,1363919815363026944
30850,1363919764213669893
30851,1363919718978093057
30852,1363919688443588611
30853,1363919481819529216
30854,1363918969170776064
30855,1363918655440977924
30856,1363918573744386048
30857,1363918573719195648
30858,1363918556782620673
30859,1363918549832658945
30860,1363918305606664193
30861,1363918000001343493
30862,1363917537394774019
30863,1363916759045185537
30864,1363916575410118663
30865,1363916385047490563
30866,1363915874671943686
30867,1363915861774503945
30868,1363915659848130564
30869,1363915374979387400
30870,1363915229629972482
30871,1363914739341004800
30872,1363914609804124162
30873,1363914248586489861
30874,1363913920180846595
30875,1363913837909532673
30876,1363913774013546502
30877,1363913769638891527
30878,1363913700143476740
30879,1363913666714865669
30880,1363913376267665414
30881,1363913371951759369
30882,1363913258684600324
30883,1363913116275396611
30884,1363913085124231169
30885,1363912637839466499
30886,1363912052910227461
30887,1363911780821516291
30888,1363911641100812290
30889,1363911627624484864
30890,1363911294529716226
30891,1363910644421062662
30892,1363909678695133188
30893,1363909646969413637
30894,1363909334929924098
30895,1363909014518525954
30896,1363908947850190853
30897,1363908941638488071
30898,1363908395389042695
30899,1363908044896284675
30900,1363907921013321728
30901,1363907492611321862
30902,1363907106869547010
30903,1363907041815912448
30904,1363906664458518528
30905,1363906601028100113
30906,1363906220369805320
30907,1363906209267474434
30908,1363906130121007108
30909,1363905656831561730
30910,1363905583703859200
30911,1363904441188048900
30912,1363904299697377282
30913,1363904281850560512
30914,1363903879046438916
30915,1363903688121716736
30916,1363903195320311812
30917,1363902928281604098
30918,1363902912678813696
30919,1363902908698345477
30920,1363902857930498050
30921,1363902632969048067
30922,1363902371185774597
30923,1363902335169273857
30924,1363901494903402500
30925,1363899985247547393
30926,1363899762794201092
30927,1363899684515958791
30928,1363899182327676940
30929,1363899163650490382
30930,1363898845692710914
30931,1363898707268276224
30932,1363898338295353345
30933,1363898281974235136
30934,1363897817010475016
30935,1363897773473595400
30936,1363896852136009735
30937,1363896449298219010
30938,1363896336299352072
30939,1363895926599933958
30940,1363895639772450818
30941,1363895591592427525
30942,1363895417654677506
30943,1363895380912578561
30944,1363895156366278657
30945,1363894984928337937
30946,1363894615166889985
30947,1363894545163894795
30948,1363894114404749327
30949,1363893885026660352
30950,1363893797017579526
30951,1363893498970316805
30952,1363893301552816128
30953,1363893239212826634
30954,1363893083490963456
30955,1363893027832541184
30956,1363892436267921411
30957,1363891915947724804
30958,1363891839619772420
30959,1363891758032158725
30960,1363890606502801410
30961,1363890507513032704
30962,1363889618903576578
30963,1363889290573398021
30964,1363889178677813251
30965,1363888940663664642
30966,1363888936481939462
30967,1363888763060039683
30968,1363888530955644932
30969,1363888473770459138
30970,1363888363389022209
30971,1363887059237224452
30972,1363886469895618564
30973,1363885473459011589
30974,1363883709326381058
30975,1363883385886810115
30976,1363883292550963201
30977,1363882224672772100
30978,1363881873806614530
30979,1363881508461817858
30980,1363881492460486656
30981,1363881353754923015
30982,1363880654631538690
30983,1363880650701475843
30984,1363880543318900738
30985,1363880338422923270
30986,1363879403197972482
30987,1363877705314406400
30988,1363877462556426246
30989,1363877450967633922
30990,1363876902226694146
30991,1363876184300388355
30992,1363875652512985089
30993,1363875172189679618
30994,1363874910997798914
30995,1363874476564299777
30996,1363874417445634050
30997,1363874348386418695
30998,1363874308737675265
30999,1363874043666067460
31000,1363873963257057284
31001,1363873938435096581
31002,1363873814417862656
31003,1363873591050309634
31004,1363873562222878722
31005,1363872497947602944
31006,1363871899374256128
31007,1363871833800515597
31008,1363871676509941768
31009,1363871415489888256
31010,1363871401975844869
31011,1363871241338298373
31012,1363871111847555074
31013,1363870706505682946
31014,1363870673815416835
31015,1363870334202609669
31016,1363870286018457603
31017,1363869913736216583
31018,1363869889614778371
31019,1363869739009912838
31020,1363869669346709513
31021,1363869152486842372
31022,1363869021850992640
31023,1363868749976199168
31024,1363868691935490048
31025,1363868185326477316
31026,1363867886922694657
31027,1363867885828009988
31028,1363867617874898947
31029,1363867590469246976
31030,1363867575239737345
31031,1363867476384186371
31032,1363867286570958851
31033,1363867044240883712
31034,1363866716690857991
31035,1363865997602619400
31036,1363865863624007685
31037,1363865689912709128
31038,1363864774946209792
31039,1363864331549556745
31040,1363864218836103169
31041,1363862920816439299
31042,1363862716750979074
31043,1363862276105773057
31044,1363862181872242691
31045,1363862180882432005
31046,1363862116818632709
31047,1363861750202978307
31048,1363861083698651143
31049,1363860739686100992
31050,1363860542713196546
31051,1363860078353350656
31052,1363860002109345796
31053,1363859239110901761
31054,1363858898684432384
31055,1363858868506402818
31056,1363858642320113664
31057,1363858288463536129
31058,1363857994837094400
31059,1363857684823486467
31060,1363857622177300481
31061,1363857532016599042
31062,1363857503889608708
31063,1363857448176660484
31064,1363856863641665537
31065,1363856703448621059
31066,1363856568777928705
31067,1363856542701879303
31068,1363856273423405060
31069,1363856151054413826
31070,1363856010306322434
31071,1363855866353573893
31072,1363855725475356677
31073,1363855443857199109
31074,1363855253188263940
31075,1363854427787063300
31076,1363853804584792064
31077,1363853149006667777
31078,1363853058959151104
31079,1363852671174799362
31080,1363852592997163009
31081,1363852546310344708
31082,1363852419067764749
31083,1363852288016740362
31084,1363852284527054848
31085,1363852158186102785
31086,1363851824609046528
31087,1363851765888802818
31088,1363851749946249216
31089,1363851572929826827
31090,1363851544769269762
31091,1363851337511931911
31092,1363851238186639361
31093,1363850811592368128
31094,1363850262511812609
31095,1363850080189612037
31096,1363849843614093314
31097,1363849527808172034
31098,1363849435273396227
31099,1363849360946192385
31100,1363848775836516353
31101,1363848727069405184
31102,1363848113107202048
31103,1363847826434891779
31104,1363847757069443081
31105,1363847646302138369
31106,1363847348628172803
31107,1363846961653297159
31108,1363846953369534467
31109,1363846932247048200
31110,1363846856061648901
31111,1363846442964692994
31112,1363846069780508672
31113,1363846056291667968
31114,1363845497002278913
31115,1363845263929049092
31116,1363845216235622405
31117,1363845121687638019
31118,1363844766044213252
31119,1363844435017150466
31120,1363844195656548368
31121,1363843829959434244
31122,1363843808715304966
31123,1363843710400811009
31124,1363843611499102211
31125,1363843558977986561
31126,1363843554368512000
31127,1363842866263523328
31128,1363842699527356418
31129,1363842319183716355
31130,1363841623617069066
31131,1363841541123497985
31132,1363841199325515778
31133,1363840852779556868
31134,1363840759611478016
31135,1363840751394840576
31136,1363840643706085376
31137,1363840134362370054
31138,1363839360005775365
31139,1363838861663690758
31140,1363838855649067009
31141,1363838841199742976
31142,1363838770051710976
31143,1363838463838195712
31144,1363838131892609031
31145,1363837655751028736
31146,1363836871105802240
31147,1363836852738916352
31148,1363836513180606465
31149,1363836112020541444
31150,1363836102658781184
31151,1363835904587145220
31152,1363835901068083202
31153,1363835788618838017
31154,1363835671815860226
31155,1363835418291101698
31156,1363835288125136898
31157,1363833771708022786
31158,1363833529365225473
31159,1363833520037056515
31160,1363833431961055232
31161,1363833139605479425
31162,1363832580030742536
31163,1363831350948749318
31164,1363830711975874561
31165,1363830432580698112
31166,1363830332357816321
31167,1363830113016635392
31168,1363829620739616770
31169,1363828752535474176
31170,1363828662806712322
31171,1363828185562050563
31172,1363827002969645062
31173,1363826603386626051
31174,1363825809610407937
31175,1363825724923269120
31176,1363825702760505346
31177,1363825353630887937
31178,1363825172151758850
31179,1363825135006932992
31180,1363825114710745090
31181,1363824917410689025
31182,1363823923943636995
31183,1363823640781930502
31184,1363823531876904973
31185,1363823428126593026
31186,1363823223264190464
31187,1363822601466961921
31188,1363822242216505345
31189,1363821730075209733
31190,1363821504790736908
31191,1363821457885843460
31192,1363821415963721734
31193,1363821046177144836
31194,1363820762998714371
31195,1363820459331100672
31196,1363820318255644674
31197,1363819994220535810
31198,1363819839060643842
31199,1363819835503837187
31200,1363819827585028097
31201,1363819520125792256
31202,1363818520899956736
31203,1363817750876086273
31204,1363816989706379272
31205,1363815775434403844
31206,1363815589639249923
31207,1363815170942922753
31208,1363814652870877185
31209,1363814517327724546
31210,1363814397571907584
31211,1363814345965240324
31212,1363814231469129730
31213,1363814053534195713
31214,1363813950274605060
31215,1363813772121546753
31216,1363813264388460544
31217,1363813099334156290
31218,1363813022305837056
31219,1363812845675290625
31220,1363812807771361280
31221,1363812719485476864
31222,1363812685675192323
31223,1363812132530307072
31224,1363811953651703813
31225,1363811870021455875
31226,1363811562935488513
31227,1363811502587863042
31228,1363810821315448835
31229,1363810599965179904
31230,1363809726425821190
31231,1363809499283349508
31232,1363809473974968320
31233,1363807802553225217
31234,1363807713269022722
31235,1363807558121754626
31236,1363807352496005121
31237,1363807050443145216
31238,1363806665112309766
31239,1363805824997601281
31240,1363805120111271938
31241,1363804713213440000
31242,1363804510087430150
31243,1363804037322276865
31244,1363803995228282883
31245,1363803944338788360
31246,1363803892824301573
31247,1363803668634619906
31248,1363802629248323584
31249,1363802472280711171
31250,1363802030050074627
31251,1363801139825754114
31252,1363800751609323521
31253,1363800738149801984
31254,1363800572223176704
31255,1363799788878241792
31256,1363799485181267976
31257,1363799411055357952
31258,1363799342105194498
31259,1363797499442561028
31260,1363797344538537986
31261,1363797248677539840
31262,1363797107551981572
31263,1363796856166359041
31264,1363796823450800129
31265,1363796361066418177
31266,1363795882752278531
31267,1363795552186597376
31268,1363795512068091911
31269,1363795236636549127
31270,1363794986077093889
31271,1363794918213214210
31272,1363794503480483851
31273,1363794441719320576
31274,1363794172386414592
31275,1363794139544883200
31276,1363793886670434305
31277,1363790435127296001
31278,1363789226660274177
31279,1363788436298207232
31280,1363788282652471296
31281,1363787816367493124
31282,1363787025263001600
31283,1363786993914765315
31284,1363786883386458113
31285,1363785902611451909
31286,1363785246248992768
31287,1363784821575737345
31288,1363784380267851778
31289,1363784231391010818
31290,1363783811784466432
31291,1363783585510080519
31292,1363782369505906690
31293,1363782058305327105
31294,1363781978106048512
31295,1363781186242420737
31296,1363780908365582336
31297,1363780701393473536
31298,1363780684356157441
31299,1363778979350654977
31300,1363778575481077764
31301,1363777640306475008
31302,1363777086658400256
31303,1363776918693249024
31304,1363776701654831104
31305,1363776036794736642
31306,1363776004225916931
31307,1363775871501406209
31308,1363775859811897345
31309,1363775407846289415
31310,1363775306860011521
31311,1363774646609453060
31312,1363774623997972482
31313,1363774447728140288
31314,1363773939416248321
31315,1363773418613710848
31316,1363772969663811595
31317,1363772329046777856
31318,1363771952180174848
31319,1363771245578375170
31320,1363771068360626179
31321,1363770503060676610
31322,1363770450128629761
31323,1363770084641153026
31324,1363769344191250434
31325,1363768623307911168
31326,1363768195014750209
31327,1363768181433585664
31328,1363768003561676802
31329,1363767989208686595
31330,1363767327930654722
31331,1363767173592850439
31332,1363766926774833152
31333,1363765426510061571
31334,1363764233280880641
31335,1363763958541414400
31336,1363763694413484034
31337,1363762995889901568
31338,1363762590330081281
31339,1363762482762907650
31340,1363762130902802444
31341,1363761572582203394
31342,1363761561832218625
31343,1363760168488624129
31344,1363760069054234625
31345,1363759771518705664
31346,1363759410192011265
31347,1363757536139182082
31348,1363756404155236353
31349,1363753792060203008
31350,1363753122477268992
31351,1363752652245528576
31352,1363750255032999938
31353,1363748306929737732
31354,1363747822131101697
31355,1363747343456231424
31356,1363747070524469248
31357,1363746585243488257
31358,1363741115359391745
31359,1363739217243832322
31360,1363739192128380934
31361,1363738780675547136
31362,1363736881452748802
31363,1363736122539479041
31364,1363736118345281541
31365,1363735739507216390
31366,1363735549006073865
31367,1363735405493972994
31368,1363734865552805895
31369,1363734385204338693
31370,1363733631341002756
31371,1363733624504295425
31372,1363733458711945216
31373,1363732761555595266
31374,1363731547996717057
31375,1363730282617081856
31376,1363730269191114754
31377,1363727997744914432
31378,1363727644114747395
31379,1363727363054436353
31380,1363726682834821122
31381,1363726606544625665
31382,1363726267439325184
31383,1363725389823057922
31384,1363725380557758465
31385,1363722990140219395
31386,1363720403080802305
31387,1363718673861664779
31388,1363718040400101377
31389,1363717264130928641
31390,1363715295140052992
31391,1363715226412060676
31392,1363715212969353216
31393,1363715191301619712
31394,1363714116561559554
31395,1363713402598805504
31396,1363707588408463363
31397,1363706918125060097
31398,1363703714696019969
31399,1363703531409203203
31400,1363702756373123072
31401,1363702738949840898
31402,1363702725502853128
31403,1363701637337001985
31404,1363700447039664129
31405,1363700215945961478
31406,1363700133368651777
31407,1363697835338698752
31408,1363696915569905665
31409,1363694999767035905
31410,1363694891356807169
31411,1363693987694071808
31412,1363693196501528577
31413,1363692818099802119
31414,1363692672590909441
31415,1363692659093561346
31416,1363691361669701632
31417,1363689719494754308
31418,1363688055673131008
31419,1363686132807069697
31420,1363685691083935746
31421,1363684999019528195
31422,1363684875627360256
31423,1363684241297539073
31424,1363683334954643463
31425,1363683150493278210
31426,1363682916400832512
31427,1363682497469423616
31428,1363682342674591745
31429,1363676499128246274
31430,1363676409282121732
31431,1363676190721134593
31432,1363674389997322241
31433,1363674170865893384
31434,1363673606413238273
31435,1363673385767591942
31436,1363671904305963008
31437,1363671229497024512
31438,1363670673466527745
31439,1363670633402552321
31440,1363670215549157379
31441,1363670022695051267
31442,1363669944685182977
31443,1363669639675457536
31444,1363669622893985792
31445,1363669576848924675
31446,1363669531214888962
31447,1363669275911798784
31448,1363669062203695107
31449,1363668943857156097
31450,1363668905034739712
31451,1363668891298369538
31452,1363668716114870275
31453,1363668244318584837
31454,1363667671557042179
31455,1363667428086013956
31456,1363667133440421889
31457,1363667091442835457
31458,1363666487190433792
31459,1363665846757957632
31460,1363664943174795265
31461,1363664646960513026
31462,1363664196437704704
31463,1363662290168463364
31464,1363662278923587585
31465,1363661827402563585
31466,1363661635693522944
31467,1363661583457677315
31468,1363661113267789826
31469,1363660630260121600
31470,1363660306728308736
31471,1363660288575348736
31472,1363659968415633410
31473,1363659954939301888
31474,1363658604209967104
31475,1363658089904431109
31476,1363657807724175363
31477,1363657700639469568
31478,1363657457772490754
31479,1363657406669070337
31480,1363657340633952257
31481,1363657255036583936
31482,1363656923430682625
31483,1363656530403483648
31484,1363656398765187072
31485,1363656274060181510
31486,1363656081772265478
31487,1363654654681354240
31488,1363653820975316994
31489,1363653311472275456
31490,1363653187849363457
31491,1363652643877511172
31492,1363652223381745664
31493,1363651797001375745
31494,1363651664142598148
31495,1363650393641787395
31496,1363650149973655554
31497,1363649629301202945
31498,1363649605863366656
31499,1363649590050889734
31500,1363649008766504961
31501,1363648758152634371
31502,1363647987491209217
31503,1363647551858036736
31504,1363647448166580227
31505,1363647302057926656
31506,1363647288539639810
31507,1363646819746603010
31508,1363646505689747463
31509,1363646453734928385
31510,1363646103950868482
31511,1363645288490090497
31512,1363644298210775041
31513,1363644137115910146
31514,1363643653894324232
31515,1363643396900986886
31516,1363642494966263813
31517,1363641998847193089
31518,1363641882916646912
31519,1363641815694508033
31520,1363641434327367685
31521,1363641334339362816
31522,1363639594894426116
31523,1363639428753858560
31524,1363639252362395656
31525,1363639007305940992
31526,1363638947994365953
31527,1363638905145348104
31528,1363638749389877248
31529,1363638658159542275
31530,1363638622436659203
31531,1363638604405309441
31532,1363638185952219136
31533,1363637998118707200
31534,1363637887850455042
31535,1363637687765377025
31536,1363637313381752835
31537,1363636627705384964
31538,1363636589231038467
31539,1363635969992364035
31540,1363635947154374658
31541,1363635874194485248
31542,1363635602470670339
31543,1363635584435167232
31544,1363635570937913348
31545,1363635043835523072
31546,1363634700871491584
31547,1363634627324178433
31548,1363634618054762497
31549,1363634319428890627
31550,1363633607273828354
31551,1363633499903770633
31552,1363633392420589570
31553,1363633378306703361
31554,1363633116397654017
31555,1363632653346422785
31556,1363631464777154561
31557,1363630902350405634
31558,1363630824369840130
31559,1363630474879504386
31560,1363630339294396418
31561,1363629629177802758
31562,1363629296519180289
31563,1363629249731690501
31564,1363629200360558592
31565,1363628521227182084
31566,1363628478105595904
31567,1363628459541602305
31568,1363628359314505730
31569,1363628146587762694
31570,1363628022675484675
31571,1363628021517852673
31572,1363627973493067778
31573,1363627901413949444
31574,1363627845537460224
31575,1363627801392390154
31576,1363627709386088450
31577,1363627529702166534
31578,1363627056710483969
31579,1363626841060364290
31580,1363626814883713026
31581,1363626400754917383
31582,1363626146085171200
31583,1363625499147272196
31584,1363625358097022979
31585,1363625281836187649
31586,1363624231720935424
31587,1363623966221492228
31588,1363623923796090885
31589,1363623272055779328
31590,1363622861148143616
31591,1363622566099906565
31592,1363622561079316480
31593,1363622278584532995
31594,1363621872202563586
31595,1363621395457069056
31596,1363621364993830915
31597,1363620950772695041
31598,1363620821772689411
31599,1363620767225831426
31600,1363620108996870145
31601,1363620075043971074
31602,1363619713687957513
31603,1363619639733977096
31604,1363618961812774912
31605,1363618831760031747
31606,1363618695017340929
31607,1363618230095519746
31608,1363618062495346688
31609,1363617105439035392
31610,1363617096370774016
31611,1363616963507998729
31612,1363616853214584832
31613,1363616805915353097
31614,1363616716262158344
31615,1363616571294429190
31616,1363616223393705985
31617,1363615727266193410
31618,1363615709562081280
31619,1363615659536633869
31620,1363615625109725184
31621,1363615293084426243
31622,1363614897028952064
31623,1363614291438555145
31624,1363613411884617728
31625,1363613338794606595
31626,1363613214433509378
31627,1363612904977760257
31628,1363612812329824259
31629,1363612733736947714
31630,1363612709166669825
31631,1363612680687353859
31632,1363612584264531968
31633,1363612509626904578
31634,1363612456799657986
31635,1363612348846665729
31636,1363611435008368641
31637,1363611398333476867
31638,1363611368377643012
31639,1363611274077069314
31640,1363611066786324481
31641,1363610952881631235
31642,1363610820320575490
31643,1363609681445330945
31644,1363609286476263425
31645,1363608981034459145
31646,1363607293816881153
31647,1363607212841664512
31648,1363606851120738304
31649,1363606820749729801
31650,1363606760884498440
31651,1363606232221822976
31652,1363605047297404928
31653,1363605041073057795
31654,1363605011545157635
31655,1363604900077256707
31656,1363604882410917896
31657,1363604590667722754
31658,1363604543678734341
31659,1363604508044111873
31660,1363604224945254400
31661,1363604154355240962
31662,1363603957990518785
31663,1363603735633608706
31664,1363603670194155531
31665,1363603088343400448
31666,1363601272100773898
31667,1363601223820132360
31668,1363600744889405441
31669,1363600388876865538
31670,1363600087302168576
31671,1363599799732236292
31672,1363599682857959427
31673,1363599655729209347
31674,1363599546110992388
31675,1363599476191977473
31676,1363599082326020096
31677,1363598844483809288
31678,1363598477872291847
31679,1363598437460107271
31680,1363598418459979776
31681,1363598390655938565
31682,1363598362856067074
31683,1363597876891418626
31684,1363597044846366720
31685,1363596108572880896
31686,1363596107067117571
31687,1363595205430099974
31688,1363594854417137665
31689,1363594389134729222
31690,1363594379315843076
31691,1363594259677335552
31692,1363594257647341569
31693,1363594199149514752
31694,1363594131440812036
31695,1363593788606808064
31696,1363593605684678662
31697,1363593559018889216
31698,1363593508305530882
31699,1363593492732125186
31700,1363593065374621698
31701,1363592040609697793
31702,1363591809079902210
31703,1363591658596667392
31704,1363591028058558464
31705,1363590790497394689
31706,1363590756779388933
31707,1364340073622343684
31708,1364196334002200578
31709,1364196298942009348
31710,1364126725861425153
31711,1363965857039319047
31712,1363940117262594056
31713,1363940104918753281
31714,1363940103350026241
31715,1363897788099092484
31716,1363895040871981059
31717,1363763903067521027
31718,1363640366352764929
31719,1363610788846567425
31720,1363610396272320516
31721,1363555489343279106
31722,1363286016031924225
31723,1363227762887176194
31724,1363209284922847233
31725,1363147952588533764
31726,1363147249908334593
31727,1363122031114469394
31728,1363094107267215360
31729,1363085439402467328
31730,1363084598452908034
31731,1362706726806503428
31732,1362705931872722944
31733,1362663288534892544
31734,1362427848355643396
31735,1362422548840017938
31736,1362421992855654409
31737,1362418198725984260
31738,1362416885678096390
31739,1362108993188028421
31740,1362053283800580096
31741,1362040075266187265
31742,1362008015990382593
31743,1361975878935273472
31744,1361564096160813056
31745,1361564094487273472
31746,1364372913529507841
31747,1364371203163631618
31748,1364368519530500097
31749,1364368092638380033
31750,1364367751805026310
31751,1364359132090892288
31752,1364357173220884482
31753,1364356832068833280
31754,1364352203763421186
31755,1364350592630616067
31756,1364346826820878339
31757,1364338398954196992
31758,1364336132239015937
31759,1364335939867332619
31760,1364335634782052353
31761,1364335186431930369
31762,1364333417786138628
31763,1364328082568527881
31764,1364323636992237568
31765,1364319860734492679
31766,1364310810592505861
31767,1364310282403725317
31768,1364306379058671622
31769,1364302317068165134
31770,1364300868926009346
31771,1364297840764350475
31772,1364294648383086597
31773,1364293519146418180
31774,1364292720693551104
31775,1364292588090589188
31776,1364292512056238087
31777,1364292425162911746
31778,1364292292220248064
31779,1364285788012306438
31780,1364284123368587270
31781,1364283663811301381
31782,1364283355722842115
31783,1364277332555550724
31784,1364273978634874881
31785,1364269249150255105
31786,1364269205126848513
31787,1364268133385711618
31788,1364263651088216065
31789,1364257391836073984
31790,1364252510127599619
31791,1364250298290757636
31792,1364250275855429639
31793,1364250060700200963
31794,1364247599381897222
31795,1364246355242270721
31796,1364244107472822279
31797,1364243282650406912
31798,1364242019485446145
31799,1364241190191853568
31800,1364231261015916551
31801,1364226496496197641
31802,1364225549309108244
31803,1364220579457327106
31804,1364214263846367244
31805,1364213920186175488
31806,1364212980355895296
31807,1364212526469242893
31808,1364212127154774022
31809,1364211741945692160
31810,1364211464966438917
31811,1364210798063681540
31812,1364208279849734145
31813,1364206904285794309
31814,1364203231400894470
31815,1364200608979431424
31816,1364189117794385927
31817,1364188892547731456
31818,1364187027860824064
31819,1364185462194245639
31820,1364183984826159105
31821,1364177510376833027
31822,1364170763692040195
31823,1364165371683610625
31824,1364161384800546816
31825,1364160841151610880
31826,1364154931394060288
31827,1364151946383351815
31828,1364151880381845507
31829,1364151477237866499
31830,1364151430102347783
31831,1364150722552619009
31832,1364150638259617806
31833,1364150480952299525
31834,1364146824693620737
31835,1364142746026532865
31836,1364140532193234944
31837,1364137603843375104
31838,1364112137933754369
31839,1364109449972117507
31840,1364105483074875392
31841,1364103711073722370
31842,1364098346416300034
31843,1364081392230019074
31844,1364080557924245505
31845,1364074693188341763
31846,1364066030306398210
31847,1364055206607077376
31848,1364052654905769987
31849,1364051703939661824
31850,1364051079386824706
31851,1364049358774231041
31852,1364049108558831617
31853,1364041361280937988
31854,1364040766771888128
31855,1364036141591199748
31856,1364032220206350337
31857,1364030154918547462
31858,1364027996135391240
31859,1364026999522615297
31860,1364026097353043968
31861,1364023872673169409
31862,1364022728840409089
31863,1364020459508019200
31864,1364020065386057731
31865,1364017593917538307
31866,1364017222109302785
31867,1364015367744536584
31868,1364011194227564546
31869,1364004774836899842
31870,1364004565369126917
31871,1364003822008496129
31872,1364003678886256643
31873,1364001580719177729
31874,1364001217052082180
31875,1363993111291117576
31876,1363991244200894468
31877,1363984256746336257
31878,1363982245132980232
31879,1363982191974318082
31880,1363980143958626304
31881,1363979271941853185
31882,1363978636802600964
31883,1363971627235618818
31884,1363971575482089472
31885,1363971332216553473
31886,1363971231024824323
31887,1363969719271895041
31888,1363967272142970883
31889,1363965989533138947
31890,1363963267010412545
31891,1363963153047031818
31892,1363962464535261195
31893,1363958793382604801
31894,1363956371499208705
31895,1363947966411726855
31896,1363946586074714112
31897,1363946394269216768
31898,1363941190861750274
31899,1363931989221519360
31900,1363931326114639875
31901,1363926802964623360
31902,1363924133772419072
31903,1363922722573664257
31904,1363921925483991048
31905,1363921508184305669
31906,1363921090721021952
31907,1363915642710163457
31908,1363913017398857732
31909,1363912011235606531
31910,1363909391397900289
31911,1363906899188547584
31912,1363901247892451329
31913,1363900476064993283
31914,1363899448603136007
31915,1363898960667172868
31916,1363897679395307526
31917,1363895537087492096
31918,1363893147793829888
31919,1363893053124210688
31920,1363890802179645442
31921,1363888946640547844
31922,1363883884249833476
31923,1363883674299686913
31924,1363879286961233921
31925,1363878972019384324
31926,1363878795581808644
31927,1364374797979901956
31928,1364370607178137600
31929,1364367041591934980
31930,1364360944332267520
31931,1364354365474168833
31932,1364352153259761666
31933,1364341163839397889
31934,1364333103439900673
31935,1364333047106183172
31936,1364330544620859393
31937,1364328773513080833
31938,1364326495750037505
31939,1364325784542920706
31940,1364324820733812740
31941,1364321953541214212
31942,1364316362588491777
31943,1364313760891088898
31944,1364307815096008705
31945,1364306758919929856
31946,1364298144046084104
31947,1364294695296389129
31948,1364293242880163844
31949,1364291774861242369
31950,1364290426296016896
31951,1364287471337435138
31952,1364280413896794122
31953,1364277013624860681
31954,1364274268654215169
31955,1364263554845704192
31956,1364259154454605826
31957,1364256711318642693
31958,1364255128468008975
31959,1364255086634033155
31960,1364248709056331777
31961,1364239824446763017
31962,1364237973085163522
31963,1364234837100535818
31964,1364233942837186562
31965,1364232228520288257
31966,1364231123367317512
31967,1364230836409815040
31968,1364230766142623744
31969,1364228273874558977
31970,1364227913743142913
31971,1364227728375902219
31972,1364212371548479488
31973,1364206588114980876
31974,1364202153116631041
31975,1364187206156443648
31976,1364186536074428417
31977,1364179346773131267
31978,1364157384034238466
31979,1364153152380035072
31980,1364146291786342402
31981,1364131678201995264
31982,1364131342842277889
31983,1364127144767545347
31984,1364125085255290881
31985,1364118594267844608
31986,1364117813829459969
31987,1364109477973139456
31988,1364104576874532865
31989,1364093802097614849
31990,1364069461813309443
31991,1364060178287636480
31992,1364040944425832451
31993,1364032647119458305
31994,1364018829488238594
31995,1364013800131874819
31996,1364011132340609026
31997,1364008491128664069
31998,1364000722694664198
31999,1363994784965292032
32000,1363988568251727873
32001,1363984170461130754
32002,1363982140841598980
32003,1363980789030023172
32004,1363978760316452871
32005,1363974650271850496
32006,1363970797484847104
32007,1363966235596234753
32008,1363966056906252300
32009,1363962110032678934
32010,1363958910378528769
32011,1363942053764333568
32012,1363939594153189377
32013,1363937860819296266
32014,1363911187373711363
32015,1363905783486939137
32016,1363903644958089216
32017,1363868696985423876
32018,1363861899180408836
32019,1363856279454810117
32020,1363856044833783811
32021,1363850340626550791
32022,1363850093141647361
32023,1363846276471803904
32024,1363845149583941634
32025,1363842455259541505
32026,1363841013010333697
32027,1363838394560872449
32028,1363833901098160130
32029,1363832529141325827
32030,1363831062997184516
32031,1363798982078722053
32032,1363792136181870592
32033,1363785667055149056
32034,1363783917258616832
32035,1363775448828833792
32036,1363769329163137025
32037,1363702075159371776
32038,1363661627472678914
32039,1363660864717520896
32040,1363660639370178560
32041,1363654468609445888
32042,1363643307843330050
32043,1363642477157228550
32044,1363637816320790528
32045,1363632691602739203
32046,1363629694604697600
32047,1363627593388408839
32048,1363626735397457923
32049,1363623478830780417
32050,1363618208029298688
32051,1363617291741655045
32052,1363615490824888321
32053,1363612609610735617
32054,1363602086689202184
32055,1363601166572130308
32056,1363596335585329156
32057,1363595098831941632
32058,1363586425875296257
32059,1363584792143532034
32060,1363580725606293507
32061,1363567566560632843
32062,1363557522725085185
32063,1363555104515883009
32064,1363555080801300483
32065,1363547675170324486
32066,1363544305344872452
32067,1363542325285167104
32068,1363530966048849922
32069,1363530319555616772
32070,1363522326839652354
32071,1363496130760351746
32072,1363470725022183424
32073,1363466517485137921
32074,1363463167012143105
32075,1363460278978019329
32076,1363453807410216962
32077,1363422307188899842
32078,1363417272069607426
32079,1363405516169490436
32080,1363402402355961856
32081,1363390571650416640
32082,1363377099453661194
32083,1363321147572563972
32084,1363317578580578305
32085,1363308432003055616
32086,1363295743046524930
32087,1363291891698130946
32088,1363286692396949504
32089,1363280668956983297
32090,1363279029789470726
32091,1363272670222123011
32092,1363272496854822915
32093,1363269244335628291
32094,1363268809046581250
32095,1363268262507782144
32096,1363266895877668866
32097,1363266872930672642
32098,1363260464927559681
32099,1363260386309509129
32100,1363258430174224385
32101,1363255587149078528
32102,1363252783030415360
32103,1363249622693670915
32104,1363248411286392832
32105,1363246145410125830
32106,1363239693278658563
32107,1363237523363946499
32108,1363228170175062018
32109,1363211917549072384
32110,1363211582071840771
32111,1363201393855778818
32112,1363197886775853059
32113,1363193728295440384
32114,1363192856291213314
32115,1363178404317659138
32116,1363178089681936390
32117,1363177916029362177
32118,1363167695278125060
32119,1363163044726112258
32120,1363154384486617089
32121,1363153877013585928
32122,1363152201074552836
32123,1363150264371404802
32124,1363148708834115586
32125,1363138913355841540
32126,1363125778616119307
32127,1363123920983973888
32128,1363122383809372165
32129,1363108365602344962
32130,1363097823051468801
32131,1363082549610881030
32132,1363078898322460675
32133,1363058943610793984
32134,1363055042958397440
32135,1362961457554595844
32136,1362949868986261504
32137,1362949495621881859
32138,1362949175726465024
32139,1362949104960176129
32140,1362941375705198592
32141,1362940713860800514
32142,1362926380116307968
32143,1362925856637800462
32144,1362925581713686528
32145,1362920440025522178
32146,1362914882505633796
32147,1362914404451385344
32148,1362909579387015171
32149,1362908473873342466
32150,1362907678893309955
32151,1362905589379182594
32152,1362902788750123012
32153,1362897480929665029
32154,1362882624730071046
32155,1362879785593147392
32156,1362879675626885127
32157,1362874464845889542
32158,1362873938104246273
32159,1362869076750696456
32160,1362851450834087938
32161,1362843370549358593
32162,1362839129243975688
32163,1362829624162541569
32164,1362819827312779271
32165,1362817223040073729
32166,1362810023714447361
32167,1362805595699617793
32168,1362804985097031682
32169,1362804680393445376
32170,1362792580149346306
32171,1362784995048382464
32172,1362776450705809429
32173,1362774239305211906
32174,1362771563481878531
32175,1362756013833809920
32176,1362755854144065536
32177,1362749086814920709
32178,1362724736736845826
32179,1362710375121248258
32180,1362708485260124169
32181,1362692870277332992
32182,1362618019344748545
32183,1362613847547346947
32184,1362593289074053122
32185,1362584015258140677
32186,1362569318769307648
32187,1362567577474596870
32188,1362565623650394113
32189,1362564614156877828
32190,1362563539005829121
32191,1362557544342904841
32192,1362555826603495424
32193,1362538824845438979
32194,1362531885818273795
32195,1362521983888613389
32196,1362514182558650375
32197,1362500581655461889
32198,1362491334515453955
32199,1362489079196225540
32200,1362485656786767872
32201,1362485602617339906
32202,1362484938059243525
32203,1362438511555719168
32204,1362427969793384450
32205,1362418923963113475
32206,1362417860144996353
32207,1362413934477783045
32208,1362411616894091264
32209,1362407535823761410
32210,1362406357719203848
32211,1362396503281696771
32212,1362387059395207169
32213,1362378026407886848
32214,1362375331483639808
32215,1362374426545844224
32216,1362369267837067267
32217,1362342005402202115
32218,1362317868994560000
32219,1362270932748955650
32220,1362241888586186754
32221,1362236329518657536
32222,1362176930951409665
32223,1362173519287750656
32224,1362171940270714881
32225,1362166816919945217
32226,1362159553480167424
32227,1362153202427305988
32228,1362148536108859392
32229,1362148442630483974
32230,1362146103228051470
32231,1362144318782332928
32232,1362144201836793863
32233,1362139487124471808
32234,1362139392308105221
32235,1362137259735212036
32236,1362133411230580738
32237,1362129649216720896
32238,1362127415259115524
32239,1362124792581791747
32240,1362124736482988033
32241,1362124556924813313
32242,1362124533617070084
32243,1362122797561044994
32244,1362122138006790157
32245,1362106983046934532
32246,1362091496590225415
32247,1362082320275156992
32248,1362060260236754952
32249,1362055476159127555
32250,1362049384083562501
32251,1362047247337353220
32252,1361997285480095744
32253,1361996336510472197
32254,1361991890783137795
32255,1361963309730308096
32256,1361953102665052162
32257,1361953030678204417
32258,1361931405941473280
32259,1361926013064777731
32260,1361864214567137280
32261,1361857331932332032
32262,1361852330501689347
32263,1361844850946158596
32264,1361843363633324036
32265,1361835814565609476
32266,1361825842431729670
32267,1361821814318653440
32268,1361821812183695360
32269,1361821588279197701
32270,1361820267044098053
32271,1361817582005874697
32272,1361815868209049601
32273,1361814173861220356
32274,1361812199145148417
32275,1361807503688929282
32276,1361806543726010376
32277,1361788071616933888
32278,1361783911387459585
32279,1361783193851068417
32280,1361779205202141186
32281,1361777688810319872
32282,1361775121841729538
32283,1361775045845143552
32284,1361775030913351682
32285,1361772753494421504
32286,1361768118163537928
32287,1361766973592502275
32288,1361765315768688647
32289,1361765247292473344
32290,1361764710773882884
32291,1361761574021701635
32292,1361753403039379461
32293,1361749454408339457
32294,1361742422691225604
32295,1361734270675529733
32296,1361733431131066375
32297,1361717533125017602
32298,1361710810926616576
32299,1361702572076265472
32300,1361695913488580610
32301,1361669737546186756
32302,1361657354018820098
32303,1361655622555623426
32304,1361650168983085058
32305,1361642103403671555
32306,1361637853822922755
32307,1361621246031593474
32308,1361620342054277120
32309,1361619596202115073
32310,1361617067061968897
32311,1361614018658631682
32312,1361607259382505478
32313,1361589789699538946
32314,1361565331584647175
32315,1364378377164115974
32316,1364377137818517517
32317,1364376464280420355
32318,1364374575325265926
32319,1364368191535812611
32320,1364365997575204864
32321,1364365049398243328
32322,1364363937207181312
32323,1364363772148785156
32324,1364363693358788611
32325,1364363648701972480
32326,1364363625276846082
32327,1364362808159264771
32328,1364362469951553541
32329,1364362393275539463
32330,1364362167328387072
32331,1364362064425181185
32332,1364360241366921216
32333,1364358765429063680
32334,1364358564521910275
32335,1364358307998294016
32336,1364357958587539458
32337,1364356456267530247
32338,1364355821791019008
32339,1364353901802229763
32340,1364353041705668610
32341,1364353039423991811
32342,1364351551532392449
32343,1364347565106491393
32344,1364346444270960641
32345,1364345554583629831
32346,1364345217932025861
32347,1364345047236362254
32348,1364344769565065220
32349,1364343986723426305
32350,1364343906171781120
32351,1364343555083431941
32352,1364343198894678016
32353,1364342722291765255
32354,1364341187528769539
32355,1364337442749362176
32356,1364337399065681926
32357,1364336343011229696
32358,1364336201289891840
32359,1364335635616722947
32360,1364334569617567746
32361,1364334539930279947
32362,1364333909748629509
32363,1364333677363216389
32364,1364333589769433090
32365,1364333475810189319
32366,1364332452345307137
32367,1364332078322638853
32368,1364331819559243778
32369,1364331701300842498
32370,1364331182305984514
32371,1364330758589067264
32372,1364330499683061760
32373,1364330466728361991
32374,1364329961994268684
32375,1364329471189352448
32376,1364329184382750720
32377,1364328888424411139
32378,1364328753279733769
32379,1364327011745996803
32380,1364325565168316418
32381,1364324879688998915
32382,1364323134564954117
32383,1364321693603422208
32384,1364321328359215108
32385,1364320884090167298
32386,1364320627172204547
32387,1364320554916921346
32388,1364319983199780867
32389,1364318777480015874
32390,1364318773646397444
32391,1364318545501446149
32392,1364318401116659716
32393,1364318106483625987
32394,1364317826757120001
32395,1364316790139084802
32396,1364316362588491777
32397,1364315376084013057
32398,1364315141060374536
32399,1364314915520012293
32400,1364314833127157760
32401,1364313997214945284
32402,1364311595191566336
32403,1364310802161938432
32404,1364310782750715907
32405,1364309483485339657
32406,1364305673853493249
32407,1364305321053806593
32408,1364302871467065350
32409,1364301707878961152
32410,1364300631905873930
32411,1364298991140274178
32412,1364298611912278023
32413,1364297868744548353
32414,1364297858812370947
32415,1364297433224732677
32416,1364296136857649157
32417,1364295885023232000
32418,1364293586548903937
32419,1364293251059056645
32420,1364292551323320320
32421,1364292380564852737
32422,1364291339391746048
32423,1364289594695561226
32424,1364288925443911684
32425,1364288499881553921
32426,1364287032701431813
32427,1364286469020475395
32428,1364286350283964416
32429,1364285395970756609
32430,1364285202873384960
32431,1364285162780061698
32432,1364284208848470019
32433,1364284091965841410
32434,1364281190849552386
32435,1364281180875608064
32436,1364279987021447174
32437,1364279866527518721
32438,1364279824378961923
32439,1364278439545606144
32440,1364275870274375681
32441,1364275766905761798
32442,1364274681864413187
32443,1364274320172867586
32444,1364274236148379649
32445,1364273989443612673
32446,1364273318308835331
32447,1364272748156116994
32448,1364271590792380422
32449,1364271088738435076
32450,1364270786236870656
32451,1364269685227814916
32452,1364269260558761987
32453,1364268800976257031
32454,1364267906046054400
32455,1364266864914948097
32456,1364262002927955969
32457,1364261573745901572
32458,1364261413024378881
32459,1364260641008201728
32460,1364260053713305602
32461,1364259635029561345
32462,1364258117203210243
32463,1364255683030507521
32464,1364255645424312323
32465,1364248653993369605
32466,1364245282578382852
32467,1364243306918666240
32468,1364242494515470336
32469,1364241509990727681
32470,1364241204129521668
32471,1364239667739131910
32472,1364238395896135685
32473,1364236636142370822
32474,1364236073317117952
32475,1364235399137275905
32476,1364233254497382406
32477,1364229825796390912
32478,1364228007590846465
32479,1364227270055927817
32480,1364226745700732928
32481,1364222754602446860
32482,1364221628100435972
32483,1364221369634811911
32484,1364219232704221184
32485,1364217266569625606
32486,1364216923764924418
32487,1364209951506333697
32488,1364204800427065350
32489,1364204140038131717
32490,1364202170241998851
32491,1364199591189434370
32492,1364198911829831681
32493,1364198906893127681
32494,1364197568125800462
32495,1364197530133815300
32496,1364195746963152897
32497,1364194765122592770
32498,1364193829172215810
32499,1364192319096950784
32500,1364191350724386817
32501,1364190325028315142
32502,1364190133445083138
32503,1364187841069264898
32504,1364187839685152772
32505,1364187838225534983
32506,1364187836795260928
32507,1364187820638765056
32508,1364187732994633728
32509,1364187567567101952
32510,1364187498407227398
32511,1364186872558346240
32512,1364185966290874372
32513,1364185803652534272
32514,1364184788710666241
32515,1364181081038217216
32516,1364180939753021449
32517,1364180716515438594
32518,1364180336851189763
32519,1364177182952624129
32520,1364176358499311617
32521,1364175563146067969
32522,1364174988304150529
32523,1364174414535876608
32524,1364173500387311624
32525,1364172690731507717
32526,1364171267243446272
32527,1364171217251483649
32528,1364170450050428929
32529,1364169657737969665
32530,1364168563330867200
32531,1364167245946097667
32532,1364165654958530561
32533,1364165133543616514
32534,1364164348470525952
32535,1364159583720271872
32536,1364159579358126081
32537,1364157850965131269
32538,1364157637873573890
32539,1364157358025420809
32540,1364157321153294337
32541,1364157288362217472
32542,1364157278371409921
32543,1364156891472015362
32544,1364156684684447745
32545,1364156305678737411
32546,1364156254956961797
32547,1364156043526201346
32548,1364155938865901569
32549,1364155321242034184
32550,1364154366618435584
32551,1364153386673782788
32552,1364153126484398083
32553,1364153106578161664
32554,1364150114361741312
32555,1364149925597089793
32556,1364149923114057729
32557,1364149705798778880
32558,1364149464936628224
32559,1364149358560747523
32560,1364149051873189890
32561,1364148854023741441
32562,1364148616554680321
32563,1364147842084966400
32564,1364147726741553152
32565,1364146721979301889
32566,1364145152764354560
32567,1364144641759731713
32568,1364144154650030081
32569,1364143750457528327
32570,1364143409385119744
32571,1364142507387420674
32572,1364141342063022086
32573,1364141183069540352
32574,1364140010858020866
32575,1364139957112160258
32576,1364139024047370241
32577,1364138390527094785
32578,1364137313526288386
32579,1364137108735148032
32580,1364135673633140738
32581,1364135328974577666
32582,1364134382592815104
32583,1364133226286096384
32584,1364131120695115779
32585,1364130374691917824
32586,1364128864369172483
32587,1364128649851592706
32588,1364124334751698946
32589,1364122829445341184
32590,1364122209279750144
32591,1364122197590224896
32592,1364121713957568513
32593,1364118599858847744
32594,1364118547258085376
32595,1364117798633504776
32596,1364116668880928770
32597,1364114404137123845
32598,1364111400084373505
32599,1364110062441164805
32600,1364107225921380353
32601,1364095099681050624
32602,1364085090289143808
32603,1364084864203522049
32604,1364081914282401793
32605,1364081773726949376
32606,1364077883489214468
32607,1364077301563088897
32608,1364075417905360896
32609,1364067300266176512
32610,1364066807775170561
32611,1364065227713753089
32612,1364050812218077186
32613,1364044325244518401
32614,1364026025764679681
32615,1364023191933452288
32616,1364019092181704712
32617,1364016428316319746
32618,1364013513186934787
32619,1364013457809543168
32620,1364010067830464514
32621,1364000593698824193
32622,1363998829444481024
32623,1363998729838157826
32624,1363993458856382468
32625,1363988805259296768
32626,1363987396472279041
32627,1363986600330465290
32628,1363985908572295171
32629,1363982581520302080
32630,1363981168950071299
32631,1363980600332480512
32632,1363979581636681738
32633,1363979194716352517
32634,1363978621359112195
32635,1363976785545805824
32636,1363975813507534857
32637,1363975600134885377
32638,1363975063427567617
32639,1363974849534644224
32640,1363974786221830147
32641,1363974374047506437
32642,1363974356704051208
32643,1363974254316949505
32644,1363972491908112384
32645,1363971914759344129
32646,1363970269094834177
32647,1363968809875423232
32648,1363968085556949001
32649,1363967825568813057
32650,1363967202630791171
32651,1363966796513107975
32652,1363966237693403140
32653,1363964754314883076
32654,1363964263124004866
32655,1363963481863684100
32656,1363963428558295044
32657,1363962197307752454
32658,1363962194543730694
32659,1363962154186121217
32660,1363961777462116357
32661,1363961507193778178
32662,1363960457212678153
32663,1363960211028004865
32664,1363960035164962817
32665,1363959923906854915
32666,1363957874679025664
32667,1363957800574058504
32668,1363957688321904643
32669,1363956732871856128
32670,1363955851506176010
32671,1363955654545793031
32672,1363955642172661767
32673,1363953888014069760
32674,1363953663195156480
32675,1363952881200676869
32676,1363952481793937425
32677,1363951825779650562
32678,1363951710075576320
32679,1363951620514578437
32680,1363951194524299279
32681,1363950763320504320
32682,1363950187929042948
32683,1363949483839664128
32684,1363949246483890178
32685,1363948952282882053
32686,1363948942354956291
32687,1363948246394167301
32688,1363947342957838340
32689,1363946664176750592
32690,1363945633237798912
32691,1363944365144633344
32692,1363944165281824777
32693,1363941632073154565
32694,1363941378787532810
32695,1363940046534029314
32696,1363939838718849031
32697,1363939711144837123
32698,1363938131322503168
32699,1363937922353942529
32700,1363937292910538756
32701,1363937053155749889
32702,1363935772269756421
32703,1363935615708979204
32704,1363933946459865093
32705,1363933887190204418
32706,1363933491528937474
32707,1363932843483811849
32708,1363932545554010115
32709,1363931584039170053
32710,1363931295735312392
32711,1363928349723283460
32712,1363927927587565570
32713,1363927559961006091
32714,1363923582607368194
32715,1363923241677557772
32716,1363922209836838914
32717,1363921254802223107
32718,1363921143829311491
32719,1363919370322378758
32720,1363919368376242177
32721,1363918734277177350
32722,1363918091290353674
32723,1363917979935793152
32724,1363917666482679814
32725,1363916696801718275
32726,1363916395952693261
32727,1363916278050807820
32728,1363910801745207304
32729,1363910373427011587
32730,1363910349897011205
32731,1363909417821945866
32732,1363908889767534595
32733,1363904794621018115
32734,1363901234298634240
32735,1363900999325405186
32736,1363897892189196290
32737,1363890434439790595
32738,1363888824452005900
32739,1363886641191002122
32740,1363879754680594434
32741,1363874444935127042
32742,1363872063996461059
32743,1363871451409956864
32744,1363871167317090307
32745,1363870342251438084
32746,1363869884753575943
32747,1363862560576053248
32748,1363857394435055621
32749,1363857282090549259
32750,1363853879994179584
32751,1363852977757446144
32752,1363851424375922690
32753,1363851038894166017
32754,1363850419521396737
32755,1363850111785312256
32756,1363847880063283200
32757,1363845250314297347
32758,1363841828949213188
32759,1363840815622144007
32760,1363839411641794562
32761,1363839076101668865
32762,1363834324022362118
32763,1363830274648395781
32764,1363829037924311040
32765,1363826523132821505
32766,1363825164098564096
32767,1363824099265552384
32768,1363823095354707971
32769,1363822022145568768
32770,1363820536393048064
32771,1363819268790489088
32772,1363818742870908929
32773,1363817020698017794
32774,1363816566819856389
32775,1363816359537348608
32776,1363815812235198469
32777,1363815086113062915
32778,1363809204931289091
32779,1363806207274852355
32780,1363804783757393920
32781,1363801862940598272
32782,1363790638685298692
32783,1363788491059060736
32784,1363783359730704392
32785,1363779794794471426
32786,1363763254741393408
32787,1363762056688721921
32788,1363760859001065472
32789,1363754174622674945
32790,1363749112101838848
32791,1363701709789396993
32792,1363691230832517121
32793,1363684791942545408
32794,1363677390317133828
32795,1363636668293668867
32796,1363635866032238593
32797,1363629249777831937
32798,1363620774532190208
32799,1363618250018316289
32800,1363616234886082560
32801,1363597442667708416
32802,1363590440612732928
32803,1363588630074306567
32804,1363588568216727552
32805,1363588490701766660
32806,1363586371374510082
32807,1363580642257227777
32808,1363575610824613889
32809,1363556952421396481
32810,1363552066342445062
32811,1363551991155200001
32812,1363524032709201921
32813,1363521201914716161
32814,1363512950024269827
32815,1363506473205137410
32816,1363502935062286336
32817,1363495256717750274
32818,1363494122082996228
32819,1363481272635564032
32820,1363479589448777734
32821,1363475952328728576
32822,1363475171592593410
32823,1363470274847473667
32824,1363463986612752386
32825,1363459354465361923
32826,1363457693575487488
32827,1363453644427976709
32828,1363451485372227586
32829,1363444296133787648
32830,1363424473114947586
32831,1363419958433222656
32832,1363411654201937920
32833,1363409945576800256
32834,1363385307371085824
32835,1363337655744753665
32836,1363330841875800067
32837,1363325056370298882
32838,1363294370921930755
32839,1363293294709657600
32840,1363270436109361154
32841,1363259760339017728
32842,1363251141111283716
32843,1363245918615707651
32844,1363233818241503232
32845,1363233450342416385
32846,1363229066162282496
32847,1363225581333188612
32848,1363217164820504583
32849,1363207761283194882
32850,1363204775479681025
32851,1363204726192566275
32852,1363204272100237316
32853,1363203330764402693
32854,1363203255359197185
32855,1363203053105664002
32856,1363201738547806210
32857,1363201302633861123
32858,1363201263857524745
32859,1363201212129107968
32860,1363201172174213126
32861,1363195354779295745
32862,1363195352753446918
32863,1363194550005735427
32864,1363194499158204416
32865,1363194489238654979
32866,1363194343016828928
32867,1363193516894085123
32868,1363191794125729792
32869,1363190708631441421
32870,1363190131545559040
32871,1363189645283106819
32872,1363181622955286531
32873,1363172811368456192
32874,1363142938176405507
32875,1363094943242326016
32876,1363076981827506180
32877,1363039534527754243
32878,1363033246347493377
32879,1363026696551747584
32880,1363023790905688065
32881,1362991620925218817
32882,1362917633218207752
32883,1362915982587682817
32884,1362879468495249414
32885,1362879441626681350
32886,1362855725953818627
32887,1362849322950397953
32888,1362829865901322242
32889,1362818732951822336
32890,1362813323889307648
32891,1362732345795764224
32892,1362731876939669506
32893,1362731050368172033
32894,1362718993468030976
32895,1362628484800077826
32896,1362556468298407937
32897,1362498029895495681
32898,1362487936437084162
32899,1362442384898990082
32900,1362410134408990722
32901,1362371335259881473
32902,1362371048814084096
32903,1362370679266508807
32904,1362365090851418114
32905,1362354463789481987
32906,1362323695025278984
32907,1362269361600421889
32908,1362223066927955970
32909,1362173548157169667
32910,1362164795055738882
32911,1362155051976900610
32912,1362145795793948673
32913,1362126856653316096
32914,1362094974070886400
32915,1362080226654752768
32916,1362039649968025604
32917,1362026844644663300
32918,1361963804112932864
32919,1361961402831949826
32920,1361913197251461121
32921,1361719114029543424
32922,1361713358353944580
32923,1361690561456070660
32924,1361662158543667200
32925,1361649182961004545
32926,1361612933848059907
32927,1364382209864515584
32928,1364379777386172423
32929,1364372343779393538
32930,1364367736235769860
32931,1364363680683548673
32932,1364361921454080002
32933,1364352985644605446
32934,1364352314589523969
32935,1364351067383885826
32936,1364350270122123265
32937,1364347742814932993
32938,1364346981259304962
32939,1364345480168280067
32940,1364339205074284545
32941,1364336017189310467
32942,1364332131607019520
32943,1364331637937471499
32944,1364331136906899459
32945,1364331135040442370
32946,1364329605566525441
32947,1364328401746743298
32948,1364327617063751682
32949,1364326445749858306
32950,1364325620281462793
32951,1364325598223605760
32952,1364323192072994827
32953,1364321876412104712
32954,1364314698410205187
32955,1364312505477128196
32956,1364311515914977291
32957,1364308977102843907
32958,1364308885943812100
32959,1364307615141007367
32960,1364307299968385024
32961,1364307254338535438
32962,1364305801788223488
32963,1364304288235872258
32964,1364303521701650437
32965,1364303215773290500
32966,1364302454460993540
32967,1364302418650025987
32968,1364302193940189190
32969,1364302145873444868
32970,1364301403745886211
32971,1364301390600839168
32972,1364301219477487616
32973,1364300836235575305
32974,1364300269043998720
32975,1364300113045258240
32976,1364299977061781507
32977,1364299495832453121
32978,1364299096979365892
32979,1364298979203285001
32980,1364298627905171457
32981,1364298297108819970
32982,1364298136924131329
32983,1364298101763289098
32984,1364297559322349569
32985,1364297531686080513
32986,1364297057696165898
32987,1364297005795667969
32988,1364295684460060672
32989,1364295219244642311
32990,1364294693224333321
32991,1364294386708869122
32992,1364293979622301701
32993,1364293266234093577
32994,1364292288671866886
32995,1364291690513711116
32996,1364290808837517315
32997,1364289988943347714
32998,1364289849101082625
32999,1364289529595760656
33000,1364288923363598346
33001,1364287509589598209
33002,1364287068067815424
33003,1364285407186272260
33004,1364285328878673921
33005,1364284516727197698
33006,1364284367934218241
33007,1364284075771625474
33008,1364283533875961859
33009,1364283169206321154
33010,1364283093780226048
33011,1364281506072588294
33012,1364281287817715715
33013,1364280967834255362
33014,1364280930567938065
33015,1364280856890793992
33016,1364280022782066694
33017,1364279733077303302
33018,1364279723086462979
33019,1364279438494617600
33020,1364279395972751363
33021,1364279162953949190
33022,1364278661088690176
33023,1364277524172337152
33024,1364361681271468039
33025,1364340614096162822
33026,1364290943751487491
33027,1364269287108734978
33028,1364263396070293506
33029,1364262486606827530
33030,1364261809935568907
33031,1364241848060030982
33032,1364217717516095495
33033,1364195222977196033
33034,1364194071804264456
33035,1364186662771847169
33036,1364185539323318278
33037,1364176961321525250
33038,1364170651561517057
33039,1364170550332035072
33040,1364170323852165121
33041,1364169706282881030
33042,1364153766677794831
33043,1364151596570079236
33044,1364148434903662592
33045,1364128403239161858
33046,1364125057191194624
33047,1364100176458117124
33048,1364035089366212611
33049,1364032093114814468
33050,1364030084361953281
33051,1363969374625935360
33052,1363961341694910464
33053,1363932609747816448
33054,1363895430485073922
33055,1363811071035850755
33056,1363791146783244288
33057,1363644769717657601
33058,1363620862784659456
33059,1363611642987216901
33060,1363586389116338176
33061,1363560578443272196
33062,1363549332859928583
33063,1363543858999607303
33064,1363541852104912898
33065,1363523878081810432
33066,1363506454016180228
33067,1363487683960598532
33068,1363460698966269957
33069,1363445548473286657
33070,1363361951779221506
33071,1363232774803628032
33072,1363230998511681542
33073,1363226864039440386
33074,1363217649132568578
33075,1363197704973807619
33076,1363179639523467268
33077,1363156601281142785
33078,1363134221951373312
33079,1363128588246151179
33080,1363106070571479040
33081,1363105873933914114
33082,1363090751446417409
33083,1363054795939053570
33084,1363050614029234177
33085,1363028194526380033
33086,1362980124866584582
33087,1362947842365612041
33088,1362940392564523008
33089,1362936386479919105
33090,1362927654840791041
33091,1362917770145509382
33092,1362913801994174467
33093,1362880771804065792
33094,1362877116925304833
33095,1362843347874951170
33096,1362837187734220801
33097,1362837098454220811
33098,1362820545935519751
33099,1362809587116756998
33100,1362801620090814474
33101,1362764949693562886
33102,1362752625008074755
33103,1362740768830595075
33104,1362734853926449153
33105,1362730866347229191
33106,1362728687070830593
33107,1362690424297684993
33108,1362683598365732867
33109,1362642234680705026
33110,1362608437348225027
33111,1362576954193563654
33112,1362575128069038089
33113,1362573504659550213
33114,1362570462539223043
33115,1362534130060296192
33116,1362533255992520707
33117,1362528996416757761
33118,1362523118569480196
33119,1362509718548340740
33120,1362502005206487043
33121,1362493688945909760
33122,1362469550873141248
33123,1362452458375675905
33124,1362448788951097357
33125,1362446723528933377
33126,1362436126645043200
33127,1362424053806563328
33128,1362423562456489989
33129,1362418296470048780
33130,1362409592106418179
33131,1362409101452541962
33132,1362407136874147848
33133,1362402535638720513
33134,1362385247569125380
33135,1362380165033164801
33136,1362358889157709825
33137,1362357297226407937
33138,1362314055764107265
33139,1362291106751340545
33140,1362253981012131840
33141,1362217457193283586
33142,1362214568680976384
33143,1362209312333045768
33144,1362205524750725121
33145,1362199164134817792
33146,1362186088618557442
33147,1362182001260904450
33148,1362176020070170627
33149,1362174011862614018
33150,1362167559810908162
33151,1362165313228398594
33152,1362163192005341185
33153,1362162709299609601
33154,1362160344496545794
33155,1362160164464435200
33156,1362159826999083010
33157,1362158838879821827
33158,1362158676891619335
33159,1362158408846221320
33160,1362152310017830913
33161,1362150933581492238
33162,1362150550725402627
33163,1362146513590378498
33164,1362143667440484353
33165,1362143239449567233
33166,1362142925413572611
33167,1362141016250322947
33168,1362137404119912448
33169,1362136760650788868
33170,1362134713914314752
33171,1362132415041437696
33172,1362129653100670977
33173,1362114615468032007
33174,1362111818567663619
33175,1362111807360552962
33176,1362102562053316617
33177,1362096737641521153
33178,1362096078464688133
33179,1362088326027763712
33180,1362088185187205122
33181,1362084636218769408
33182,1362084436645474308
33183,1362083385582252034
33184,1362080665282486279
33185,1362071342032502792
33186,1362063178344071173
33187,1362056517390860305
33188,1362055453438484495
33189,1362049004402532356
33190,1362045480025341955
33191,1362038652512124929
33192,1362034843350159361
33193,1362032609258315779
33194,1362028226034475009
33195,1362026782816370690
33196,1362022615091728384
33197,1362015966280957954
33198,1362008266054766592
33199,1362008059262992389
33200,1362001661816889346
33201,1362001432501751808
33202,1361990464350601222
33203,1361987999429492737
33204,1361980871935426562
33205,1361933499691769856
33206,1361922073547874305
33207,1361886895467360256
33208,1361883108686061569
33209,1361867542608936960
33210,1361833528514797570
33211,1361828877098758151
33212,1361805065187688452
33213,1361793820401270784
33214,1361744943249776648
33215,1361743931541749763
33216,1361739528503975939
33217,1361735730339471364
33218,1361727757252714496
33219,1361700754877083649
33220,1361696817667334147
33221,1361694931564249089
33222,1361640208761049088
33223,1361615478318366720
33224,1364379902808580097
33225,1364379890389291011
33226,1364378185773821955
33227,1364375371286798336
33228,1364369693612646406
33229,1364368292668973056
33230,1364364419153625094
33231,1364352358344351746
33232,1364352355240583170
33233,1364346384594436098
33234,1364345259350712321
33235,1364344744516734976
33236,1364343777008181254
33237,1364337731028086788
33238,1364335517828083721
33239,1364332168147849222
33240,1364330125727301632
33241,1364329447399321612
33242,1364328600196042754
33243,1364327737368928258
33244,1364327346321375240
33245,1364326978476720129
33246,1364326841935355908
33247,1364325789836189696
33248,1364325554422505482
33249,1364325459790553102
33250,1364321269039198208
33251,1364320388390518786
33252,1364320218214981637
33253,1364319706497318924
33254,1364315719329067011
33255,1364314782787059713
33256,1364313912053800963
33257,1364311969960976394
33258,1364309865414459397
33259,1364308417356193792
33260,1364308041894625293
33261,1364307805977661445
33262,1364307645772034050
33263,1364303497135607813
33264,1364302444386213892
33265,1364301115593011201
33266,1364300806871273472
33267,1364298360908361734
33268,1364296359273062406
33269,1364293994524651527
33270,1364293984554729473
33271,1364293045932466176
33272,1364290255491371010
33273,1364289727793356804
33274,1364288651258134528
33275,1364287974712758272
33276,1364286280830451720
33277,1364285545199861761
33278,1364284940830068741
33279,1364284674114154499
33280,1364284522188144648
33281,1364284468488462344
33282,1364283390913097734
33283,1364283075258175488
33284,1364282921348128776
33285,1364281482190200834
33286,1364281398798991365
33287,1364280419571666946
33288,1364280183272923140
33289,1364279631038324736
33290,1364279583688818691
33291,1364279264074489859
33292,1364279235339317248
33293,1364279177583734802
33294,1364278070795005954
33295,1364277816175558661
33296,1364276649064357893
33297,1364276545272037383
33298,1364275907247095813
33299,1364275464643166211
33300,1364275246283575307
33301,1364274742677692417
33302,1364274676533444608
33303,1364274049082224641
33304,1364273591890702336
33305,1364273571913203717
33306,1364273532251865091
33307,1364273346016284672
33308,1364272757689765889
33309,1364272528731099136
33310,1364272406613921794
33311,1364272368517074950
33312,1364272238422327305
33313,1364272165475004430
33314,1364270176695439360
33315,1364261179133157381
33316,1364260844490674183
33317,1364258894692892678
33318,1364257352917151747
33319,1364257066806894592
33320,1364256929011429390
33321,1364256702917447684
33322,1364256085469757444
33323,1364248013267419139
33324,1364243814257463299
33325,1364238264169807872
33326,1364237530191781900
33327,1364236460312903680
33328,1364235743158272000
33329,1364235559066034179
33330,1364235415830552585
33331,1364232522398388227
33332,1364232521291022338
33333,1364231309560799233
33334,1364230731262816259
33335,1364230298112831489
33336,1364229789377249281
33337,1364229625400983552
33338,1364227894516490241
33339,1364224342335356929
33340,1364218327560818697
33341,1364207518793097219
33342,1364201280848207876
33343,1364195128609562628
33344,1364193123157618691
33345,1364191931677478917
33346,1364185947982733314
33347,1364181633453203459
33348,1364181250064453632
33349,1364179698511736839
33350,1364176048057962502
33351,1364174982952214529
33352,1364169331794395137
33353,1364162083349274625
33354,1364161231989448710
33355,1364144406656405506
33356,1364144074580721664
33357,1364143627199537153
33358,1364143005159084032
33359,1364142839844716545
33360,1364142225907724291
33361,1364141365844713473
33362,1364139249474371587
33363,1364132679747330048
33364,1364132664815603713
33365,1364130052695326723
33366,1364127408421564419
33367,1364127153009414144
33368,1364125844583645191
33369,1364123661268099072
33370,1364121881499041794
33371,1364120031567753216
33372,1364119949858508805
33373,1364118602627096578
33374,1364117426678292492
33375,1364100281684922369
33376,1364092627554103297
33377,1364083030931955713
33378,1364048824801644548
33379,1364036764889976834
33380,1364026699529269250
33381,1364026298776059911
33382,1364001820448874499
33383,1363997651159638023
33384,1363993490904989698
33385,1363991400665276418
33386,1363982454797856770
33387,1363979938542612484
33388,1363967160230445057
33389,1363953259925434375
33390,1363950631959080962
33391,1363950622056321032
33392,1363948448798638087
33393,1363948438870757388
33394,1363947668179980290
33395,1363943210918293507
33396,1363938534084800512
33397,1363937868188512256
33398,1363934568781340679
33399,1363933475632517122
33400,1363931889556406272
33401,1363930292914954243
33402,1363928882282450949
33403,1363927174873505795
33404,1363924436748017664
33405,1363923644423041024
33406,1363918691788808197
33407,1363918646121295877
33408,1363917804337049600
33409,1363910370017103877
33410,1363907786447478800
33411,1363895459568361474
33412,1363894616483893253
33413,1363889074575200257
33414,1363887430256975876
33415,1363884602914463756
33416,1363872549600440323
33417,1363872149954584586
33418,1363869005459697664
33419,1363868380323807242
33420,1363866793966714885
33421,1363860487767814150
33422,1363855928077000706
33423,1363851938727616514
33424,1363847747892297729
33425,1363844574184173568
33426,1363844103969132549
33427,1363842456870129667
33428,1363828524826587140
33429,1363820216296239104
33430,1363815253038026754
33431,1363814413334118400
33432,1363809938468986881
33433,1363807056428486660
33434,1363805684383547392
33435,1363802834781757442
33436,1363802473136201728
33437,1363801684028370948
33438,1363796203415228416
33439,1363789055562027008
33440,1363784034208350209
33441,1363783335038877701
33442,1363765852332515330
33443,1363763772435931144
33444,1363702793387835393
33445,1363684940622290951
33446,1363682886491140097
33447,1363668222860550146
33448,1363659230989934592
33449,1363659221015932929
33450,1363655650534916096
33451,1363647014848913408
33452,1363638281934696450
33453,1363637139682910208
33454,1363633099020599297
33455,1363631976784125952
33456,1363626936170401796
33457,1363626715579351045
33458,1363621533885808644
33459,1363607372321742854
33460,1363600668850851844
33461,1363600654191779848
33462,1363596238126411779
33463,1363591963640033282
33464,1363591702171299843
33465,1363591692016906254
33466,1363591068827013120
33467,1363590485957296128
33468,1363590315924332544
33469,1363589335736410113
33470,1363588334912684033
33471,1363587812474327040
33472,1363587655045427200
33473,1363587625043562497
33474,1363586890415407116
33475,1363586473946210311
33476,1363585819320209408
33477,1363585449823002625
33478,1363585062139285506
33479,1363584965527625730
33480,1363584785248100353
33481,1363584781062127617
33482,1363584622517510147
33483,1363584321311952897
33484,1363584309416898560
33485,1363584248490450944
33486,1363583777113522182
33487,1363583718179426310
33488,1363583585169596417
33489,1363583195246190594
33490,1363583171820998659
33491,1363583156968951810
33492,1363582742047391749
33493,1363582727048605706
33494,1363582684354801665
33495,1363582528075018241
33496,1363582166127550464
33497,1363579352903004171
33498,1363578331812265989
33499,1363577284754616324
33500,1363574460012445696
33501,1363572395664113664
33502,1363570545082716164
33503,1363568451504271361
33504,1363568257840644099
33505,1363568137917124608
33506,1363558558386765825
33507,1363551170598473730
33508,1363536619404410888
33509,1363533568035745797
33510,1363531817442111492
33511,1363531657366695939
33512,1363523030366969858
33513,1363516579875545090
33514,1363514659542827011
33515,1363510165513863168
33516,1363506744387862531
33517,1363503859969232900
33518,1363502512192573445
33519,1363502243144605696
33520,1363501573238882307
33521,1363501367139172359
33522,1363500391304990733
33523,1363492512778883072
33524,1363488186551443457
33525,1363487840290619400
33526,1363479598873346054
33527,1363473288295559169
33528,1363468846255009793
33529,1363467936334303233
33530,1363457135825289219
33531,1363445764115075072
33532,1363445150614253569
33533,1363441429012447236
33534,1363439611075248129
33535,1363436925357539329
33536,1363432145620922381
33537,1363423366884057088
33538,1363403276134277122
33539,1363402471125704706
33540,1363401255410946049
33541,1363399185614200839
33542,1363370768764174337
33543,1363366501638668290
33544,1363321121014243331
33545,1363300929647345679
33546,1363294134954569728
33547,1363281669931827202
33548,1363280043925979136
33549,1363278717687132163
33550,1363275848250511361
33551,1363271438933889026
33552,1363270046307540993
33553,1363254243273146370
33554,1363240885354442756
33555,1363240006383501315
33556,1363239383416131588
33557,1363237578003087362
33558,1363230089027198982
33559,1363225762174763010
33560,1363220529466003459
33561,1363216867297525764
33562,1363198220445310979
33563,1363192474701807616
33564,1363189865513369600
33565,1363187109553721347
33566,1363153109657280514
33567,1363152142731730950
33568,1363151582016266242
33569,1363139335009296386
33570,1363126140718620674
33571,1363125826028515332
33572,1363117184222973952
33573,1363116593077751819
33574,1363113178486484997
33575,1363103258798133249
33576,1363099327690907649
33577,1363093736712851457
33578,1363081608866234369
33579,1363078829216915457
33580,1363070509680893953
33581,1363059975602524161
33582,1363051224581439488
33583,1363038770476576770
33584,1362971514304409600
33585,1362945435481088001
33586,1362941926891085832
33587,1362939823514923009
33588,1362935982543273985
33589,1362912154240827398
33590,1362904451120513024
33591,1362903298941071362
33592,1362899819807862788
33593,1362893892765507586
33594,1362882787666190338
33595,1362880360221204480
33596,1362873845720502278
33597,1362873179593715712
33598,1362858927600394244
33599,1362853805633777670
33600,1362837873930641408
33601,1362812189627842562
33602,1362808131580006400
33603,1362805493752856578
33604,1362796597474516992
33605,1362780752119820288
33606,1362763020364107777
33607,1362754439401119752
33608,1362753338920566790
33609,1362748628264251392
33610,1362738073809940480
33611,1362732083643359232
33612,1362723944277622784
33613,1362720777800470534
33614,1362717213455753224
33615,1362709866121412609
33616,1362706506655948806
33617,1362697824983539713
33618,1362695319390212097
33619,1362688768579354624
33620,1362656014038949889
33621,1362606630060367876
33622,1362597771975536646
33623,1362568446630912000
33624,1362560998088056833
33625,1362560928793964545
33626,1362555963673374723
33627,1362544571251531777
33628,1362539701505261569
33629,1362537656446570503
33630,1362535318189203460
33631,1362529623356149764
33632,1362524481114279944
33633,1362517663126282242
33634,1362514671492882438
33635,1362512507974385673
33636,1362512226133762056
33637,1362509262224826375
33638,1362508520927727623
33639,1362500555885735938
33640,1362487309862637572
33641,1362487174231445507
33642,1362486860744974340
33643,1362473782884134912
33644,1362465405202268162
33645,1362464870055239681
33646,1362464682557251587
33647,1362464161184190465
33648,1362461388497702915
33649,1362459991312117765
33650,1362458698761834496
33651,1362457752300359680
33652,1362457672688230404
33653,1362457625208770562
33654,1362457327006343172
33655,1362457240649822208
33656,1362455920412930059
33657,1362453618021007363
33658,1362451276995440648
33659,1362449774557937671
33660,1362449449587531785
33661,1362449404028997638
33662,1362445912069394437
33663,1362444840416514050
33664,1362439971773284357
33665,1362437162243940352
33666,1362435266397495296
33667,1362433514055073792
33668,1362432447925821443
33669,1362431782021439488
33670,1362431611413872644
33671,1362426273641947137
33672,1362425440607076358
33673,1362423552381698051
33674,1362423118577496066
33675,1362419098722783232
33676,1362418084267651073
33677,1362410338503839745
33678,1362410219855372292
33679,1362409459277037571
33680,1362409257166069764
33681,1362397594257776643
33682,1362374700689596423
33683,1362370785336315917
33684,1362358262713171971
33685,1362348886023675904
33686,1362335053431332865
33687,1362330921978986496
33688,1362329825436925953
33689,1362329031081938946
33690,1362321491027775489
33691,1362316676084211718
33692,1362316229596360705
33693,1362273961929814016
33694,1362209830404956160
33695,1362205940938919938
33696,1362202724901785601
33697,1362202679884328963
33698,1362199319600914438
33699,1362199032098156545
33700,1362192026494763009
33701,1362183296113860609
33702,1362183065863393280
33703,1362182877283110912
33704,1362182633120227331
33705,1362176343480352771
33706,1362175133977169921
33707,1362174499853131780
33708,1362173575164293120
33709,1362173527659589636
33710,1362170923873431561
33711,1362166630520934401
33712,1362162472640270342
33713,1362154984847073284
33714,1362147458877382656
33715,1362147149157384195
33716,1362143559260995590
33717,1362141317388791811
33718,1362137751525724163
33719,1362136802757337094
33720,1362136597299425288
33721,1362133400589651970
33722,1362133267219173376
33723,1362129565313810433
33724,1362128227871961091
33725,1362126954976141317
33726,1362125449539772417
33727,1362122519860371457
33728,1362122513296277506
33729,1362122484645056513
33730,1362122308433903617
33731,1362122161272610821
33732,1362121905784913920
33733,1362119758741659648
33734,1362115460263772161
33735,1362113125986754562
33736,1362111684157075461
33737,1362110443058266113
33738,1362108792465424386
33739,1362108142482583556
33740,1362106778645913604
33741,1362106412697059328
33742,1362106115782283268
33743,1362106040175706115
33744,1362105383792295937
33745,1362105347608092675
33746,1362105040731783169
33747,1362103161817870336
33748,1362102076629798919
33749,1362102012280795141
33750,1362100889893371905
33751,1362097887237328896
33752,1362096574831210496
33753,1362096564240584712
33754,1362094585326018568
33755,1362093880661975043
33756,1362092437230014465
33757,1362087345068134400
33758,1362084607957549056
33759,1362083859270168582
33760,1362080948762910720
33761,1362080517814943744
33762,1362077975248850949
33763,1362075077043437570
33764,1362072069861695489
33765,1362072041168461831
33766,1362069231664259073
33767,1362067154607222785
33768,1362066607707738117
33769,1362066072342568965
33770,1362065073578115073
33771,1362064016168910850
33772,1362063201282756611
33773,1362062314111963143
33774,1362062005851492358
33775,1362058094004629504
33776,1362057721856557056
33777,1362057231601184768
33778,1362055871015096323
33779,1362051901160882179
33780,1362047283995418626
33781,1362043148860616705
33782,1362042746479992834
33783,1362041910211334146
33784,1362040018987065347
33785,1362032358401200130
33786,1362031532664324098
33787,1362029675497869312
33788,1362023633430921218
33789,1362017970411638784
33790,1362015215915794436
33791,1362011095918137344
33792,1362004488144494592
33793,1361997983445905412
33794,1361997973526351873
33795,1361990461829873667
33796,1361989940930891776
33797,1361989185456988163
33798,1361978555199070209
33799,1361978525977346050
33800,1361967128518275077
33801,1361966855846580225
33802,1361958751012614147
33803,1361951570204774400
33804,1361950743238959104
33805,1361930170697940995
33806,1361883915401756675
33807,1361877240938704902
33808,1361861876372672515
33809,1361853752387506181
33810,1361830388704944129
33811,1361829476628369411
33812,1361828352303185924
33813,1361827915390984194
33814,1361822361255890947
33815,1361821970170576900
33816,1361821097142984706
33817,1361820986316886017
33818,1361819646832365570
33819,1361818710827270149
33820,1361817469984374786
33821,1361816638719369216
33822,1361813129991225344
33823,1361813084252352515
33824,1361811242382487552
33825,1361811101252530176
33826,1361809110421929984
33827,1361808567238619137
33828,1361807145612812291
33829,1361805814126817280
33830,1361803771953754115
33831,1361801814425886721
33832,1361797792038027268
33833,1361797651394678787
33834,1361796708896829442
33835,1361793385993015296
33836,1361790605064560640
33837,1361790152625029124
33838,1361786255126716429
33839,1361784670262853639
33840,1361784505552564234
33841,1361780700807106561
33842,1361774793217966081
33843,1361752541021810688
33844,1361743045344055305
33845,1361743035231526916
33846,1361741464330526723
33847,1361737619449671681
33848,1361724371354726405
33849,1361723430844907520
33850,1361696725774127104
33851,1361686580705038344
33852,1361686277762912256
33853,1361682710415179780
33854,1361681374592200710
33855,1361678124828815373
33856,1361666191111110658
33857,1361659263312101379
33858,1361643124456648706
33859,1361643072011051017
33860,1361635540739719175
33861,1361634955646939138
33862,1361632153897992197
33863,1361628556867088384
33864,1361611873486045185
33865,1361611461274054658
33866,1361538276688019457
33867,1364380658395676673
33868,1364366866332983299
33869,1364362595327758336
33870,1364347193382035457
33871,1364341260153204736
33872,1364326822146678785
33873,1364318858706829312
33874,1364316364958281733
33875,1364295801955098626
33876,1364290635977674761
33877,1364290547419086853
33878,1364270911248076804
33879,1364246285092585474
33880,1364190437901279235
33881,1364331712419934211
33882,1364289856336232448
33883,1364272133975789568
33884,1364261022467555329
33885,1364256719594000385
33886,1364251761293328389
33887,1364242326948831237
33888,1364241920608915466
33889,1364219098696216576
33890,1364215764912402441
33891,1364212202169851904
33892,1364210543653969921
33893,1364210023304462336
33894,1364206368559923202
33895,1364205260504510464
33896,1364200227260035076
33897,1364192002510880770
33898,1364163460725174276
33899,1364150709957066755
33900,1364143850609143808
33901,1364131849065349120
33902,1364118375341961216
33903,1364110558665015300
33904,1364110080178860034
33905,1364100664012513283
33906,1364079377856749572
33907,1364073467142889475
33908,1364066959302787074
33909,1364066894806982656
33910,1364066654678843393
33911,1364064180454752256
33912,1364056512495288327
33913,1364056214942994433
33914,1364054359282229248
33915,1364054305750269954
33916,1364048932557516802
33917,1364047780117946374
33918,1364047608008867847
33919,1364046638105440259
33920,1364043707390062596
33921,1364039671551037447
33922,1364034883564224512
33923,1364032596372578304
33924,1363978572608765952
33925,1363959323471319041
33926,1363958908172304390
33927,1363953202471796736
33928,1363952892596670466
33929,1363927537903108098
33930,1363916252180344832
33931,1363911704782987267
33932,1363898450300047363
33933,1363897945112915972
33934,1363897774115344398
33935,1363887601342676996
33936,1363879925091082243
33937,1363879401130196993
33938,1363879302723436544
33939,1363869599826137094
33940,1363868317967147008
33941,1363858948638580743
33942,1363851933627342849
33943,1363845765051928583
33944,1363838623393718276
33945,1363803837358878721
33946,1363800007640514562
33947,1363791095298199556
33948,1363790131514195970
33949,1363767802121887747
33950,1363764786236973057
33951,1363729928248729601
33952,1363723047237259266
33953,1363719995025416192
33954,1363718269409120257
33955,1363713581871755266
33956,1363695082541563904
33957,1363694602381914113
33958,1363693777479757830
33959,1363691535498432512
33960,1363689395224793089
33961,1363688175013564416
33962,1363687141453279236
33963,1363685950140936193
33964,1363685688437338112
33965,1363668057030340608
33966,1363667873412108288
33967,1363659237461737472
33968,1363648139836686339
33969,1363619959348359170
33970,1363613629858410498
33971,1363607555373694980
33972,1363598981813706753
33973,1363581506015363077
33974,1363576959813505029
33975,1363567664455684099
33976,1363536127991443464
33977,1363521711891767300
33978,1363518465081040901
33979,1363516668241203201
33980,1363489027102560258
33981,1363486600886419456
33982,1363483752144506881
33983,1363479408976277504
33984,1363460222250070019
33985,1363437104571760643
33986,1363431338263642113
33987,1363429364864589826
33988,1363415629722767366
33989,1363415489897259011
33990,1363415130478960643
33991,1363392958846877697
33992,1363361843016855557
33993,1363356781347565569
33994,1363350972496556032
33995,1363350131366645762
33996,1363338482459029506
33997,1363337761135202305
33998,1363336283037306882
33999,1363335391756095489
34000,1363334481181110280
34001,1363332628963852288
34002,1363331431477428228
34003,1363325051613958144
34004,1363323272541134849
34005,1363323223484624897
34006,1363319975872761861
34007,1363246786010308608
34008,1363239195494522882
34009,1363181424858300417
34010,1363165713972813827
34011,1363161049097269250
34012,1363160283842285569
34013,1363116926935982082
34014,1363102288081022978
34015,1363069834368532481
34016,1363069623625805825
34017,1363066551969210369
34018,1363055843051261952
34019,1363054707955142659
34020,1363046574130163713
34021,1363027099506913282
34022,1362986458672431106
34023,1362986220259848197
34024,1362979393241571328
34025,1362975893036105729
34026,1362973029769314305
34027,1362972829080256512
34028,1362971947563368449
34029,1362971269029855232
34030,1362967360563478528
34031,1362964209676468224
34032,1362963926166691841
34033,1362963575476748291
34034,1362962851548307460
34035,1362961491448786944
34036,1362961307729752065
34037,1362960294155345920
34038,1362955766097928193
34039,1362954162254807045
34040,1362907125010333696
34041,1362889924786151428
34042,1362885015894376450
34043,1362884615694917632
34044,1362869853737148416
34045,1362815543246540804
34046,1362810603459477510
34047,1362785874602319873
34048,1362781479693152259
34049,1362777549760327682
34050,1362777361666760707
34051,1362777097068929028
34052,1362776866910851074
34053,1362776569039757312
34054,1362776160850042880
34055,1362775957929680902
34056,1362775668606517250
34057,1362774363838312459
34058,1362760328430432260
34059,1362755923522056212
34060,1362754592400891905
34061,1362740337865809928
34062,1362736398487420928
34063,1362736075362418691
34064,1362726203778605066
34065,1362724423615275008
34066,1362719256979374081
34067,1362709017139765250
34068,1362695650740232194
34069,1362683937827528710
34070,1362672396583501824
34071,1362666963621789699
34072,1362666486955974658
34073,1362661335138500608
34074,1362654235691728896
34075,1362647886664785920
34076,1362647664458883072
34077,1362645955061964801
34078,1362645054733565956
34079,1362643712447311884
34080,1362642694330322945
34081,1362630070247043072
34082,1362624226696560640
34083,1362616982168887299
34084,1362615850289750016
34085,1362615161987694596
34086,1362614802464530432
34087,1362612838515290113
34088,1362612800850386944
34089,1362612579185606657
34090,1362612559690481664
34091,1362611480944910336
34092,1362610543828340736
34093,1362610035273183235
34094,1362607446217396229
34095,1362606142963253248
34096,1362606000637943809
34097,1362602653142892551
34098,1362601540339531776
34099,1362601493925421069
34100,1362601394155507713
34101,1362599321640837125
34102,1362599023107076097
34103,1362590057673146379
34104,1362559964720562183
34105,1362557074752884741
34106,1362549047563857921
34107,1362513061077258240
34108,1362509175587282948
34109,1362509042552299521
34110,1362500125470384133
34111,1362499016240545794
34112,1362484160590471168
34113,1362448034504859648
34114,1362428812865200129
34115,1362427596332498947
34116,1362415797520449538
34117,1362396626460045318
34118,1362394283173687302
34119,1362393308337700864
34120,1362392059269775360
34121,1362384681216454656
34122,1362353426512961542
34123,1362350871779172352
34124,1362347686238834690
34125,1362311678310969345
34126,1362303243406237696
34127,1362302966250758145
34128,1362285368398249984
34129,1362282590309388289
34130,1362282440413315072
34131,1362270131083218951
34132,1362261918514376705
34133,1362255797334528001
34134,1362250617608163329
34135,1362248584494776320
34136,1362246286745952260
34137,1362246005845073922
34138,1362245650209988612
34139,1362245019483144192
34140,1362244670978486274
34141,1362240682866450439
34142,1362239187831914497
34143,1362238696280440833
34144,1362237222133653506
34145,1362237180580671488
34146,1362236852443488258
34147,1362236662915432449
34148,1362236561866252299
34149,1362230822338781184
34150,1362219081802391556
34151,1362190974475198464
34152,1362188001376415748
34153,1362171392213606405
34154,1362163316605468675
34155,1362159501927993344
34156,1362158046303109121
34157,1362156354752897025
34158,1362152101569257473
34159,1362150322467188736
34160,1362149743112179713
34161,1362134344979120131
34162,1362130123974139904
34163,1362123008966619136
34164,1362078375683252226
34165,1362015903421001730
34166,1362007771634409474
34167,1361973681291988992
34168,1361951947302051841
34169,1361951595852922885
34170,1361933282154274819
34171,1361924100562817027
34172,1361913055161032707
34173,1361900234511683584
34174,1361895779187781633
34175,1361890461598760961
34176,1361878690142052352
34177,1361877359268417536
34178,1361874885165928448
34179,1361868721078366210
34180,1361862869512560640
34181,1361862701690064897
34182,1361835238977114114
34183,1361810035567960064
34184,1361778178101018626
34185,1361770718741082118
34186,1361748830715338755
34187,1361731254765441024
34188,1361722702382436361
34189,1361717806660739074
34190,1361705958322356235
34191,1361703318507159558
34192,1361703032774414338
34193,1361698074129797120
34194,1361694406873669644
34195,1361668103894089728
34196,1361619850293112833
34197,1361618319086936065
34198,1361613918616043521
34199,1361612652460531714
34200,1361602213198647298
34201,1361596985292312581
34202,1361596758304948230
34203,1361593896124506114
34204,1361543437665853441
34205,1361543209923596293
34206,1361539845949120512
34207,1361531852650078209
34208,1361530856716836865
34209,1361530722083876866
34210,1361530161137668101
34211,1361529495501611008
34212,1361529164738801666
34213,1361528108411736067
34214,1361525945354518528
34215,1361524397123772422
34216,1361524282443071488
34217,1361522685046632448
34218,1364381369682571264
34219,1364344327405776899
34220,1364325666141974529
34221,1364324648373129224
34222,1364314698410205187
34223,1364314220314185731
34224,1364312105852239878
34225,1364311515914977291
34226,1364311500874272779
34227,1364306213253611527
34228,1364303521701650437
34229,1364300430629560327
34230,1364300113045258240
34231,1364300075875381250
34232,1364299495832453121
34233,1364298136924131329
34234,1364297057696165898
34235,1364291279551688707
34236,1364288923363598346
34237,1364285328878673921
34238,1364284075771625474
34239,1364277524172337152
34240,1364276399398408196
34241,1364273048074006535
34242,1364259461498630145
34243,1364257468675739654
34244,1364255352603172868
34245,1364232868797444097
34246,1364224339327918081
34247,1364221568222519297
34248,1364216011659104259
34249,1364210144100368385
34250,1364205307421933573
34251,1364201363908014081
34252,1364197750980624389
34253,1364381127453126657
34254,1364354079183544321
34255,1364353689926983683
34256,1364338915616972801
34257,1364336713557037067
34258,1364335710875103235
34259,1364328047512551430
34260,1364321910465699842
34261,1364310030795816961
34262,1364308210577006596
34263,1364308167556005889
34264,1364299288352808964
34265,1364293242880163844
34266,1364289392643366917
34267,1364280413896794122
34268,1364264155839160321
34269,1364255924773416960
34270,1364249278026305537
34271,1364243019164241928
34272,1364241213419900933
34273,1364240789530902543
34274,1364231675673206784
34275,1364230362474426368
34276,1364227558066163722
34277,1364226390090866694
34278,1364219163749801986
34279,1364218776259072005
34280,1364207305638699016
34281,1364186936001331202
34282,1364172149787742210
34283,1364158092741668869
34284,1364131328568999941
34285,1364131013933346816
34286,1364110251847540736
34287,1364104580133490689
34288,1364085928252309504
34289,1364052734282981379
34290,1364022760591282181
34291,1364015639980089358
34292,1364011836945924099
34293,1364009024019169282
34294,1364002472776368130
34295,1363998385813016579
34296,1363989914216521729
34297,1363986449402638338
34298,1363981284528295945
34299,1363967455073288193
34300,1363963640983007234
34301,1363963202581762048
34302,1363960525886021641
34303,1363951219157401608
34304,1363951019927998467
34305,1363949250653077505
34306,1363939567947177986
34307,1363934737845354499
34308,1363915146482040835
34309,1363887374808276992
34310,1363887364846845953
34311,1363866968168820738
34312,1363842762622271488
34313,1363825547374170117
34314,1363813852882874377
34315,1363812561943199749
34316,1363754789889318912
34317,1363741778235580418
34318,1363729311765827588
34319,1363694850722443264
34320,1363690174446723072
34321,1363675106501939204
34322,1363659999243870211
34323,1363645317720141828
34324,1363633212812066817
34325,1363624370455855106
34326,1363611165469851650
34327,1363605763298643971
34328,1363605241929867264
34329,1363596239955181574
34330,1363577646207098882
34331,1363575707994124288
34332,1363571856847106054
34333,1363569273751425030
34334,1363546474219532291
34335,1363533133648379909
34336,1363527108606255105
34337,1363503136309194759
34338,1363495268470128642
34339,1363489410357075970
34340,1363482876898074626
34341,1363470432570138626
34342,1363430615736061955
34343,1363422017635168256
34344,1363421350002573313
34345,1363413047931523074
34346,1363381391581396994
34347,1363348237042782209
34348,1363308608344256512
34349,1363303187139223554
34350,1363296468778569732
34351,1363295332587745281
34352,1363289581056118785
34353,1363286584712450052
34354,1363275298205298689
34355,1363272214921965569
34356,1363257881093693444
34357,1363251589264326656
34358,1363251123298123779
34359,1363249983261192192
34360,1363243631184928768
34361,1363217868381425666
34362,1363206117267021838
34363,1363202386366500864
34364,1363187510843760640
34365,1363177956303060996
34366,1363169336366628865
34367,1363155376686985222
34368,1363151416341254146
34369,1363129952145715202
34370,1363121710925565953
34371,1363109418964037637
34372,1363106125365665794
34373,1363105955416858624
34374,1363072028882972672
34375,1363047422067359744
34376,1363026523285049344
34377,1362995399695470592
34378,1362974396911136771
34379,1362956114573332481
34380,1362952652049555459
34381,1362952191317786626
34382,1362950575030218752
34383,1362943015820623872
34384,1362920913264599042
34385,1362905524170354698
34386,1362898573768220679
34387,1362898479023071232
34388,1362898071135416320
34389,1362891354871857153
34390,1362888039874383876
34391,1362858654333026307
34392,1362856211343941634
34393,1362855412526104577
34394,1362852596382326789
34395,1362845499989049347
34396,1362831928638861313
34397,1362831596659867648
34398,1362813042082390022
34399,1362811286392893445
34400,1362804700488343552
34401,1362802115589070857
34402,1362792628702629894
34403,1362781966714757122
34404,1362759222795108354
34405,1362725835158007809
34406,1362719622269718542
34407,1362706685073178625
34408,1362691810250928130
34409,1362681889400709120
34410,1362632387885211650
34411,1362597817932525573
34412,1362592208570974210
34413,1362576944420818945
34414,1362563984990363648
34415,1362561590046900227
34416,1362556252144959489
34417,1362554468756258819
34418,1362552644103987200
34419,1362549513471295494
34420,1362547286161715206
34421,1362545060039000073
34422,1362545045367308288
34423,1362544637089624068
34424,1362544282201165824
34425,1362541292287389701
34426,1362539380443914240
34427,1362535761187373056
34428,1362535543050039296
34429,1362526300838256640
34430,1362525492998471681
34431,1362524432439345160
34432,1362522227841916929
34433,1362516488435949574
34434,1362514610331545601
34435,1362511196591710208
34436,1362493833687293958
34437,1362486082290393090
34438,1362480834838749189
34439,1362462120592502785
34440,1362457215580397572
34441,1362453653035098114
34442,1362441935118606341
34443,1362436929967579139
34444,1362420617560096770
34445,1362418780270432258
34446,1362402846902259719
34447,1362386939773661185
34448,1362378848273199108
34449,1362366515182501890
34450,1362365285794254850
34451,1362357070004162562
34452,1362340782708039681
34453,1362314825813151745
34454,1362283530814906368
34455,1362270031472640000
34456,1362230714654224384
34457,1362228108116582403
34458,1362193555423387648
34459,1362188476117094400
34460,1362180898188328960
34461,1362170630016221186
34462,1362157414909411336
34463,1362153195758383108
34464,1362147380817244170
34465,1362142077350514689
34466,1362138949528002562
34467,1362138298513252357
34468,1362137497246068738
34469,1362130673801306112
34470,1362129687292633088
34471,1362125494368501765
34472,1362121141180112899
34473,1362120114536140805
34474,1362118246422478851
34475,1362117120885161985
34476,1362115211780644865
34477,1362115066775101453
34478,1362113973080924160
34479,1362113972107833344
34480,1362113971147268096
34481,1362113970014887939
34482,1362112046570037255
34483,1362112007521120263
34484,1362111658739585029
34485,1362111613147492352
34486,1362110366331863044
34487,1362109896192327686
34488,1362108807174909957
34489,1362098972077228042
34490,1362098524364619778
34491,1362098516106113028
34492,1362085029187379200
34493,1362082394589847554
34494,1362082322846273538
34495,1362081840513884164
34496,1362080343717740544
34497,1362080039450402823
34498,1362079959951564800
34499,1362078551999213573
34500,1362077929732272128
34501,1362077815328366599
34502,1362074687086485504
34503,1362069897564553221
34504,1362066121801822216
34505,1362053896550637570
34506,1362049783075139586
34507,1362045773152673801
34508,1362045754689417217
34509,1362044814255153155
34510,1362043420819210246
34511,1362035025936547843
34512,1362034391292207105
34513,1362031879000649737
34514,1362027348342800392
34515,1362014310441119746
34516,1362011598597091334
34517,1362008306651443201
34518,1361994678846050304
34519,1361991516378521601
34520,1361984407821832201
34521,1361977641998376961
34522,1361942695502098434
34523,1361928212536844289
34524,1361925848035700739
34525,1361921507547611136
34526,1361920033400762368
34527,1361872679561801731
34528,1361871457014398977
34529,1361855760658018304
34530,1361853350585720834
34531,1361841952916971521
34532,1361840115673427968
34533,1361838081872134145
34534,1361816055237251073
34535,1361800301758537733
34536,1361800196724817924
34537,1361799149168001030
34538,1361797105044643845
34539,1361791596723855362
34540,1361786212823019522
34541,1361778628195934221
34542,1361778266118516743
34543,1361771091220381697
34544,1361767748251111424
34545,1361750817108328449
34546,1361744417741283329
34547,1361737819337728001
34548,1361737077323407361
34549,1361735949059825666
34550,1361734830543818755
34551,1361732772012908547
34552,1361730751658614784
34553,1361729872079511554
34554,1361726444506931200
34555,1361723930172665858
34556,1361707765094350849
34557,1361698979172519942
34558,1361680431784079362
34559,1361680337399648260
34560,1361671533320667142
34561,1361667193142919169
34562,1361666444593926148
34563,1361657609393209345
34564,1361650041727774729
34565,1361646694681759745
34566,1361614974901174272
34567,1361613657122037763
34568,1361611081949536260
34569,1361599220495622146
34570,1361591989578432519
34571,1361566273856032769
34572,1364384364797321220
34573,1364382789341167622
34574,1364382264126234627
34575,1364381311146680323
34576,1364381178543943680
34577,1364380802969124866
34578,1364380242387890180
34579,1364379777386172423
34580,1364378204195160066
34581,1364377399320838145
34582,1364377226628759552
34583,1364377137818517517
34584,1364376832783564802
34585,1364376763485290498
34586,1364376695671824385
34587,1364376199905095680
34588,1364375666364461057
34589,1364373936687955970
34590,1364372860790337539
34591,1364372719928770561
34592,1364371771173011456
34593,1364371438535401472
34594,1364371080161419275
34595,1364370445429014528
34596,1364369888836542465
34597,1364369248030711811
34598,1364369141558353924
34599,1364368949182410752
34600,1364368784933453825
34601,1364368520943964161
34602,1364368285001736194
34603,1364367810718281729
34604,1364365298661490688
34605,1364364267093438464
34606,1364363918362165254
34607,1364363830860644352
34608,1364363176498900993
34609,1364363174456221696
34610,1364361123840094208
34611,1364360889315577856
34612,1364360580249829378
34613,1364358745116000259
34614,1364358378257014792
34615,1364357376766341126
34616,1364357005843062788
34617,1364356868106162178
34618,1364356775047233543
34619,1364355657051299850
34620,1364355656246063105
34621,1364355478101319681
34622,1364353538776854528
34623,1364353247167840259
34624,1364353182114189316
34625,1364353040099274754
34626,1364352160243326981
34627,1364351724710936580
34628,1364350658984427521
34629,1364350392621027333
34630,1364349999228850176
34631,1364349537276542981
34632,1364349492737302530
34633,1364349377402318853
34634,1364349221370011648
34635,1364349121117769728
34636,1364347807373623297
34637,1364347051623010304
34638,1364346002258464771
34639,1364345946591608833
34640,1364345892313137155
34641,1364345839477542913
34642,1364345632744423425
34643,1364345153666842630
34644,1364345011513528322
34645,1364344769565065220
34646,1364344681300189191
34647,1364344260837994497
34648,1364344105929695235
34649,1364343941978546176
34650,1364343353131872256
34651,1364342523901181954
34652,1364342172036792322
34653,1364341900166254598
34654,1364341819044220930
34655,1364341704845885442
34656,1364340561013014528
34657,1364340454708371461
34658,1364340270012235782
34659,1364339952817999872
34660,1364339356400558085
34661,1364338445791952898
34662,1364338070267580422
34663,1364337286746374147
34664,1364336768909258756
34665,1364336472124456961
34666,1364335928366542858
34667,1364335634782052353
34668,1364335389406875649
34669,1364335354724122628
34670,1364335199111249929
34671,1364334581378387970
34672,1364334516723208193
34673,1364334221347684352
34674,1364333266942238720
34675,1364333109886521345
34676,1364333099845357570
34677,1364333067058479105
34678,1364333036012199937
34679,1364332892114067472
34680,1364332601171972096
34681,1364332544385236992
34682,1364331598968193028
34683,1364331107940982785
34684,1364331056812470272
34685,1364330970229342208
34686,1364330567802777602
34687,1364329460909105158
34688,1364329452545662985
34689,1364329362963718144
34690,1364329191508951049
34691,1364329160055865344
34692,1364329089176322050
34693,1364328896540385284
34694,1364328591312490504
34695,1364328420126130178
34696,1364328126801727488
34697,1364327577486315520
34698,1364325703991373827
34699,1364325644327387143
34700,1364325511158247435
34701,1364325353561423874
34702,1364325169326604289
34703,1364324850274357248
34704,1364324764454711299
34705,1364323636992237568
34706,1364323570852184064
34707,1364322479506923524
34708,1364321159056134151
34709,1364320983797104642
34710,1364320953262608386
34711,1364320560717651975
34712,1364320550655578116
34713,1364320482254868480
34714,1364320250414645254
34715,1364319782208692225
34716,1364319668475998216
34717,1364319394042703872
34718,1364319362602180618
34719,1364318237136199681
34720,1364317230830338049
34721,1364316953616252928
34722,1364315804439838731
34723,1364315658729762816
34724,1364315608716873732
34725,1364315274640580608
34726,1364314670119723018
34727,1364314102852681738
34728,1364313947772497923
34729,1364313625310167044
34730,1364313324473696262
34731,1364313053672652802
34732,1364312946826969093
34733,1364312571034165251
34734,1364312449911058432
34735,1364312379278958596
34736,1364312374531006465
34737,1364312121195065345
34738,1364312102962356229
34739,1364311855611719684
34740,1364311755422318600
34741,1364311569266405376
34742,1364311319202172930
34743,1364311092546134016
34744,1364311050376654851
34745,1364310704774340611
34746,1364310455947309057
34747,1364310018871459854
34748,1364309859148128256
34749,1364309729242136582
34750,1364308555646590980
34751,1364308424499036160
34752,1364308279074164737
34753,1364308264360542212
34754,1364308057216450564
34755,1364308052195889157
34756,1364307882850869253
34757,1364307290128605184
34758,1364307010758602753
34759,1364306969058828289
34760,1364306855636402177
34761,1364306753295417346
34762,1364306518443765764
34763,1364306011444641792
34764,1364305729654554628
34765,1364305533835083777
34766,1364305515430436866
34767,1364305433326927875
34768,1364305068007297025
34769,1364303584125419520
34770,1364303071065554948
34771,1364302397896593415
34772,1364301664107327491
34773,1364301255888302080
34774,1364301154251907073
34775,1364301138544259073
34776,1364300094321823747
34777,1364299980765335560
34778,1364299696261505026
34779,1364298930461245444
34780,1364298899045953537
34781,1364298645194092548
34782,1364298539157741571
34783,1364298440449134592
34784,1364298240510857220
34785,1364298234273943553
34786,1364298127369510925
34787,1364298049418371072
34788,1364297301473296384
34789,1364296646150995969
34790,1364296112128090113
34791,1364294601897607169
34792,1364293401731080198
34793,1364292882841169920
34794,1364292859176828932
34795,1364292694298787847
34796,1364292559749722121
34797,1364292511259369474
34798,1364292054180896772
34799,1364292044500434947
34800,1364290981630259201
34801,1364290426132459522
34802,1364290025849036811
34803,1364289498679545857
34804,1364289272656912387
34805,1364288919508901893
34806,1364288794367787016
34807,1364288600192466944
34808,1364288365202399236
34809,1364288026109743111
34810,1364287182828154886
34811,1364286137687289858
34812,1364285941020581888
34813,1364285458545586182
34814,1364285144895541263
34815,1364285039811379204
34816,1364284917266407429
34817,1364284371134464000
34818,1364283536346341384
34819,1364283403328229381
34820,1364283197685719040
34821,1364283099790589956
34822,1364283040034402309
34823,1364282864725032961
34824,1364282841186660359
34825,1364282588832096264
34826,1364282024509534215
34827,1364281770334642177
34828,1364281585059721221
34829,1364281556978794499
34830,1364281358357561348
34831,1364280936389627907
34832,1364280586987315205
34833,1364280384863809536
34834,1364279031215054849
34835,1364278903561412612
34836,1364278450119471108
34837,1364278003379937280
34838,1364277607559266305
34839,1364277529436119040
34840,1364277075868319746
34841,1364276848553832462
34842,1364276674356006922
34843,1364276591958892547
34844,1364275971789123585
34845,1364275822215847937
34846,1364275412809973766
34847,1364274939067564034
34848,1364274889839022082
34849,1364274817181048834
34850,1364274752811126784
34851,1364274552579231751
34852,1364274236148379649
34853,1364273754856112129
34854,1364273606990192641
34855,1364273521564803079
34856,1364272810064027658
34857,1364271302987583493
34858,1364271066143731719
34859,1364270998636355586
34860,1364270981523656707
34861,1364270947491004417
34862,1364270594729127941
34863,1364270313203245058
34864,1364269976539066376
34865,1364269850344964098
34866,1364269756128387077
34867,1364269703363969025
34868,1364269278606860296
34869,1364268960074588162
34870,1364268756252377088
34871,1364268665735155712
34872,1364268548739235842
34873,1364268522357071875
34874,1364268495886819341
34875,1364268349199441925
34876,1364268057959481344
34877,1364267903932071941
34878,1364267736323530755
34879,1364267540021673997
34880,1364267515988373507
34881,1364267178770526213
34882,1364266935941267460
34883,1364266916718780423
34884,1364266634467282945
34885,1364266378698641411
34886,1364266285287305217
34887,1364266252995330056
34888,1364265916838600705
34889,1364265594552541184
34890,1364264977742323713
34891,1364264190458933249
34892,1364264084091375617
34893,1364263965484802050
34894,1364263753542328320
34895,1364263651088216065
34896,1364263608914505730
34897,1364263544821317634
34898,1364263534926921736
34899,1364263528341925894
34900,1364263324238675971
34901,1364262881563447300
34902,1364262818514665476
34903,1364262773874700288
34904,1364262739393339392
34905,1364262494911533060
34906,1364262428645744642
34907,1364262371590553604
34908,1364262330272542720
34909,1364262169685204994
34910,1364262115851304962
34911,1364262103507329024
34912,1364261641395798017
34913,1364261362030026753
34914,1364261291951616002
34915,1364261152612634629
34916,1364261075571662850
34917,1364260898437799937
34918,1364260692900077568
34919,1364260230591373312
34920,1364260180448444418
34921,1364260113763233795
34922,1364259956896260101
34923,1364259926718185474
34924,1364259635029561345
34925,1364259620345282570
34926,1364259513646387202
34927,1364259289821495297
34928,1364259131570475014
34929,1364259037697740801
34930,1364258606321860612
34931,1364258457801674761
34932,1364258387211476994
34933,1364258228255789056
34934,1364257971165921284
34935,1364257965444841482
34936,1364257842899861512
34937,1364257755570331656
34938,1364257327013126146
34939,1364257306100305921
34940,1364257296134594565
34941,1364257245035458564
34942,1364257244607623176
34943,1364256983105363969
34944,1364256973139681284
34945,1364256889568169995
34946,1364256857569779717
34947,1364256809444376580
34948,1364256729932955653
34949,1364256680603774980
34950,1364256289648496641
34951,1364256203644284929
34952,1364256203577192448
34953,1364256203472314372
34954,1364256070101839872
34955,1364255943643586560
34956,1364255935120764930
34957,1364255925259956227
34958,1364255810101129217
34959,1364255800173207557
34960,1364255750135160833
34961,1364255740270108672
34962,1364255682397102082
34963,1364255602483093514
34964,1364255546828861440
34965,1364255385218088960
34966,1364255318331584512
34967,1364255310295228416
34968,1364254389779718148
34969,1364254379843457024
34970,1364253994823122949
34971,1364253871237963779
34972,1364253804582043655
34973,1364253791139332100
34974,1364253726010179587
34975,1364253714538668035
34976,1364253373608779779
34977,1364253271414738947
34978,1364253253450481671
34979,1364253021048299523
34980,1364252988525707265
34981,1364252973300396035
34982,1364252971651973120
34983,1364252940517732359
34984,1364252872012136449
34985,1364252829674840067
34986,1364252451507945473
34987,1364252401264394245
34988,1364252358650298374
34989,1364252306448015371
34990,1364252087975034881
34991,1364252084627988482
34992,1364252080899301376
34993,1364251982794522625
34994,1364251967216738304
34995,1364251961642651650
34996,1364251916423880711
34997,1364251584364953604
34998,1364251426814320644
34999,1364250873115910144
35000,1364250546786480128
35001,1364250432122597376
35002,1364250307492995074
35003,1364250272491573248
35004,1364249547963252737
35005,1364248718573199368
35006,1364248653951496192
35007,1364248557511991299
35008,1364248379220496386
35009,1364248031911153667
35010,1364247890827354114
35011,1364247784992485377
35012,1364247775064514561
35013,1364247717363519488
35014,1364247589391114241
35015,1364246397336322055
35016,1364246279849578499
35017,1364246073238319107
35018,1364245762230673409
35019,1364245744060891137
35020,1364245734162317313
35021,1364245182481387523
35022,1364244600764977159
35023,1364244239467634688
35024,1364244232609890304
35025,1364244009468715008
35026,1364243885254455296
35027,1364243840354369538
35028,1364243750252388357
35029,1364243349499240455
35030,1364243339571318789
35031,1364243311465234435
35032,1364242981222567946
35033,1364242565780930564
35034,1364242495111106561
35035,1364242481966112771
35036,1364242238650257410
35037,1364242151119405059
35038,1364242106836017159
35039,1364241767948812299
35040,1364241699875217413
35041,1364241695236317185
35042,1364241686344384521
35043,1364241294403514370
35044,1364241079009243137
35045,1364241050664132611
35046,1364241040631361539
35047,1364240783050760199
35048,1364240524970967041
35049,1364240390849757185
35050,1364240367164530689
35051,1364240210607898628
35052,1364240010313166848
35053,1364239875067817991
35054,1364239402449436672
35055,1364238548518461441
35056,1364237714107809796
35057,1364237437438988290
35058,1364237232509452288
35059,1364236498405580801
35060,1364236081110142982
35061,1364235556054593540
35062,1364234802157801474
35063,1364234428214620163
35064,1364233269689122818
35065,1364233268019818499
35066,1364232474344194049
35067,1364232157162569728
35068,1364232011322433541
35069,1364231621516394507
35070,1364231269060591617
35071,1364231252530765825
35072,1364231020355149830
35073,1364230523913134082
35074,1364230275329368068
35075,1364229432152645639
35076,1364229426532278273
35077,1364229037418295297
35078,1364228984456757254
35079,1364227974497595403
35080,1364227181279240197
35081,1364226624527364100
35082,1364226231558791172
35083,1364225996287733766
35084,1364225126976221190
35085,1364225105916620800
35086,1364223740507136012
35087,1364223683028393992
35088,1364223076636876801
35089,1364222643444981761
35090,1364221993453641735
35091,1364221735491444736
35092,1364221486811111427
35093,1364220878033068034
35094,1364220832617091079
35095,1364220793127854083
35096,1364220698298880001
35097,1364220690648424452
35098,1364219663073374208
35099,1364219126881923075
35100,1364218895582699524
35101,1364217931392053249
35102,1364217852224540675
35103,1364217612696182785
35104,1364217522749333504
35105,1364217455330136069
35106,1364217006426324993
35107,1364216633728892928
35108,1364216074812723205
35109,1364214850017230850
35110,1364214788658782210
35111,1364214110813106178
35112,1364214012754485249
35113,1364213780339712004
35114,1364213405645762562
35115,1364213083602907141
35116,1364212928644317186
35117,1364212527903764480
35118,1364212202195066880
35119,1364211868080893957
35120,1364211727336898561
35121,1364211532951920643
35122,1364211506888531971
35123,1364211297886298115
35124,1364211239392579584
35125,1364211094609399810
35126,1364210866967740419
35127,1364210799733075969
35128,1364210012680290310
35129,1364209473011806209
35130,1364208936879091716
35131,1364205890866413568
35132,1364205747135897608
35133,1364205466700677120
35134,1364205308961320967
35135,1364205051854602240
35136,1364204212595417091
35137,1364203829210791937
35138,1364202598111272961
35139,1364202567832633346
35140,1364202483216773126
35141,1364202460693192707
35142,1364202349917519880
35143,1364202100754952195
35144,1364201227064606721
35145,1364200816740093958
35146,1364200554713481216
35147,1364200322869174272
35148,1364200261833662464
35149,1364199945268527109
35150,1364199892831379460
35151,1364198523068166146
35152,1364198171128299521
35153,1364197954496659458
35154,1364196854578225154
35155,1364196321842892803
35156,1364196193606258694
35157,1364195767506903044
35158,1364195619594731524
35159,1364194855468032002
35160,1364194553708822529
35161,1364194402428620804
35162,1364194383432679424
35163,1364194240474013696
35164,1364193197006675971
35165,1364193068136693764
35166,1364192821884944385
35167,1364192519555321868
35168,1364191487601311746
35169,1364191460170600448
35170,1364191164769959937
35171,1364191117173006339
35172,1364190800838541312
35173,1364190597536489472
35174,1364189878234316802
35175,1364188579375775751
35176,1364188534303821824
35177,1364188491198984193
35178,1364188174273110018
35179,1364187595090128898
35180,1364186246130651137
35181,1364185473372086285
35182,1364185171931648006
35183,1364185037810376704
35184,1364184298195148803
35185,1364182026891452421
35186,1364181736553402369
35187,1364181539836338176
35188,1364181210315038724
35189,1364181047341158402
35190,1364180973265518592
35191,1364180443097137158
35192,1364179859405213697
35193,1364178900767682562
35194,1364178713869508610
35195,1364177495495487491
35196,1364177352247377920
35197,1364176611541721088
35198,1364176426883252224
35199,1364175733875236868
35200,1364175333700829185
35201,1364175194772934662
35202,1364174540365041668
35203,1364174450288123906
35204,1364174104904015874
35205,1364173377242546177
35206,1364172902627696645
35207,1364170869816389633
35208,1364170672612737034
35209,1364170516609835012
35210,1364170477388910592
35211,1364170336124743683
35212,1364169949896470530
35213,1364169774541008897
35214,1364169711815073797
35215,1364169223476547585
35216,1364168435551383552
35217,1364168060140195842
35218,1364168050166161408
35219,1364167687778279424
35220,1364167351130861570
35221,1364166471832784896
35222,1364166250725863426
35223,1364165676437561344
35224,1364165511660130308
35225,1364164696459403264
35226,1364164474668785664
35227,1364164310218514435
35228,1364164290555617284
35229,1364164087333212163
35230,1364163839613415424
35231,1364163764103315456
35232,1364163490433429504
35233,1364163452391075841
35234,1364163089973866509
35235,1364162696606871555
35236,1364162641002958853
35237,1364161986632777729
35238,1364161833020526596
35239,1364161595899842560
35240,1364160628479438849
35241,1364160575639416836
35242,1364159583720271872
35243,1364159166189813763
35244,1364159118685134853
35245,1364158497886265346
35246,1364158293736849410
35247,1364156945884721157
35248,1364155501060177921
35249,1364154500798414849
35250,1364154132781752321
35251,1364154055426244609
35252,1364153778425970689
35253,1364153676923875331
35254,1364152963468587008
35255,1364152911710814208
35256,1364152891540467720
35257,1364149079324975104
35258,1364146888006631424
35259,1364146733173911554
35260,1364145982150217729
35261,1364145312508575747
35262,1364144757073719297
35263,1364144718813216768
35264,1364142650362916864
35265,1364142458066583558
35266,1364142456804155392
35267,1364139839344570368
35268,1364139548142354433
35269,1364139182730469376
35270,1364137932693544963
35271,1364137051873021956
35272,1364135603252649986
35273,1364135035687866374
35274,1364134628924260352
35275,1364134158260457479
35276,1364133917016682496
35277,1364133567819886592
35278,1364131896129708039
35279,1364130091278696449
35280,1364129952023670787
35281,1364128894773821441
35282,1364128117074391041
35283,1364128010400653312
35284,1364127834554433539
35285,1364126196930400260
35286,1364124655133556737
35287,1364122496300158978
35288,1364122227986341889
35289,1364121937102991368
35290,1364121436382715905
35291,1364120892243120129
35292,1364120650516996103
35293,1364117229353242624
35294,1364115299738476544
35295,1364113808915062786
35296,1364113251471151104
35297,1364112374312148992
35298,1364110840153128963
35299,1364110729159311361
35300,1364108819404587008
35301,1364107143130062848
35302,1364107099119226881
35303,1364104957595631616
35304,1364103515489112066
35305,1364102892030996487
35306,1364102706999271427
35307,1364101084634099713
35308,1364099808542269440
35309,1364097972275920898
35310,1364096865780838400
35311,1364096811816869890
35312,1364092589880803328
35313,1364092575892783104
35314,1364091169446260737
35315,1364089248429838341
35316,1364086254321733632
35317,1364085554233675776
35318,1364085437678166016
35319,1364085426533859329
35320,1364085209403183104
35321,1364084879529553922
35322,1364083852612886528
35323,1364079569167413249
35324,1364077529460572160
35325,1364076967314784256
35326,1364076288542187520
35327,1364076133717864448
35328,1364076119629168642
35329,1364073652292091905
35330,1364072704312229889
35331,1364071905846845441
35332,1364071080529453057
35333,1364070400414650368
35334,1364068359269212161
35335,1364067857626259458
35336,1364066418409537536
35337,1364065954871865344
35338,1364065455368003584
35339,1364064977250889730
35340,1364064085260787713
35341,1364063183586140161
35342,1364063059673759750
35343,1364062603413254144
35344,1364062492591349762
35345,1364062427223105536
35346,1364062095902466049
35347,1364061439103619075
35348,1364059892391231490
35349,1364059232514015235
35350,1364058572770979841
35351,1364057853452025858
35352,1364057600510328832
35353,1364057272398282752
35354,1364056882239971329
35355,1364056475325374466
35356,1364054121985245184
35357,1364053444986863620
35358,1364053172076113924
35359,1364052501465604098
35360,1364052048313004032
35361,1364052002355953667
35362,1364051043420688385
35363,1364050477084798976
35364,1364048355794518017
35365,1364048177431785473
35366,1364048151083175938
35367,1364047916646735874
35368,1364047839282810881
35369,1364047593886646274
35370,1364047517156073472
35371,1364047332816216065
35372,1364044390059175948
35373,1364043886352556036
35374,1364043876751785985
35375,1364043037991702535
35376,1364042845494083587
35377,1364042488865058816
35378,1364042478056259585
35379,1364041780971339778
35380,1364040639437012992
35381,1364040235311595520
35382,1364040173927948291
35383,1364040106433261568
35384,1364039987172429826
35385,1364039348061110277
35386,1364039113213698051
35387,1364038242757185536
35388,1364038122057723909
35389,1364037996748693504
35390,1364037718326587394
35391,1364037134714351626
35392,1364037107229085774
35393,1364036629242011652
35394,1364036580491542532
35395,1364036224873357318
35396,1364035820626325506
35397,1364035180302921730
35398,1364034883249713152
35399,1364033198867550216
35400,1364032858784940035
35401,1364032276061966336
35402,1364031558919806978
35403,1364031171332616194
35404,1364030901752111106
35405,1364030671921049601
35406,1364030549132771332
35407,1364030053475057672
35408,1364028064561307654
35409,1364027937247408133
35410,1364027601669488643
35411,1364026177548132353
35412,1364026132346114052
35413,1364026072711499778
35414,1364025957636538371
35415,1364025394790354944
35416,1364024991046635523
35417,1364024954929483781
35418,1364024371443101700
35419,1364023311785750531
35420,1364022613446692871
35421,1364022445561282560
35422,1364022172436619267
35423,1364021301099298817
35424,1364021263996485635
35425,1364019930757287941
35426,1364019039933239297
35427,1364018651322540040
35428,1364018456891453443
35429,1364018231606927361
35430,1364017911254368258
35431,1364017398941122562
35432,1364017132124712961
35433,1364017131159920641
35434,1364017066039275521
35435,1364016941849976840
35436,1364016831330189315
35437,1364015445016252416
35438,1364015214056865796
35439,1364014810833248258
35440,1364014350713958400
35441,1364014166739148802
35442,1364014109163929602
35443,1364014083687784450
35444,1364013897750036482
35445,1364013780322185219
35446,1364013366059036673
35447,1364013055647092741
35448,1364012915641249793
35449,1364012491039203330
35450,1364012347694710789
35451,1364012212029906948
35452,1364012172981006337
35453,1364011594909442049
35454,1364010841113317377
35455,1364010578826702850
35456,1364010576582762496
35457,1364010404628885505
35458,1364010363554037761
35459,1364009649129877505
35460,1364009479122149383
35461,1364009029761122308
35462,1364008344659386371
35463,1364008265697345537
35464,1364008091478618116
35465,1364007490644545541
35466,1364007098334478343
35467,1364006834298900482
35468,1364006704065765376
35469,1364005677233016834
35470,1364005266396766208
35471,1364004991397203971
35472,1364004970438287361
35473,1364004781862379521
35474,1364004636429066240
35475,1364004592858652683
35476,1364004025897738242
35477,1364003888345587714
35478,1364002667421433861
35479,1364002098619289601
35480,1364002054558130176
35481,1364002031732621312
35482,1364001999142998017
35483,1364001943908200448
35484,1364001852107485185
35485,1364001624117694467
35486,1364001314741616643
35487,1364000988810645508
35488,1364000042810560521
35489,1364000014977159170
35490,1363999741546278912
35491,1363999173696249868
35492,1363997854461796353
35493,1363997590291939330
35494,1363997400373874699
35495,1363997060744282124
35496,1363996992721018881
35497,1363996539887251459
35498,1363996514528460801
35499,1363996416008454145
35500,1363996209300537345
35501,1363996008359858177
35502,1363995896871063554
35503,1363995676531712001
35504,1363995392094961670
35505,1363994914288189442
35506,1363994824546918407
35507,1363994587300265984
35508,1363994557478797313
35509,1363994469960409088
35510,1363994319204585477
35511,1363994245724598272
35512,1363994227332571136
35513,1363994075909783554
35514,1363993999443435528
35515,1363993382855577608
35516,1363993361972092930
35517,1363992470300852224
35518,1363992442249297924
35519,1363992379263434752
35520,1363992350519947266
35521,1363992159171604483
35522,1363992121187966978
35523,1363991878723592194
35524,1363991872348295171
35525,1363991832049422339
35526,1363991637693763586
35527,1363991388308856832
35528,1363991238773506051
35529,1363991199359651840
35530,1363990730109296646
35531,1363990649788325889
35532,1363990592435462144
35533,1363990119556997122
35534,1363990105225068548
35535,1363989562096246786
35536,1363989550704525312
35537,1363989320487567361
35538,1363989267291250690
35539,1363988909328388097
35540,1363988553575858176
35541,1363988551675838473
35542,1363988547154440203
35543,1363988432700264449
35544,1363988355558572035
35545,1363988346796732419
35546,1363988235052023812
35547,1363987917987844097
35548,1363987543939813380
35549,1363986209211625483
35550,1363985555755847686
35551,1363985490278551553
35552,1363985412436410368
35553,1363985178297839619
35554,1363984306939568135
35555,1363984175800418309
35556,1363984148650721281
35557,1363984088084930560
35558,1363983992534499328
35559,1363983944211959816
35560,1363983941229826054
35561,1363983710576660480
35562,1363981635218202628
35563,1363981498110644228
35564,1363981289519464448
35565,1363981161949786115
35566,1363981120862384132
35567,1363981104026427394
35568,1363980958580498436
35569,1363980830771716097
35570,1363980354235863041
35571,1363980332102483969
35572,1363979889695686660
35573,1363979871509225472
35574,1363979581636681738
35575,1363979476988813312
35576,1363979119248236544
35577,1363978669811712000
35578,1363978596918972419
35579,1363978558906003459
35580,1363978535963090945
35581,1363977922462314500
35582,1363977023862034436
35583,1363976439188578310
35584,1363974880887267331
35585,1363974824499040258
35586,1363974652578660355
35587,1363974372629745664
35588,1363974046732460035
35589,1363973289840943109
35590,1363973226464952326
35591,1363973016468807685
35592,1363972860117671941
35593,1363972475051106305
35594,1363972392763162627
35595,1363971837697216516
35596,1363971578032132096
35597,1363971574014091264
35598,1363970906066989065
35599,1363970674478387203
35600,1363970613300314117
35601,1363970571470471170
35602,1363970451903512576
35603,1363970316620476418
35604,1363970282554355715
35605,1363969395354124301
35606,1363969232007004169
35607,1363969184590417920
35608,1363968535865753604
35609,1363968350502719488
35610,1363968172827832323
35611,1363967928786432009
35612,1363967808976076800
35613,1363967238483632132
35614,1363966796491972616
35615,1363966616808128517
35616,1363966523900067847
35617,1363966354257285126
35618,1363965887615762435
35619,1363965644056715268
35620,1363965039674339331
35621,1363964930874048523
35622,1363964904470949888
35623,1363964508516016128
35624,1363964377460834309
35625,1363963898328678411
35626,1363963105907195909
35627,1363962970217328643
35628,1363962959349833729
35629,1363962819671162885
35630,1363962730311483395
35631,1363962368355622917
35632,1363962262936035328
35633,1363962217159405576
35634,1363961961063579648
35635,1363961767618035715
35636,1363960888512942083
35637,1363960731700498434
35638,1363960613693763589
35639,1363959937148346376
35640,1363959772270239748
35641,1363959592854642691
35642,1363959567445540864
35643,1363959337799024652
35644,1363958996248522761
35645,1363958993878736903
35646,1363958350107578378
35647,1363958172277477380
35648,1363957720345436168
35649,1363957354748923920
35650,1363957097994551309
35651,1363955981659561992
35652,1363955605686415364
35653,1363955311162372099
35654,1363955158959423489
35655,1363954968550596614
35656,1363954779811110913
35657,1363954622671503361
35658,1363954400377638912
35659,1363953775111786497
35660,1363953577773977603
35661,1363953505522827265
35662,1363953441647841287
35663,1363953428309958661
35664,1363953153876574219
35665,1363952448562413571
35666,1363952025856339971
35667,1363951960249016321
35668,1363951379677671425
35669,1363951272391553026
35670,1363951264770441219
35671,1363951073132691457
35672,1363950932548063242
35673,1363950603081310212
35674,1363950081871917056
35675,1363949823431487491
35676,1363949694779600904
35677,1363949277458874371
35678,1363949111309971461
35679,1363949033488793600
35680,1363948032094519297
35681,1363947717710471173
35682,1363946579250597889
35683,1363946317651795981
35684,1363945979360206855
35685,1363945769888284674
35686,1363945405600256007
35687,1363945385278980096
35688,1363945334897057796
35689,1363945266777382916
35690,1363944665775505408
35691,1363944442047127552
35692,1363944058041884683
35693,1363943452073934852
35694,1363942775071375363
35695,1363942253207695361
35696,1363942047984582659
35697,1363941885186891782
35698,1363941846066614272
35699,1363941543913156617
35700,1363941445682487302
35701,1363941386937135104
35702,1363940669711147018
35703,1363940371294785546
35704,1363940269914284034
35705,1363939836349083652
35706,1363939779545616384
35707,1363939545566351366
35708,1363939451257434112
35709,1363939417304543235
35710,1363939396764983298
35711,1363938914571079681
35712,1363938645166747652
35713,1363938421237026820
35714,1363938328287002627
35715,1363937481264144391
35716,1363937348883542021
35717,1363937330688647173
35718,1363937267799195655
35719,1363936679845888007
35720,1363936377151365120
35721,1363935970932965376
35722,1363935813554290689
35723,1363935461455110151
35724,1363934940258308105
35725,1363934591933890569
35726,1363934429765328898
35727,1363934392423510022
35728,1363934214526296066
35729,1363934103033311234
35730,1363933911210995713
35731,1363933790981226496
35732,1363933776410198019
35733,1363933711650160650
35734,1363933372930797568
35735,1363932906637426689
35736,1363932868490182662
35737,1363932808306114560
35738,1363932211909648384
35739,1363932057198596098
35740,1363931740549636097
35741,1363931293478768641
35742,1363931027329216518
35743,1363931004524785664
35744,1363931000053649409
35745,1363930853391413254
35746,1363930473685262336
35747,1363930191622524934
35748,1363930036076740611
35749,1363929785622278150
35750,1363929648183263244
35751,1363928832093396995
35752,1363928495546597380
35753,1363927663044399112
35754,1363927553413636096
35755,1363927418029957125
35756,1363927008045064199
35757,1363926792046858241
35758,1363926773977796614
35759,1363926710492798976
35760,1363926550043885570
35761,1363926533203628032
35762,1363926531181932545
35763,1363926349380018176
35764,1363926343939989507
35765,1363925983099781124
35766,1363925956633755658
35767,1363925734755082242
35768,1363925642019037185
35769,1363925597802610694
35770,1363925555188539392
35771,1363925551958884357
35772,1363925194310639618
35773,1363924953695977474
35774,1363924395497029636
35775,1363924232489627660
35776,1363924222091919364
35777,1363923758092849160
35778,1363923572046053388
35779,1363922920775516160
35780,1363922683914821635
35781,1363922583981346819
35782,1363922338719428608
35783,1363922222247780353
35784,1363921841258192896
35785,1363921782080733196
35786,1363921216730402818
35787,1363921030574661641
35788,1363920948714369027
35789,1363920785572782081
35790,1363920682955010050
35791,1363920617901285380
35792,1363920491447156736
35793,1363920113032982531
35794,1363919897621901316
35795,1363919872825122818
35796,1363919584953270280
35797,1363919060786937859
35798,1363918960920563712
35799,1363918843194863621
35800,1363918720465305601
35801,1363917459032530946
35802,1363917382738132994
35803,1363916321021394947
35804,1363916295465484291
35805,1363915816220061696
35806,1363915050847731721
35807,1363914955528011778
35808,1363914835931635714
35809,1363914720969949185
35810,1363914060568408067
35811,1363913976623624195
35812,1363913940204412946
35813,1363913862316257281
35814,1363913696909615104
35815,1363913197712003076
35816,1363912960712732672
35817,1363912834804047880
35818,1363911568719818757
35819,1363911435441623048
35820,1363911270123110400
35821,1363910732564361216
35822,1363910667661676548
35823,1363909882613796870
35824,1363909605038907399
35825,1363909132126990338
35826,1363909014887821316
35827,1363908412099211267
35828,1363907690553081856
35829,1363907622739599371
35830,1363907375544086536
35831,1363907271449841664
35832,1363907044093403140
35833,1363907004150988808
35834,1363906566437687297
35835,1363906398606811141
35836,1363905880241111042
35837,1363905406100254724
35838,1363904827705679876
35839,1363904557529653255
35840,1363904503775395847
35841,1363904172186304524
35842,1363903928736358400
35843,1363903545062391808
35844,1363903229998817280
35845,1363903087669350401
35846,1363902575632912385
35847,1363902188137951236
35848,1363902122165760005
35849,1363901835896045575
35850,1363901756225314819
35851,1363901688386576384
35852,1363901149368242181
35853,1363901075040972801
35854,1363900995412123648
35855,1363900790067331082
35856,1363900709238882306
35857,1363900615114579968
35858,1363900408587034628
35859,1363900379398873090
35860,1363900246523342853
35861,1363900129963556867
35862,1363900122862678016
35863,1363899884340981763
35864,1363899701993603076
35865,1363899659379441666
35866,1363898835685306371
35867,1363898596647723008
35868,1363898276735516678
35869,1363897945112915972
35870,1363897591025565696
35871,1363897090385063936
35872,1363896653988720644
35873,1363896620631420930
35874,1363896332834856961
35875,1363896218401800195
35876,1363895872635998212
35877,1363895438592667654
35878,1363895370556841986
35879,1363895316458729476
35880,1363895281092288514
35881,1363895100884058114
35882,1363895090998104070
35883,1363895073935679490
35884,1363894710889287681
35885,1363894298861780997
35886,1363893356007477248
35887,1363893222108495874
35888,1363893101840990218
35889,1363893087530082306
35890,1363892696021151756
35891,1363892516731371523
35892,1363892238149947395
35893,1363891709185318912
35894,1363891688838684673
35895,1363891281383071747
35896,1363891242631892994
35897,1363891167604178946
35898,1363890438567002121
35899,1363890416551145479
35900,1363890292487688192
35901,1363889751850418183
35902,1363889197703069697
35903,1363887826992058371
35904,1363887793315995650
35905,1363887632598589447
35906,1363887484036341761
35907,1363887406655688704
35908,1363887272681238534
35909,1363886333287141378
35910,1363885265295712264
35911,1363884863288471553
35912,1363884581162778628
35913,1363884489110355970
35914,1363883635338842123
35915,1363883148279447554
35916,1363883102691618826
35917,1363882994428116992
35918,1363882491627646978
35919,1363882451672698889
35920,1363882358458441729
35921,1363882298106601473
35922,1363882148680380423
35923,1363882117181145091
35924,1363881879888347140
35925,1363881692570783745
35926,1363881369072410624
35927,1363881182635700234
35928,1363881100565700608
35929,1363881098451816449
35930,1363881047247761415
35931,1363880971087577097
35932,1363880735833288710
35933,1363880666337796098
35934,1363880263609155593
35935,1363879877670301696
35936,1363879223241375744
35937,1363878969905405957
35938,1363878826682552323
35939,1363878716175179778
35940,1363878546104606720
35941,1363877997862916096
35942,1363877993790263297
35943,1363877841188888580
35944,1363877800671932422
35945,1363877701862514695
35946,1363877437772353543
35947,1363877432340709382
35948,1363877037220405254
35949,1363877026130776064
35950,1363876959340617729
35951,1363876864801013761
35952,1363876681375744003
35953,1363876239493246976
35954,1363876184598204417
35955,1363876124925825026
35956,1363876064859222019
35957,1363875980016824328
35958,1363875833966981123
35959,1363875823988703234
35960,1363875708997664768
35961,1363875659710423044
35962,1363875474116648960
35963,1363875384354353153
35964,1363875208558485507
35965,1363875108180393987
35966,1363875023296094214
35967,1363874987669610496
35968,1363874941548957706
35969,1363874799873757185
35970,1363874723717926912
35971,1363874690138275841
35972,1363874653698199554
35973,1363874412278083587
35974,1363874350894641153
35975,1363874188747038725
35976,1363874136460779521
35977,1363874104839929861
35978,1363874062762672135
35979,1363874047562514433
35980,1363873944663687168
35981,1363873823246934021
35982,1363873673892028420
35983,1363873564936589313
35984,1363873103374344193
35985,1363873103256772611
35986,1363873066049302529
35987,1363872982704218112
35988,1363872779469283336
35989,1363872536321228804
35990,1363872523763539971
35991,1363872119482941442
35992,1363871923684462593
35993,1363871813374267393
35994,1363871589171781634
35995,1363871109020483588
35996,1363871083447934982
35997,1363870830799814658
35998,1363870816098684929
35999,1363870771001483272
36000,1363870725950562306
36001,1363870601484591104
36002,1363870146713038848
36003,1363870091763281922
36004,1363870021135515650
36005,1363869428392357898
36006,1363869346498572291
36007,1363869314521137152
36008,1363869101115006979
36009,1363868690224136198
36010,1363868675707711488
36011,1363868329983803392
36012,1363868214283927557
36013,1363867824205266944
36014,1363867617874898947
36015,1363867392468729861
36016,1363867291612557317
36017,1363867140529549314
36018,1363866663796547584
36019,1363866642401423366
36020,1363866530870681608
36021,1363866428206702597
36022,1363866329615372296
36023,1363866146445930498
36024,1363866143681769474
36025,1363866027352870912
36026,1363865731381788674
36027,1363865676956459018
36028,1363865450933854218
36029,1363865449591668738
36030,1363865423427567618
36031,1363864875118841856
36032,1363864747070943235
36033,1363864673796431872
36034,1363864282769874951
36035,1363864127224037376
36036,1363864110325239814
36037,1363864056172576770
36038,1363864036899778562
36039,1363863941093408770
36040,1363863931207503878
36041,1363863824424648710
36042,1363863790283083782
36043,1363863761874993152
36044,1363863630568185859
36045,1363863442885599232
36046,1363863376330444804
36047,1363863251570851843
36048,1363863210705625095
36049,1363863027691454464
36050,1363863014441541636
36051,1363862819314282496
36052,1363862753040076800
36053,1363862560576053248
36054,1363862516560977921
36055,1363862126117457926
36056,1363861818360418304
36057,1363861803957178374
36058,1363861710369652736
36059,1363861655382335493
36060,1363861160328585221
36061,1363860768614137857
36062,1363860409468477441
36063,1363860386877964304
36064,1363860199753322496
36065,1363860193843568649
36066,1363859994962198533
36067,1363859877853069315
36068,1363859775738556420
36069,1363859707774042114
36070,1363859620561829890
36071,1363859518686396421
36072,1363859273344811012
36073,1363858401852334080
36074,1363858384668286976
36075,1363858374698352643
36076,1363858327726395399
36077,1363858210055221253
36078,1363857881863438340
36079,1363857787185467393
36080,1363857725768130560
36081,1363857716645662722
36082,1363857676103528453
36083,1363857531219697668
36084,1363857444997394439
36085,1363857377477472258
36086,1363856535353503749
36087,1363856279454810117
36088,1363856254381219842
36089,1363856196688609286
36090,1363855550283415560
36091,1363855317440806918
36092,1363854427787063300
36093,1363854294487810052
36094,1363854186278969354
36095,1363854120847872005
36096,1363853975246811138
36097,1363853713853538307
36098,1363853574455910403
36099,1363853451457929216
36100,1363853409271623682
36101,1363853170238238721
36102,1363852896480157697
36103,1363852887781220352
36104,1363852461161803778
36105,1363852346036539392
36106,1363852210564644865
36107,1363851690345177092
36108,1363851554013462528
36109,1363851525571936260
36110,1363851180342992897
36111,1363850890311069696
36112,1363849903638732804
36113,1363848329629753344
36114,1363848272658448386
36115,1363848117972566018
36116,1363848016642326529
36117,1363847158642917377
36118,1363846589534658566
36119,1363846508978855939
36120,1363846345338085376
36121,1363846218816884736
36122,1363845930722553861
36123,1363845787780866050
36124,1363845364701417473
36125,1363845148791238658
36126,1363844954393620480
36127,1363844246634180612
36128,1363844063875764227
36129,1363843606306574345
36130,1363843428052795393
36131,1363843157981544449
36132,1363843148104019970
36133,1363842926804168705
36134,1363842166271799297
36135,1363840824203759616
36136,1363839294524297217
36137,1363839073673220097
36138,1363838792738693121
36139,1363838717430013961
36140,1363837794481766403
36141,1363836187790704647
36142,1363836106006011905
36143,1363835696558071811
36144,1363835110873845760
36145,1363835054162644992
36146,1363835005840076800
36147,1363834708984016897
36148,1363834420239687680
36149,1363834100549828609
36150,1363834013186686979
36151,1363833943770947587
36152,1363833855631896576
36153,1363833818248060929
36154,1363833647997083650
36155,1363833647116255232
36156,1363833620931227650
36157,1363832950274555909
36158,1363832552235139073
36159,1363832118669934593
36160,1363831806173343745
36161,1363831796287344642
36162,1363831236456767490
36163,1363831236364533760
36164,1363830311394684928
36165,1363829824209506308
36166,1363829812050198528
36167,1363829498739843074
36168,1363829404212862979
36169,1363828998816546817
36170,1363828847574216704
36171,1363828796911218694
36172,1363828143824453635
36173,1363827897761476610
36174,1363826939526590466
36175,1363824659507077123
36176,1363823939231895554
36177,1363823894461902851
36178,1363822977402421250
36179,1363822355324231683
36180,1363821158135644165
36181,1363820170804928513
36182,1363819713017622529
36183,1363818544316772352
36184,1363818220323487750
36185,1363817781855211520
36186,1363816863768133632
36187,1363816431301836804
36188,1363815532584124418
36189,1363815210449010690
36190,1363814816549322755
36191,1363814119426695169
36192,1363812909797826563
36193,1363812030889738242
36194,1363811393552670720
36195,1363811291832471558
36196,1363810566167478272
36197,1363809280143556611
36198,1363807141107269632
36199,1363806627166568450
36200,1363806289818767362
36201,1363805934976393222
36202,1363805794924453893
36203,1363805176226807815
36204,1363804272765394947
36205,1363803697797595138
36206,1363802944844496899
36207,1363799903466622976
36208,1363799337189466112
36209,1363799224815652867
36210,1363797800761380864
36211,1363797699108237313
36212,1363797577385340929
36213,1363796562514763776
36214,1363795668955926528
36215,1363795179967291392
36216,1363793158904156163
36217,1363792741440901121
36218,1363792048944472064
36219,1363792037145939972
36220,1363791253956157448
36221,1363790704720363520
36222,1363790607743938561
36223,1363790176804368385
36224,1363788848640233475
36225,1363788834081673217
36226,1363788791744495617
36227,1363788161097355264
36228,1363787028954046466
36229,1363784542474108934
36230,1363784389600100352
36231,1363782151003656200
36232,1363779794794471426
36233,1363779788905869313
36234,1363779761638670339
36235,1363778752367443970
36236,1363776331276840960
36237,1363776005144477698
36238,1363773888723881984
36239,1363773408203407363
36240,1363773055705747458
36241,1363772160016343042
36242,1363771973898231809
36243,1363771493671456769
36244,1363770102844391429
36245,1363769385807183877
36246,1363768796587167747
36247,1363768010121629697
36248,1363767306447450112
36249,1363766139520765952
36250,1363765669926420480
36251,1363765126910930945
36252,1363763754173952000
36253,1363763722234318854
36254,1363760081398022144
36255,1363759877982724096
36256,1363759504865845250
36257,1363757116868210689
36258,1363756575840698369
36259,1363752670230634498
36260,1363745589217824773
36261,1363745307109036032
36262,1363744283304611841
36263,1363743840616775680
36264,1363743474005258240
36265,1363739063296131074
36266,1363737769902804995
36267,1363736464878669824
36268,1363735737145978880
36269,1363733878654050307
36270,1363731228692725760
36271,1363727225711972352
36272,1363725758775119877
36273,1363719597606723585
36274,1363719418245767168
36275,1363708923010768898
36276,1363706393400909826
36277,1363706252803657729
36278,1363705265875546112
36279,1363705164767629314
36280,1363700841119698944
36281,1363693196501528577
36282,1363690622373265408
36283,1363687368528703490
36284,1363686252273430528
36285,1363683205589716992
36286,1363677384080302085
36287,1363675501047541762
36288,1363672683494400005
36289,1363664428068204547
36290,1363663960726261761
36291,1363663621935558657
36292,1363663059273846785
36293,1363662864666537984
36294,1363657207653543937
36295,1363654740572274688
36296,1363654527786827777
36297,1363652689620586496
36298,1363652113168035840
36299,1363650985550376964
36300,1363650504065187840
36301,1363646702721380352
36302,1363646660061061125
36303,1363646352387883009
36304,1363646307932516352
36305,1363644771617619970
36306,1363643830726238209
36307,1363643500915490820
36308,1363643035523969034
36309,1363642023316770821
36310,1363641230685589506
36311,1363640808822476800
36312,1363640625200005124
36313,1363640427598012419
36314,1363639876902608903
36315,1363639686053388288
36316,1363638721099296768
36317,1363638201496317956
36318,1363638030788136960
36319,1363636374776209411
36320,1363635202984140802
36321,1363634800645582848
36322,1363632882284044290
36323,1363630453996068867
36324,1363629385958498305
36325,1363628726580359175
36326,1363628622351851527
36327,1363628328687718400
36328,1363627272633257984
36329,1363626678019387397
36330,1363626576999571456
36331,1363626450151239680
36332,1363626156004696064
36333,1363622035746942980
36334,1363621561329147904
36335,1363620766424567808
36336,1363619780037640192
36337,1363619508183650308
36338,1363618634988462082
36339,1363618465756635138
36340,1363618450330030083
36341,1363617953233727493
36342,1363617694726164482
36343,1363616993035780098
36344,1363616713863028743
36345,1363615942232711168
36346,1363615317918908418
36347,1363614928217780224
36348,1363614475090337795
36349,1363614008583012352
36350,1363614000261574669
36351,1363613791485886466
36352,1363612116654190594
36353,1363611970210062346
36354,1363611574104121344
36355,1363611448799330307
36356,1363611332856152065
36357,1363610653152411651
36358,1363610537922289670
36359,1363610006424334337
36360,1363609985779986434
36361,1363609578735341568
36362,1363609018061770752
36363,1363607891366842370
36364,1363607264666542080
36365,1363607151365734416
36366,1363606935308763145
36367,1363604558660988930
36368,1363603228143853568
36369,1363602395738083335
36370,1363601893029724169
36371,1363601882485313544
36372,1363600974733053953
36373,1363600866729746432
36374,1363600633937412101
36375,1363600549904547841
36376,1363600387761135619
36377,1363600262334734340
36378,1363599375449030656
36379,1363598463741616137
36380,1363597305513992193
36381,1363596769695793160
36382,1363596580033560586
36383,1363596546340773890
36384,1363596445123805190
36385,1363596388714516481
36386,1363596388056072202
36387,1363596176214413318
36388,1363595494325428226
36389,1363594707604041728
36390,1363594449239048194
36391,1363594236621389828
36392,1363594191247470594
36393,1363594136947933186
36394,1363593416924303361
36395,1363592569352032256
36396,1363591484734394375
36397,1363590656866803720
36398,1363590574843047938
36399,1363589739476049923
36400,1363589309123727364
36401,1363589002704678913
36402,1363587892149428230
36403,1363585549647364097
36404,1363585138001641473
36405,1363585003502919683
36406,1363584158363250695
36407,1363583766619447297
36408,1363583456811311105
36409,1363583305153675274
36410,1363583212329566212
36411,1363582664469598222
36412,1363581073783857153
36413,1363580982738235397
36414,1363580528436391942
36415,1363580488783450118
36416,1363580316145844224
36417,1363579968039636993
36418,1363579118663708674
36419,1363579074715791366
36420,1363579008487743489
36421,1363579001734840326
36422,1363578998786306050
36423,1363577734207799296
36424,1363577235639312384
36425,1363576693894635524
36426,1363575850600439815
36427,1363575388442681354
36428,1363575198520377346
36429,1363574392530198529
36430,1363574264109162502
36431,1363574209796923392
36432,1363573496526368769
36433,1363572276327759881
36434,1363572233369772034
36435,1363571918390104071
36436,1363570964542423056
36437,1363570137404747787
36438,1363570120715620352
36439,1363568602885021699
36440,1363568409653436417
36441,1363567918257221632
36442,1363566295858503684
36443,1363565562773843971
36444,1363565487049871360
36445,1363564229727518722
36446,1363564027977293825
36447,1363563692944744458
36448,1363562132638494731
36449,1363561974668361731
36450,1363561123530866694
36451,1363560266131255299
36452,1363559110113812482
36453,1363558725341093897
36454,1363557852078604298
36455,1363555977887420417
36456,1363555734781362179
36457,1363555340852342785
36458,1363554753016455169
36459,1363554395925970945
36460,1363554392516005890
36461,1363554126467125248
36462,1363552822353092610
36463,1363552734675410945
36464,1363552174379261954
36465,1363552039079448580
36466,1363551134951079936
36467,1363549828488298502
36468,1363549534308229120
36469,1363548418149412869
36470,1363547330448941058
36471,1363547201725734913
36472,1363547129248161794
36473,1363546276168622080
36474,1363545133136887812
36475,1363544969621962756
36476,1363544296113242125
36477,1363544216178147328
36478,1363543496645312514
36479,1363542551266009094
36480,1363542384076816384
36481,1363542295862251521
36482,1363542149220990977
36483,1363541882589085696
36484,1363541805548118021
36485,1363541703689445381
36486,1363541516547940357
36487,1363541494959759366
36488,1363541386474250240
36489,1363541049659043847
36490,1363540799737233409
36491,1363540286970937349
36492,1363539460504313860
36493,1363537393169612801
36494,1363536872853676033
36495,1363536705698095107
36496,1363536575292977155
36497,1363536558259908620
36498,1363536460918386688
36499,1363533692673662983
36500,1363533105475309568
36501,1363532996037517323
36502,1363532924625293315
36503,1363532321253695490
36504,1363532053455777796
36505,1363531363467550720
36506,1363531034244055040
36507,1363530495301197832
36508,1363529189849247746
36509,1363528808528302084
36510,1363528310559490055
36511,1363527054138957827
36512,1363525983488385038
36513,1363525785072660489
36514,1363525287116480517
36515,1363524945280716800
36516,1363524667106025479
36517,1363524524843683845
36518,1363524483596906501
36519,1363523378158657541
36520,1363522514593406984
36521,1363522504640315395
36522,1363522368128253952
36523,1363522025671786497
36524,1363521993899974659
36525,1363521556194983940
36526,1363521270537728002
36527,1363521269086453761
36528,1363521267584937987
36529,1363521265865220105
36530,1363521194578821120
36531,1363520500098498561
36532,1363520343810408456
36533,1363519550751465472
36534,1363519535274418179
36535,1363519069740269570
36536,1363518874155700226
36537,1363518862164193287
36538,1363518852194304001
36539,1363518828613951494
36540,1363518826093101063
36541,1363518819868803074
36542,1363518637324324870
36543,1363518627337691142
36544,1363518602226372608
36545,1363518590268366853
36546,1363518299569418242
36547,1363518023785676803
36548,1363517849994690560
36549,1363517540438335491
36550,1363516141151399944
36551,1363516104568688640
36552,1363515122984120326
36553,1363514970927996931
36554,1363514687208501250
36555,1363513716562657283
36556,1363513296389894151
36557,1363512144256450561
36558,1363511605065969669
36559,1363510969377443840
36560,1363510257545334791
36561,1363509607218438144
36562,1363508260590993414
36563,1363507866519404551
36564,1363505499753308160
36565,1363503975459401728
36566,1363503037948588034
36567,1363502102702620672
36568,1363502020934701057
36569,1363500358975303682
36570,1363499432927506433
36571,1363498476718415879
36572,1363497978326110211
36573,1363497374535077888
36574,1363497118720212993
36575,1363492450111782912
36576,1363492070388862979
36577,1363491619618627590
36578,1363491135939874821
36579,1363490175251320843
36580,1363485793742905344
36581,1363483663418163201
36582,1363481832927412225
36583,1363481814304718849
36584,1363481676341460994
36585,1363481650957594627
36586,1363480243554639873
36587,1363479840544985088
36588,1363479522813898756
36589,1363479096781656068
36590,1363478969207644163
36591,1363478667951820800
36592,1363478027007574016
36593,1363476730351091715
36594,1363474912892100611
36595,1363473664704970753
36596,1363473578155532299
36597,1363473550028533762
36598,1363472727022133251
36599,1363470284993540100
36600,1363469656569360384
36601,1363468583263739912
36602,1363467597606506497
36603,1363467281607626757
36604,1363466402439438339
36605,1363463733654286340
36606,1363463545363562498
36607,1363463472252649477
36608,1363461857416249344
36609,1363459836181159942
36610,1363459831013728256
36611,1363459711614525444
36612,1363459678177538048
36613,1363458450819227650
36614,1363458149919977474
36615,1363456689404534784
36616,1363456529257611265
36617,1363455413941915650
36618,1363455209108877315
36619,1363454012289409032
36620,1363451887480094720
36621,1363450858848079877
36622,1363449852101881858
36623,1363449728915103745
36624,1363449493031694336
36625,1363449215842713603
36626,1363449196146290690
36627,1363446782672449539
36628,1363446508209795077
36629,1363446306908307457
36630,1363445819110793216
36631,1363443664505233408
36632,1363443323164368896
36633,1363440950069051395
36634,1363440434287161344
36635,1363439572684857344
36636,1363438017176821762
36637,1363437786662117377
36638,1363437651748093953
36639,1363436307989594112
36640,1363436262355533824
36641,1363435246490963968
36642,1363435153222234114
36643,1363434466736234496
36644,1363434037063405568
36645,1363433965001076742
36646,1363433479896264706
36647,1363433431510757379
36648,1363433217974546436
36649,1363432531933200385
36650,1363432037294759939
36651,1363431410984505345
36652,1363430904702660615
36653,1363430850877005824
36654,1363428783655702530
36655,1363428440280604672
36656,1363428253340471296
36657,1363427267817463810
36658,1363427251052806145
36659,1363427207251697664
36660,1363427059628990465
36661,1363427048123863042
36662,1363426115050762240
36663,1363425517635055616
36664,1363424798685224960
36665,1363422855032164353
36666,1363421976480595970
36667,1363420390060658688
36668,1363420012116074504
36669,1363416562850488323
36670,1363415297223450634
36671,1363414406994874373
36672,1363413811156439042
36673,1363412911457243136
36674,1363411969089417217
36675,1363410643244744707
36676,1363409438959403008
36677,1363409109312294914
36678,1363408793166635014
36679,1363407881182334977
36680,1363405890624364547
36681,1363403860035969024
36682,1363402729482256384
36683,1363402649660502016
36684,1363401743288123402
36685,1363400699426537473
36686,1363398489552670720
36687,1363398049045778433
36688,1363397953445068800
36689,1363396901660426245
36690,1363396453201231873
36691,1363395878124404737
36692,1363395264590077952
36693,1363395264061538304
36694,1363394968526716930
36695,1363394854844313600
36696,1363394712401551362
36697,1363394273996140550
36698,1363393843866042368
36699,1363392017213108228
36700,1363391546415083521
36701,1363390960302972928
36702,1363390575794393088
36703,1363389998037413891
36704,1363389151039664136
36705,1363388126262136836
36706,1363383605716746240
36707,1363382172460138500
36708,1363381290725212164
36709,1363378827892776969
36710,1363374442961915904
36711,1363367852020019200
36712,1363366501638668290
36713,1363364077368655872
36714,1363362956130582529
36715,1363361207432929281
36716,1363353429578514432
36717,1363351823311130625
36718,1363351354316623872
36719,1363341337320329219
36720,1363337652515213312
36721,1363336040078053378
36722,1363335448802844673
36723,1363335047873523716
36724,1363334503708712960
36725,1363333227511963648
36726,1363328677128376323
36727,1363328561348681728
36728,1363326554042949633
36729,1363326235741474818
36730,1363324796080119808
36731,1363323486089920513
36732,1363321641791598593
36733,1363321521872269313
36734,1363320457047474176
36735,1363317803189731331
36736,1363317427740827648
36737,1363317319490023425
36738,1363312057907621888
36739,1363311777405153281
36740,1363311226906841089
36741,1363306533484920835
36742,1363305877168656384
36743,1363304235216097282
36744,1363301585036734464
36745,1363297578075516934
36746,1363294360352219136
36747,1363292995706044421
36748,1363292906757488644
36749,1363287566573834242
36750,1363287405143478275
36751,1363285111270232070
36752,1363284798685523970
36753,1363283211351175169
36754,1363283163892572161
36755,1363283109907685379
36756,1363282922724352004
36757,1363282387908624387
36758,1363282179896311812
36759,1363282098988154888
36760,1363281955048075266
36761,1363281865407365124
36762,1363281629360365570
36763,1363281505867489284
36764,1363280264382865408
36765,1363278403135303686
36766,1363272997541449732
36767,1363272269745827842
36768,1363271102043201549
36769,1363270330052141059
36770,1363269081357570066
36771,1363268198943105026
36772,1363268166651109377
36773,1363268106827800579
36774,1363267579889004544
36775,1363266730529849351
36776,1363265415829454852
36777,1363264030887071753
36778,1363262767663370240
36779,1363261591442124802
36780,1363260591004151809
36781,1363260036965945346
36782,1363259955143454721
36783,1363259937820917764
36784,1363258527427547140
36785,1363257956494622723
36786,1363257288044208129
36787,1363256113735495681
36788,1363255146277445632
36789,1363253035309404166
36790,1363252746095321088
36791,1363252614125748224
36792,1363252222608494594
36793,1363251821775622144
36794,1363251321349042176
36795,1363251276172169218
36796,1363249124703940613
36797,1363248414885052421
36798,1363248099150430211
36799,1363248090531168256
36800,1363247752071806980
36801,1363247104722935812
36802,1363246802200371202
36803,1363246657119387651
36804,1363245978346795012
36805,1363245765221621764
36806,1363245515081736193
36807,1363244967012020227
36808,1363244884749074435
36809,1363244564555980801
36810,1363244394955104257
36811,1363244071007961090
36812,1363243951235485697
36813,1363243941240446977
36814,1363243797300314113
36815,1363243124525588480
36816,1363241479628607489
36817,1363240672686465026
36818,1363240668542492673
36819,1363240197786398725
36820,1363239675293556737
36821,1363239504362893312
36822,1363239439183544321
36823,1363238714886017030
36824,1363238621487247366
36825,1363238005880877063
36826,1363237118189969415
36827,1363237009318379521
36828,1363236245615312897
36829,1363236129613430788
36830,1363235957424717828
36831,1363235415898148866
36832,1363234054674542594
36833,1363233874982100996
36834,1363233551701970946
36835,1363232481395277832
36836,1363232432393183238
36837,1363232205183533059
36838,1363231959040749568
36839,1363231796423516164
36840,1363231269627170817
36841,1363230758031228937
36842,1363230709083734020
36843,1363230673696415744
36844,1363230221915344896
36845,1363229687024136195
36846,1363229575191347210
36847,1363229481524158464
36848,1363228287753981955
36849,1363228238596694019
36850,1363227799268524039
36851,1363227667357704194
36852,1363227420267065347
36853,1363227303174696961
36854,1363227065110188040
36855,1363226989071650819
36856,1363226535667380224
36857,1363226057042714627
36858,1363225504141180932
36859,1363224404935720961
36860,1363224383393828864
36861,1363223586371235840
36862,1363222643202285571
36863,1363221729624154112
36864,1363221405010178057
36865,1363220629869260804
36866,1363219754417274881
36867,1363219688705191938
36868,1363219173535584256
36869,1363218167837949954
36870,1363217128493637639
36871,1363217036252438532
36872,1363215707543060482
36873,1363215048987078663
36874,1363214992745648128
36875,1363214212718350339
36876,1363213605823512576
36877,1363213594750509061
36878,1363213043115696133
36879,1363212228590268423
36880,1363212122486943751
36881,1363211821734367232
36882,1363210644686856193
36883,1363210596565610501
36884,1363210563619282952
36885,1363210416583770120
36886,1363210244550197252
36887,1363209667883712512
36888,1363209306406060032
36889,1363209005359919106
36890,1363208894521241606
36891,1363207462350974977
36892,1363206788854784003
36893,1363206026376404993
36894,1363205890472632321
36895,1363205672981078016
36896,1363205666861502465
36897,1363205551702835204
36898,1363205530412548097
36899,1363205129546170372
36900,1363204035424231427
36901,1363203947574550534
36902,1363203691591979013
36903,1363203645047767050
36904,1363203471630073856
36905,1363203159074738182
36906,1363203047506272257
36907,1363202197102673921
36908,1363202153410625538
36909,1363202011911585794
36910,1363201875282124803
36911,1363201865274576899
36912,1363201815513346052
36913,1363201790628536321
36914,1363201759267745797
36915,1363201683858345985
36916,1363201650798821379
36917,1363201157502545928
36918,1363200902585327616
36919,1363199883084242946
36920,1363199322628755464
36921,1363199317859835908
36922,1363198950644285440
36923,1363198203584249867
36924,1363196213970030598
36925,1363195690420236289
36926,1363195196897435652
36927,1363195136369426432
36928,1363194837957279747
36929,1363192244908531712
36930,1363192132731830272
36931,1363191625145593858
36932,1363190977364688901
36933,1363190431232720896
36934,1363190101711405067
36935,1363189644960088065
36936,1363189172878667783
36937,1363189036291088387
36938,1363187725487210497
36939,1363187662883012610
36940,1363187048987918339
36941,1363186663736811525
36942,1363186225344106498
36943,1363185868664676362
36944,1363185567245172737
36945,1363184988632600579
36946,1363184875210178561
36947,1363183890941288451
36948,1363183505480515593
36949,1363183286911184905
36950,1363182566422028289
36951,1363182205804154894
36952,1363181761799327747
36953,1363180371492409345
36954,1363180364823371786
36955,1363180053186695172
36956,1363179706481324032
36957,1363179027331231744
36958,1363178793209368579
36959,1363178742013657093
36960,1363178667027881986
36961,1363177848056537093
36962,1363177770931658758
36963,1363177633358499841
36964,1363176613123391488
36965,1363174963776286728
36966,1363174865264664576
36967,1363174332604833794
36968,1363173944690429954
36969,1363173341767606274
36970,1363173064972771329
36971,1363172876413730817
36972,1363172815894110212
36973,1363172496573407233
36974,1363172327408553988
36975,1363171658874388481
36976,1363171184637075457
36977,1363170483563331588
36978,1363170466790260740
36979,1363169263402573825
36980,1363169233681711112
36981,1363169039959412739
36982,1363168668465704962
36983,1363168605907550208
36984,1363167301500096513
36985,1363166608412262402
36986,1363166001970446347
36987,1363165841701957632
36988,1363165778917421058
36989,1363165308488400896
36990,1363164843554054145
36991,1363164823421337600
36992,1363164206816763905
36993,1363163405302005762
36994,1363163333193523200
36995,1363162789167173638
36996,1363162337776078848
36997,1363162293928886275
36998,1363162019512336388
36999,1363161490606424066
37000,1363161302949101578
37001,1363160566370611204
37002,1363160231946059782
37003,1363160068515115008
37004,1363159494654636037
37005,1363158531688566791
37006,1363158416890462215
37007,1363158288674750465
37008,1363156813756198914
37009,1363155607172182026
37010,1363154504846295040
37011,1363154426291224576
37012,1363153984974958593
37013,1363153791147737089
37014,1363153781773451264
37015,1363153631428694016
37016,1363153526302588929
37017,1363152503945199618
37018,1363152080144388099
37019,1363151434624208896
37020,1363151406648205315
37021,1363151309214527492
37022,1363151308400832516
37023,1363151229925396485
37024,1363151168470454274
37025,1363150897770037249
37026,1363150700281286660
37027,1363150417316569092
37028,1363150364451762183
37029,1363150018392301569
37030,1363149936196521987
37031,1363149115589341185
37032,1363148718669762560
37033,1363148608644603905
37034,1363148553024061448
37035,1363148481775435777
37036,1363148391967035393
37037,1363148381955239941
37038,1363148368554254338
37039,1363147872292716545
37040,1363147591001767947
37041,1363147535322402821
37042,1363147395475927045
37043,1363147129833861123
37044,1363146616706842626
37045,1363146391669923840
37046,1363146254071562240
37047,1363145948088647682
37048,1363145900223197186
37049,1363145793629216776
37050,1363145268166856705
37051,1363145209593405441
37052,1363145151951101957
37053,1363144983679799297
37054,1363144972728475649
37055,1363144864074981384
37056,1363144853891276801
37057,1363144849868824576
37058,1363144765521461249
37059,1363144527746367491
37060,1363144363165949965
37061,1363144045946695681
37062,1363143665762320384
37063,1363143616600899597
37064,1363143568643260427
37065,1363143262391926787
37066,1363143071114948608
37067,1363143035333279753
37068,1363142759645904899
37069,1363142721003810816
37070,1363142603626135556
37071,1363142585519333376
37072,1363142104445255680
37073,1363142049390854149
37074,1363142023633657856
37075,1363141729973592069
37076,1363141680128548866
37077,1363141635937366019
37078,1363141467200507908
37079,1363141360912453634
37080,1363141357603332097
37081,1363141096671477763
37082,1363141080812822533
37083,1363140460957556743
37084,1363140310671441925
37085,1363140055213088780
37086,1363139955850100738
37087,1363139930847932418
37088,1363139849381949441
37089,1363139846605332484
37090,1363139577301598210
37091,1363139563846270982
37092,1363139380005793794
37093,1363139347600580609
37094,1363139292307021824
37095,1363138930976161796
37096,1363138635369971712
37097,1363138174965448708
37098,1363137848682180609
37099,1363137665017782278
37100,1363137133335224320
37101,1363136867533795329
37102,1363136580479836175
37103,1363136382223450114
37104,1363136267559596038
37105,1363135941603446788
37106,1363135593794981893
37107,1363135577818882049
37108,1363135167762677761
37109,1363135152826818561
37110,1363134812261916677
37111,1363134562969223171
37112,1363134311982125067
37113,1363133839044972547
37114,1363133195236032513
37115,1363132890704465923
37116,1363132833611603968
37117,1363132327493263360
37118,1363132290969325568
37119,1363131738143264775
37120,1363131708476948481
37121,1363131603124428800
37122,1363131382512439297
37123,1363131271900237826
37124,1363130878499643394
37125,1363130780185227269
37126,1363129129101623301
37127,1363129116946538502
37128,1363129052383612937
37129,1363128084103331841
37130,1363127487794970626
37131,1363127356907470853
37132,1363127108365656065
37133,1363126572119654404
37134,1363126331379224579
37135,1363126246478118915
37136,1363125769715728384
37137,1363125418748960770
37138,1363125364407623680
37139,1363125164712599558
37140,1363125056872792064
37141,1363125031698595845
37142,1363124551694041092
37143,1363122440570814468
37144,1363121934603595777
37145,1363121435464650754
37146,1363121416971972611
37147,1363121199149162498
37148,1363121112612286474
37149,1363121016181059587
37150,1363120851449753607
37151,1363120483982540802
37152,1363120449220141056
37153,1363120426386403333
37154,1363120218231476225
37155,1363119966900408321
37156,1363119790550827015
37157,1363119273602875393
37158,1363119034288504838
37159,1363118992488099846
37160,1363118604036804610
37161,1363118594138263552
37162,1363118462915207170
37163,1363118418665349120
37164,1363118128784420864
37165,1363117619004534787
37166,1363117198567301121
37167,1363116451511603201
37168,1363116249656492032
37169,1363116180005937155
37170,1363115611191205893
37171,1363115364561870848
37172,1363115324892061701
37173,1363115210219921410
37174,1363114055817379845
37175,1363113854134321155
37176,1363113827290775553
37177,1363113711154642948
37178,1363113391204802564
37179,1363113344316628992
37180,1363112929156071427
37181,1363112517757775872
37182,1363112417199284226
37183,1363112156741464070
37184,1363112040664076294
37185,1363111819972386819
37186,1363111794206773250
37187,1363111773906362371
37188,1363111462756102144
37189,1363111203392864259
37190,1363111089223966721
37191,1363110724831236103
37192,1363110681088847872
37193,1363110369980465152
37194,1363109954975072263
37195,1363109800159162368
37196,1363109772782948354
37197,1363109025383071746
37198,1363108633618362369
37199,1363108249612992523
37200,1363108072948977666
37201,1363107670803308545
37202,1363107542205927424
37203,1363107331005947911
37204,1363107285883568129
37205,1363107090877747215
37206,1363107045692633089
37207,1363106836463955968
37208,1363106826515083266
37209,1363106753253154820
37210,1363106731056918528
37211,1363106721695105024
37212,1363106552966692871
37213,1363106456388722689
37214,1363106382254333954
37215,1363106131309191172
37216,1363105845354102787
37217,1363105828694278146
37218,1363105656207798274
37219,1363105545566224384
37220,1363105221044555780
37221,1363104955763208200
37222,1363104879879856131
37223,1363104373182771200
37224,1363103670892716035
37225,1363103550977490944
37226,1363103416298450944
37227,1363103379128537090
37228,1363103356076625921
37229,1363103245816770566
37230,1363102928488321027
37231,1363102355932258304
37232,1363102290438152196
37233,1363102245777203200
37234,1363102215716634625
37235,1363102147265650690
37236,1363101946975039489
37237,1363101816968400898
37238,1363101676232708097
37239,1363100746611359746
37240,1363099957314678787
37241,1363099954298949634
37242,1363099417717407744
37243,1363098912807133184
37244,1363098845664735232
37245,1363098575606067203
37246,1363098489782235138
37247,1363098350237741058
37248,1363098206486343681
37249,1363098157488480262
37250,1363098108725497856
37251,1363097739060469762
37252,1363097712950988801
37253,1363097456561565696
37254,1363097175434092545
37255,1363096995926335488
37256,1363096931661193217
37257,1363096558405898241
37258,1363096101193199619
37259,1363095973845737478
37260,1363095670127792130
37261,1363094843153674240
37262,1363094574546132996
37263,1363094358074019843
37264,1363094221109014528
37265,1363094055027175428
37266,1363094045095047168
37267,1363093829461630977
37268,1363093672275935237
37269,1363093628432887810
37270,1363093445112254465
37271,1363093364170776579
37272,1363093034506850304
37273,1363092841627607045
37274,1363092688287989760
37275,1363092492300808195
37276,1363092263690252288
37277,1363092165216370689
37278,1363092105699225601
37279,1363092104243732482
37280,1363092101962031105
37281,1363091850509320195
37282,1363091848521256961
37283,1363091798835548166
37284,1363091601707458566
37285,1363091471872765955
37286,1363091439857635332
37287,1363091353895337986
37288,1363091337554382849
37289,1363091234093494273
37290,1363091232738725892
37291,1363091231220367360
37292,1363091149003649026
37293,1363090835164844034
37294,1363090779116343299
37295,1363090724284223488
37296,1363090691124064258
37297,1363090386701475841
37298,1363089886773993472
37299,1363089650655633408
37300,1363089248124035077
37301,1363088988634898432
37302,1363088863355428868
37303,1363088857298796545
37304,1363088840072822787
37305,1363088459024527362
37306,1363087861491380225
37307,1363087764531671041
37308,1363087418488999939
37309,1363087251132076035
37310,1363086919207444481
37311,1363086823942201345
37312,1363086787682455563
37313,1363086229269606405
37314,1363085308099768320
37315,1363085218610036736
37316,1363085010597801984
37317,1363084970726670337
37318,1363084931044409345
37319,1363084720762986501
37320,1363084710684016640
37321,1363084295699648514
37322,1363083705955340288
37323,1363082612043038720
37324,1363082398586593281
37325,1363081836432343046
37326,1363081207437754372
37327,1363080471236784132
37328,1363080357323689990
37329,1363080347383177217
37330,1363080278273622017
37331,1363080020282003458
37332,1363079711589605379
37333,1363079628575944706
37334,1363079319640297474
37335,1363078987346550786
37336,1363078925845471234
37337,1363078493186228224
37338,1363078401708425216
37339,1363078127996579840
37340,1363077945120727040
37341,1363077080808910849
37342,1363076769381822467
37343,1363076552171413507
37344,1363074959116038144
37345,1363074797425549314
37346,1363074773962665989
37347,1363074668274479104
37348,1363074551282819072
37349,1363073878004801539
37350,1363073410994221056
37351,1363072525807341570
37352,1363072515912982528
37353,1363071771801489408
37354,1363071761844207620
37355,1363071646924374016
37356,1363071377625014272
37357,1363071168618594305
37358,1363070249927606274
37359,1363070146932310022
37360,1363068991326068737
37361,1363068828121497604
37362,1363068353439543298
37363,1363068337304072192
37364,1363067679914008576
37365,1363067614499586051
37366,1363067228564951045
37367,1363067118904889344
37368,1363067010217869313
37369,1363066715236630531
37370,1363066365511421953
37371,1363066063462813697
37372,1363065067076521986
37373,1363064774473510913
37374,1363064538409623552
37375,1363064217499283457
37376,1363064179821862912
37377,1363064092773277698
37378,1363063622646251521
37379,1363063612714192901
37380,1363063102703558660
37381,1363062723748184064
37382,1363062713732202497
37383,1363062378674421762
37384,1363061661767241730
37385,1363061651868647425
37386,1363060274970902528
37387,1363060264963309570
37388,1363060116023635975
37389,1363058519033995265
37390,1363056662765010948
37391,1363055665372094467
37392,1363054523422539777
37393,1363053172651155458
37394,1363052953771335682
37395,1363052857281421314
37396,1363052787349786625
37397,1363051580539494402
37398,1363050508810743813
37399,1363050207005532160
37400,1363049582599503876
37401,1363049092486729733
37402,1363045996268294144
37403,1363042878138830849
37404,1363042171805265922
37405,1363041214937858050
37406,1363039914204540936
37407,1363039435898695681
37408,1363038361179590656
37409,1363036720455802883
37410,1363036698289004545
37411,1363034447323496451
37412,1363034098919501824
37413,1363033901246078977
37414,1363031312945283076
37415,1363028799219240961
37416,1363024988337541122
37417,1363022647446155265
37418,1363022298010316800
37419,1363021032043532289
37420,1363019756970868738
37421,1363019572056641537
37422,1363018631018405889
37423,1363017902128037888
37424,1363017258080034821
37425,1363016844643340288
37426,1363015084289703936
37427,1363014050444173315
37428,1363013839193845762
37429,1363013835221827584
37430,1363013588563148800
37431,1363011557156880384
37432,1363010743650648064
37433,1363008685845471232
37434,1363006300217565184
37435,1363005464989032448
37436,1363005462354882564
37437,1363005168934137859
37438,1363001870206316548
37439,1362996226006937602
37440,1362994577662234625
37441,1362993167092637697
37442,1362990766713405441
37443,1362990363636609025
37444,1362990242115047424
37445,1362986371359666179
37446,1362986267974242306
37447,1362984349914853376
37448,1362982536658362370
37449,1362980395193692164
37450,1362973280072794119
37451,1362972206293254147
37452,1362971070870003713
37453,1362968715709530118
37454,1362968517365145605
37455,1362966573485592576
37456,1362963218965159940
37457,1362959708584374274
37458,1362959362575196162
37459,1362959259806351363
37460,1362959021007904770
37461,1362958719215153155
37462,1362958026861330433
37463,1362957581304520707
37464,1362956892285247491
37465,1362953830850326531
37466,1362949786568167428
37467,1362948738159886341
37468,1362948493304885250
37469,1362948259669508096
37470,1362947613872578563
37471,1362947534231060480
37472,1362946072818122752
37473,1362945207789101063
37474,1362945152487194624
37475,1362944026568187905
37476,1362943816899170307
37477,1362943418570276866
37478,1362942543466536961
37479,1362940694281732099
37480,1362939356462403586
37481,1362937996849348613
37482,1362937312104054784
37483,1362937092196679682
37484,1362935934719823873
37485,1362930210753175552
37486,1362929342687371266
37487,1362929216673701888
37488,1362929088697143298
37489,1362928190004596737
37490,1362928064477421570
37491,1362928063714099202
37492,1362924929814056961
37493,1362923228038053898
37494,1362922686586970113
37495,1362922495771348994
37496,1362922474380414977
37497,1362922434840657924
37498,1362922391698108424
37499,1362921978328473602
37500,1362921161093484544
37501,1362920331883802626
37502,1362918752208175110
37503,1362917735118823424
37504,1362917590042042368
37505,1362916680150769665
37506,1362916170584719361
37507,1362916167304667138
37508,1362915932071481345
37509,1362915818548457488
37510,1362914341272616961
37511,1362913171292454912
37512,1362911779437821952
37513,1362911320786501633
37514,1362911317561135107
37515,1362910842086391809
37516,1362910743457316865
37517,1362910360857178112
37518,1362909744214781957
37519,1362909543496364032
37520,1362908832532488195
37521,1362908773875126272
37522,1362908104967528448
37523,1362907282460323848
37524,1362907262419877891
37525,1362907005858549763
37526,1362905441999724545
37527,1362905399356178443
37528,1362905052961251331
37529,1362904028007587843
37530,1362903260198285317
37531,1362903010968539136
37532,1362902818298945539
37533,1362902441814089728
37534,1362902354513833987
37535,1362901991828111368
37536,1362901915366006786
37537,1362901772449234947
37538,1362900908934324225
37539,1362900162276958220
37540,1362899772684840963
37541,1362899580795420672
37542,1362899506342338560
37543,1362899457528979457
37544,1362898682669125632
37545,1362896883719557122
37546,1362896784029331462
37547,1362896507356254208
37548,1362896457737658372
37549,1362896192749895683
37550,1362895757616025605
37551,1362895544776093697
37552,1362895453172477954
37553,1362892931531747333
37554,1362892217027805186
37555,1362891782779002881
37556,1362891717217820674
37557,1362891442146975744
37558,1362891124143177737
37559,1362889231081832454
37560,1362888662619475971
37561,1362887895560966148
37562,1362887288854892549
37563,1362886901766701064
37564,1362886809949265922
37565,1362886740692897797
37566,1362886597931380737
37567,1362886483833675780
37568,1362886002587688963
37569,1362885950733434887
37570,1362885892038418439
37571,1362885573304803331
37572,1362885244815368193
37573,1362885014267064321
37574,1362884797299908619
37575,1362884375940132868
37576,1362884218813091856
37577,1362884191487156227
37578,1362882758041812993
37579,1362882192242839552
37580,1362882078161911810
37581,1362881870854250505
37582,1362881501927505923
37583,1362880891161219074
37584,1362880419574788099
37585,1362880309239435264
37586,1362880143124004870
37587,1362879015573467138
37588,1362879013098774543
37589,1362879011257528329
37590,1362878515947982856
37591,1362877343656779777
37592,1362876972406308873
37593,1362876534487478274
37594,1362875989781577728
37595,1362875761804328960
37596,1362875173809094664
37597,1362874870816735241
37598,1362874008392335363
37599,1362873433911152642
37600,1362873221482225670
37601,1362872659734913026
37602,1362872483729338373
37603,1362872341202616321
37604,1362872256276418577
37605,1362872232842842119
37606,1362871661750611973
37607,1362871542913372166
37608,1362871427494469634
37609,1362871239006711812
37610,1362871223856824328
37611,1362871108052144131
37612,1362870632426450944
37613,1362870574964432902
37614,1362870407217438720
37615,1362870312174579713
37616,1362870251852099588
37617,1362870197468745729
37618,1362870183933616129
37619,1362870146684096518
37620,1362869994418241541
37621,1362869941817458690
37622,1362869116848250880
37623,1362868552030711808
37624,1362868362657886209
37625,1362868263307386884
37626,1362867351763505158
37627,1362867021369720845
37628,1362866822379417603
37629,1362866802158694403
37630,1362865613731995649
37631,1362865294939684864
37632,1362865124751659014
37633,1362864750883962881
37634,1362864607958880266
37635,1362863396421586946
37636,1362863262723936264
37637,1362863059782533121
37638,1362862776499269639
37639,1362862537734303752
37640,1362861749083533313
37641,1362861335084728323
37642,1362861124249657351
37643,1362860375276990465
37644,1362860093860155393
37645,1362859473732263951
37646,1362858711161700358
37647,1362858243039649796
37648,1362857757003681792
37649,1362857474462789634
37650,1362856753210265605
37651,1362856693655289858
37652,1362856495847780352
37653,1362855323472695297
37654,1362854986309394440
37655,1362854652304388098
37656,1362854469143175169
37657,1362854326637584388
37658,1362854242038464519
37659,1362853910860476419
37660,1362853625672986628
37661,1362853074537177095
37662,1362852506242547713
37663,1362852319742853121
37664,1362852132731441161
37665,1362852108991664135
37666,1362851594975510540
37667,1362850527172841473
37668,1362850287057313792
37669,1362849978947932177
37670,1362849975613468678
37671,1362849952888619009
37672,1362849800140562436
37673,1362849462146764801
37674,1362849449681313797
37675,1362849174841155598
37676,1362848644618190857
37677,1362848427470557190
37678,1362848299921924099
37679,1362847729274277894
37680,1362847400503705602
37681,1362846155546234880
37682,1362845627613339648
37683,1362845352190164993
37684,1362845055413813249
37685,1362844673144930304
37686,1362844672268394496
37687,1362843877657485318
37688,1362843824964448257
37689,1362843381618135044
37690,1362843168962719749
37691,1362842473295474696
37692,1362842303879127040
37693,1362842110240686080
37694,1362841541342081025
37695,1362841196016590850
37696,1362840834421440518
37697,1362840785671094277
37698,1362840778024878082
37699,1362840678552731653
37700,1362839885489537026
37701,1362839558442860547
37702,1362839405770211330
37703,1362838604637216768
37704,1362837943577108483
37705,1362837785112117250
37706,1362837400637030403
37707,1362836905608572931
37708,1362836875527016448
37709,1362835984400977920
37710,1362835972925308934
37711,1362835202482012161
37712,1362834995933503490
37713,1362834607721299979
37714,1362834355765338115
37715,1362834347364147201
37716,1362834340296671233
37717,1362834329844527104
37718,1362834278082613250
37719,1362834038516572165
37720,1362833702334713862
37721,1362833288986062853
37722,1362833105254572033
37723,1362832709257723907
37724,1362832207249879041
37725,1362831520701022208
37726,1362831215447932929
37727,1362831028096806912
37728,1362830730309603330
37729,1362829509100269573
37730,1362829105457152000
37731,1362828381272891392
37732,1362828017169559552
37733,1362827861489557506
37734,1362827741360488450
37735,1362827645889753089
37736,1362827007856410629
37737,1362826956404834304
37738,1362826154378481665
37739,1362825599543349251
37740,1362825269367734273
37741,1362824966203453450
37742,1362824007628775429
37743,1362823705324380163
37744,1362823203207454721
37745,1362821842671656960
37746,1362821803241070593
37747,1362821310271926277
37748,1362821248481386498
37749,1362820172390793217
37750,1362820138651832323
37751,1362820124672196610
37752,1362818056775479297
37753,1362816926028886020
37754,1362815992821387265
37755,1362815967944970242
37756,1362815838970068996
37757,1362815787799613441
37758,1362814696827613194
37759,1362814308619587588
37760,1362813394022240260
37761,1362812251795836928
37762,1362812136746057731
37763,1362809820995289088
37764,1362809177933049865
37765,1362809161029926912
37766,1362808341513310210
37767,1362806650487373825
37768,1362805926630223880
37769,1362805774431490052
37770,1362805562560417793
37771,1362805189787455489
37772,1362804733036146694
37773,1362803883198808067
37774,1362803762960687105
37775,1362803297166495744
37776,1362803220926648323
37777,1362802836267020290
37778,1362802521492881412
37779,1362802309634351105
37780,1362802183239065610
37781,1362802022349742081
37782,1362801439442161669
37783,1362801231744401410
37784,1362800864054763525
37785,1362800646626369542
37786,1362800064813535253
37787,1362799128695222280
37788,1362798496278003716
37789,1362798137765728262
37790,1362798115544309760
37791,1362797461186740224
37792,1362797272078163976
37793,1362796265973682178
37794,1362796220960436228
37795,1362796057361588225
37796,1362795653735325696
37797,1362794769353764868
37798,1362794759174189058
37799,1362794756041043970
37800,1362793161295355908
37801,1362791802122739713
37802,1362791552658132992
37803,1362791145609248769
37804,1362791109173338116
37805,1362790756877017088
37806,1362790087759695874
37807,1362788904311672833
37808,1362788536873865219
37809,1362788325564833796
37810,1362786722543771648
37811,1362784993525833730
37812,1362783527117467653
37813,1362783476441886724
37814,1362783433232113666
37815,1362782909455867905
37816,1362782682946670595
37817,1362782011862220809
37818,1362781245638381575
37819,1362780113675444224
37820,1362779880946102273
37821,1362779459858931714
37822,1362779421636190212
37823,1362779180174356484
37824,1362779008061100038
37825,1362778846974652420
37826,1362778288284909568
37827,1362777943550930963
37828,1362777651765792768
37829,1362776685607845888
37830,1362775758117208065
37831,1362775194822086657
37832,1362772010733084674
37833,1362771524260921347
37834,1362767913883738116
37835,1362767585415208960
37836,1362766512067608589
37837,1362765757004808192
37838,1362765298223489025
37839,1362764976860102658
37840,1362764304760659977
37841,1362764143095406592
37842,1362763879898435585
37843,1362763744330317824
37844,1362763046855323649
37845,1362762250214326274
37846,1362761774328664066
37847,1362761294068256771
37848,1362760879054479360
37849,1362759518464192512
37850,1362759381704708098
37851,1362759145489903621
37852,1362758706165927936
37853,1362757954555031553
37854,1362757074887835652
37855,1362756938468065287
37856,1362756902225129473
37857,1362754982186020864
37858,1362754367720464386
37859,1362753613215498243
37860,1362751766815772678
37861,1362751359565631490
37862,1362747764602527748
37863,1362747036328689665
37864,1362746027346919425
37865,1362744530110406660
37866,1362741505207783426
37867,1362741221001748481
37868,1362740708625514502
37869,1362740168663445504
37870,1362740069405249536
37871,1362737009886982145
37872,1362736690486534144
37873,1362736243411402753
37874,1362735994181672960
37875,1362735256088944641
37876,1362735047451832321
37877,1362734657767436291
37878,1362734517971283977
37879,1362734011324506114
37880,1362734006312329219
37881,1362733510331662338
37882,1362733019803582465
37883,1362732814899290114
37884,1362732405921107969
37885,1362732058548842497
37886,1362731218681364482
37887,1362730834076315650
37888,1362730283963940864
37889,1362728456656719875
37890,1362727976513716227
37891,1362727821756555272
37892,1362727648422625281
37893,1362727457158275077
37894,1362726673175760898
37895,1362726446062567428
37896,1362726317624557568
37897,1362726171453095938
37898,1362725927130714114
37899,1362724740960571395
37900,1362722478448082951
37901,1362721561577422849
37902,1362720801842204678
37903,1362720703624187906
37904,1362720675211972610
37905,1362720536732794895
37906,1362720474690711554
37907,1362719714775080960
37908,1362719388126838784
37909,1362719271525232644
37910,1362719268782149639
37911,1362719097696493570
37912,1362718759639744512
37913,1362718656292147203
37914,1362718573915996160
37915,1362718449982660609
37916,1362715515622486016
37917,1362714897122004993
37918,1362713652797861888
37919,1362713118040875008
37920,1362712486580019203
37921,1362711065155538953
37922,1362709131157786624
37923,1362707649582792704
37924,1362707340722663424
37925,1362707306304180225
37926,1362706880213229568
37927,1362705980392435712
37928,1362704615637213186
37929,1362703823895212035
37930,1362703574875176963
37931,1362701487999234048
37932,1362700955616182274
37933,1362699304687788034
37934,1362697637888221186
37935,1362696935656878089
37936,1362695896715173888
37937,1362693994791264256
37938,1362693501155213317
37939,1362692989798203394
37940,1362692089230860289
37941,1362691688381218818
37942,1362688514656239616
37943,1362688423753093121
37944,1362688380895649794
37945,1362682336358379520
37946,1362681202851930119
37947,1362681171826647040
37948,1362679199174168576
37949,1362674175995961344
37950,1362674109818232832
37951,1362672020677402624
37952,1362670756514168832
37953,1362670059404087296
37954,1362669917695315976
37955,1362667068135464961
37956,1362665116446183424
37957,1362662096241102850
37958,1362654152590041094
37959,1362653209064591361
37960,1362648477348552706
37961,1362648057356165122
37962,1362646334621245442
37963,1362643077681340417
37964,1362640419645980673
37965,1362640105324875776
37966,1362638392962523136
37967,1362637115704676352
37968,1362636416962998273
37969,1362636105619767296
37970,1362633640904183809
37971,1362633299714318341
37972,1362629659700133889
37973,1362628428378300421
37974,1362626080725688322
37975,1362624285542674433
37976,1362623977798176770
37977,1362623316679360513
37978,1362620450052931587
37979,1362610879628509184
37980,1362604428092653571
37981,1362603674116227074
37982,1362602086328901634
37983,1362601454696030210
37984,1362600302009081861
37985,1362600121830166538
37986,1362599837036863491
37987,1362599826341380098
37988,1362598353297629186
37989,1362598270942519314
37990,1362598171927601156
37991,1362597239827410946
37992,1362595930869035011
37993,1362594728739540996
37994,1362592620883693568
37995,1362589650473345030
37996,1362585238849863680
37997,1362584950004932609
37998,1362583757212045315
37999,1362581121456877568
38000,1362579320233984000
38001,1362576730851016708
38002,1362576630368108545
38003,1362575967768764416
38004,1362575898696900609
38005,1362575862479126528
38006,1362575127578243076
38007,1362575127276314625
38008,1362572249727959044
38009,1362572001269923842
38010,1362568457716383744
38011,1362563392288997379
38012,1362560836020109312
38013,1362559165001007107
38014,1362557810748379137
38015,1362556948554649604
38016,1362556457712046083
38017,1362556204392845320
38018,1362554303911780356
38019,1362554295548317710
38020,1362553746396479490
38021,1362552953773711361
38022,1362552884349575169
38023,1362552478076604421
38024,1362551032555913221
38025,1362550822203179008
38026,1362548990139629575
38027,1362547905471647745
38028,1362547756980723714
38029,1362547310266355715
38030,1362546687496114178
38031,1362546000414539776
38032,1362545838975762439
38033,1362544810612187138
38034,1362544561382436873
38035,1362544462392614912
38036,1362543003018153988
38037,1362542914405097472
38038,1362542412824993792
38039,1362540972312317953
38040,1362537841218174983
38041,1362535784461574153
38042,1362533282135629832
38043,1362533015197540352
38044,1362532830627180559
38045,1362532407329624071
38046,1362531261902897153
38047,1362531010957697026
38048,1362530066777968640
38049,1362529999568461825
38050,1362529445622517761
38051,1362528505456640000
38052,1362528054115983365
38053,1362526372242075650
38054,1362526053130850305
38055,1362525393543127049
38056,1362525211678105602
38057,1362524803593347082
38058,1362524419344760832
38059,1362523709173604356
38060,1362523629473390594
38061,1362522908493496321
38062,1362522343797587971
38063,1362521860055982082
38064,1362521443318308876
38065,1362521271599128577
38066,1362520115053486084
38067,1362519778250874884
38068,1362519672843866115
38069,1362519181984493570
38070,1362518883127734282
38071,1362518757848055819
38072,1362518309187575813
38073,1362517048157483010
38074,1362516791554166790
38075,1362516312673648642
38076,1362515840147595269
38077,1362515781146316807
38078,1362515174725410820
38079,1362515155523928077
38080,1362514704996917265
38081,1362514114946416640
38082,1362513706211549190
38083,1362513615140577280
38084,1362513396302774273
38085,1362513251586736129
38086,1362512548638171138
38087,1362511200559517696
38088,1362510756999274500
38089,1362510151878660096
38090,1362509432966569987
38091,1362508752952438785
38092,1362507472196546563
38093,1362507158458368002
38094,1362506844154048516
38095,1362506719977431040
38096,1362506715967717383
38097,1362506058468589571
38098,1362505746739511299
38099,1362505516090601477
38100,1362505438667890688
38101,1362502264016039937
38102,1362502214527426565
38103,1362500370342305796
38104,1362500135364739073
38105,1362499983690379277
38106,1362499631201079301
38107,1362499352929980420
38108,1362498683401601029
38109,1362498625893527554
38110,1362498362516373508
38111,1362496608764575754
38112,1362496040671313923
38113,1362495322610663427
38114,1362494878253535233
38115,1362494808846184467
38116,1362494709902565378
38117,1362494364551938056
38118,1362494137073868805
38119,1362493732537442306
38120,1362493695761743877
38121,1362493108844396547
38122,1362492994369298442
38123,1362492666903207939
38124,1362492613107007493
38125,1362492469183737860
38126,1362491822698815495
38127,1362491647385350154
38128,1362491594780377088
38129,1362491101505089539
38130,1362489684538970115
38131,1362488862761697286
38132,1362488274166681600
38133,1362487707767894016
38134,1362487319194984450
38135,1362487166207733761
38136,1362486373807239173
38137,1362486130973753348
38138,1362485538738044930
38139,1362485464700182533
38140,1362485372484255752
38141,1362484677068603398
38142,1362483920747511808
38143,1362483391162179585
38144,1362483248388075522
38145,1362483019789987841
38146,1362482843167956996
38147,1362482310856269824
38148,1362481459244765184
38149,1362481079618306048
38150,1362480321489477632
38151,1362480276627206144
38152,1362480049727934464
38153,1362479902491082764
38154,1362479637511737345
38155,1362478525127786509
38156,1362478238380023808
38157,1362478230977052673
38158,1362478178325921799
38159,1362478090081943557
38160,1362478080443482116
38161,1362478070742077441
38162,1362477614250811395
38163,1362477444553445384
38164,1362477092823261189
38165,1362476984794640386
38166,1362476767664046086
38167,1362476698705530880
38168,1362476301186191367
38169,1362475762599755781
38170,1362475321459691535
38171,1362475060716576769
38172,1362474949772865542
38173,1362474905443401731
38174,1362474463443443715
38175,1362474396963790853
38176,1362473987075366912
38177,1362473632182784001
38178,1362473438779179011
38179,1362473258734485512
38180,1362473153021247498
38181,1362472486751924225
38182,1362471618765856785
38183,1362471461668220934
38184,1362471314578153475
38185,1362470680038637568
38186,1362470625579827204
38187,1362470302236737537
38188,1362470250403528705
38189,1362469293561151496
38190,1362469212422340618
38191,1362468993706164225
38192,1362468635256709120
38193,1362468263377141761
38194,1362468232955887618
38195,1362467415293067264
38196,1362467077215420422
38197,1362467043870707714
38198,1362464820063326209
38199,1362464742728736768
38200,1362464105928527875
38201,1362463820418007044
38202,1362463390346612736
38203,1362462913181720577
38204,1362462824497250307
38205,1362462534779994113
38206,1362461282029490186
38207,1362460678951469059
38208,1362460658332282881
38209,1362460631102799877
38210,1362460595161862146
38211,1362460343147126784
38212,1362459790019035141
38213,1362459555406483464
38214,1362458105389309955
38215,1362457606506360838
38216,1362457412221992963
38217,1362457222043873281
38218,1362456778949210117
38219,1362456114504339459
38220,1362455733808353283
38221,1362455395554504705
38222,1362454967001493507
38223,1362454910789439488
38224,1362454406751518725
38225,1362454330910081024
38226,1362454316397830144
38227,1362453702657921024
38228,1362453685259935746
38229,1362452827629621249
38230,1362452721190793224
38231,1362450948887621632
38232,1362450393784086531
38233,1362448127517687809
38234,1362447964858421249
38235,1362447446102663172
38236,1362447280834510855
38237,1362447011212058625
38238,1362446418179465222
38239,1362446349153816579
38240,1362445572301590532
38241,1362444883898859526
38242,1362444568243949576
38243,1362444324730978306
38244,1362444150289874947
38245,1362444024779595776
38246,1362443975957884935
38247,1362443958715113474
38248,1362443761977016320
38249,1362443675188551690
38250,1362443024383508482
38251,1362442959560531971
38252,1362442816929030144
38253,1362441542267510785
38254,1362441277636292610
38255,1362441012250103809
38256,1362439057654038531
38257,1362437825749266438
38258,1362437722942578688
38259,1362436938310049798
38260,1362436704079142916
38261,1362435226568376324
38262,1362433477849862146
38263,1362432700175572995
38264,1362432516154662917
38265,1362432160322445318
38266,1362432077992493058
38267,1362431873125916673
38268,1362431870949072905
38269,1362431683706970115
38270,1362431086349942785
38271,1362430659910901760
38272,1362430593607344129
38273,1362430295350390788
38274,1362428530752184327
38275,1362427906824294407
38276,1362427107872296963
38277,1362426889411964932
38278,1362426860689309697
38279,1362426835041189900
38280,1362426010621337603
38281,1362425702377791490
38282,1362425641690406915
38283,1362425401889366026
38284,1362425318561185795
38285,1362425169550209025
38286,1362423934935846913
38287,1362423914434027524
38288,1362423314719911937
38289,1362423023702278145
38290,1362422896958840832
38291,1362422688833282065
38292,1362422591445749768
38293,1362419836316508163
38294,1362419057350311942
38295,1362418905390718981
38296,1362417806378209284
38297,1362416796972814338
38298,1362416795043450881
38299,1362416768514465795
38300,1362416585667866624
38301,1362414133619081219
38302,1362413919944519683
38303,1362413774758674436
38304,1362413267864461321
38305,1362413037978873859
38306,1362412763415523328
38307,1362412118104924160
38308,1362411695344394244
38309,1362411683717742610
38310,1362411220897259530
38311,1362410862913421321
38312,1362410218055995393
38313,1362410182563758087
38314,1362409943530364932
38315,1362409409436073994
38316,1362407131786412039
38317,1362406801560502272
38318,1362406531975811079
38319,1362406066403889155
38320,1362405257851121666
38321,1362405150334328833
38322,1362404974370709508
38323,1362404685982949377
38324,1362404056497614848
38325,1362403938796986369
38326,1362403897525104644
38327,1362403863106629632
38328,1362403749575217152
38329,1362403315351498760
38330,1362403116969304064
38331,1362402300233400321
38332,1362401616956170242
38333,1362401072170565636
38334,1362400990293610499
38335,1362400925034438658
38336,1362400842326937600
38337,1362399999380840450
38338,1362399487721881600
38339,1362398932207337475
38340,1362398683157979137
38341,1362398016724942851
38342,1362397941575553032
38343,1362397565858283521
38344,1362397359838285825
38345,1362396683863265285
38346,1362396622764793857
38347,1362396609255006211
38348,1362396564497424386
38349,1362395864715698184
38350,1362395266658271232
38351,1362394428560801794
38352,1362393981523546115
38353,1362393907468906499
38354,1362393645069053958
38355,1362393635682197504
38356,1362393308337758212
38357,1362393297629675521
38358,1362393216406999046
38359,1362393106356850688
38360,1362393011070640135
38361,1362392879826632705
38362,1362392443770052608
38363,1362392441064669184
38364,1362391925827977217
38365,1362391728720904202
38366,1362391679454482435
38367,1362391261328650241
38368,1362391010983174146
38369,1362391000921100291
38370,1362390856876109827
38371,1362390830267432968
38372,1362390786051039245
38373,1362390733362139141
38374,1362390718816337920
38375,1362390682787340292
38376,1362390540877262849
38377,1362390523143729158
38378,1362390335515688963
38379,1362390182087942148
38380,1362388654841339906
38381,1362388405330587649
38382,1362388086240538628
38383,1362386982022823943
38384,1362386755731812352
38385,1362386583190700032
38386,1362386438654984198
38387,1362386391989059594
38388,1362386322397224961
38389,1362385871408930817
38390,1362385489601437698
38391,1362385396844404738
38392,1362384769565265925
38393,1362384690209058818
38394,1362384653437534208
38395,1362383823871369218
38396,1362382926080581632
38397,1362382608311623683
38398,1362382412202803206
38399,1362382361988640770
38400,1362382299837431809
38401,1362381830423535616
38402,1362381600068100096
38403,1362380590515904514
38404,1362380458412167171
38405,1362380291902431235
38406,1362379146584809474
38407,1362379045506322436
38408,1362378501916090372
38409,1362378142288125952
38410,1362377254484004865
38411,1362377070119170048
38412,1362376882063355904
38413,1362375585973043206
38414,1362375503051689987
38415,1362375489806094343
38416,1362375176709681153
38417,1362375058648260615
38418,1362374817299726341
38419,1362374177039085573
38420,1362374149566574595
38421,1362374139173085185
38422,1362374077080551425
38423,1362374002099048451
38424,1362373452766859268
38425,1362373320499490818
38426,1362373159551447041
38427,1362373139179728897
38428,1362373122759004168
38429,1362373094069960709
38430,1362372948556931073
38431,1362372835478487041
38432,1362372835205910530
38433,1362372376353202177
38434,1362372274767167494
38435,1362372087852236801
38436,1362372005165748224
38437,1362371909111975938
38438,1362371817000890372
38439,1362371492726665217
38440,1362371340314030081
38441,1362371283187421189
38442,1362371206129872899
38443,1362371148986658818
38444,1362371118372298757
38445,1362371089444311041
38446,1362371079386271744
38447,1362371004819980290
38448,1362371000315207682
38449,1362370974025322498
38450,1362370933613289472
38451,1362370500085874691
38452,1362370149299404803
38453,1362370139317039107
38454,1362370074208849927
38455,1362370017078226945
38456,1362369835020263429
38457,1362369770562195457
38458,1362369760600748036
38459,1362369532468334592
38460,1362369422162190336
38461,1362369042833670144
38462,1362368972964982786
38463,1362368915284844551
38464,1362368914550886400
38465,1362368891662589953
38466,1362368557166825475
38467,1362368492176080900
38468,1362368455849222146
38469,1362368187627696129
38470,1362368118673207297
38471,1362367987077050373
38472,1362367977086201857
38473,1362367881317646339
38474,1362367744226848769
38475,1362367685087141888
38476,1362367562693099521
38477,1362367424155316231
38478,1362367268487909376
38479,1362367246144839680
38480,1362367236216926210
38481,1362367045531279361
38482,1362366348257603590
38483,1362366177339715589
38484,1362366156334649344
38485,1362366156145913856
38486,1362366152236802049
38487,1362365158606204929
38488,1362364342730186758
38489,1362364158763814915
38490,1362364148793942019
38491,1362362916423561219
38492,1362362581474807809
38493,1362362374502645762
38494,1362361512799719427
38495,1362361445233655810
38496,1362361392179855361
38497,1362361335615520769
38498,1362361152777441280
38499,1362360186049073154
38500,1362360123365203968
38501,1362358112905273344
38502,1362357984467296258
38503,1362357691788722178
38504,1362356941758992387
38505,1362356773257162755
38506,1362356508336545795
38507,1362356313141952513
38508,1362355815034806280
38509,1362354925448101888
38510,1362350791969935362
38511,1362349367802421249
38512,1362348982027104258
38513,1362348636118667265
38514,1362348272673824771
38515,1362347507678863362
38516,1362346135562702848
38517,1362345292750860288
38518,1362345106095931394
38519,1362343730867535875
38520,1362343095455596544
38521,1362342888668020737
38522,1362340861267304449
38523,1362340499298918400
38524,1362339367843414016
38525,1362338355686608898
38526,1362336451174821895
38527,1362334366324715523
38528,1362333947351465986
38529,1362333195161731075
38530,1362331564269568002
38531,1362329271021285380
38532,1362328840371060738
38533,1362327289124556800
38534,1362325571494109185
38535,1362324632410476544
38536,1362323931143757827
38537,1362323468310761473
38538,1362323442553540608
38539,1362322859868246018
38540,1362322849999036417
38541,1362320951552208897
38542,1362317644565774338
38543,1362317495152107520
38544,1362312893006446593
38545,1362311735223451648
38546,1362309183543074817
38547,1362308852549566464
38548,1362304453634908161
38549,1362303442006519810
38550,1362301884665651203
38551,1362301055510450176
38552,1362298271142735873
38553,1362297717578493956
38554,1362294442032586752
38555,1362292475541544963
38556,1362286083103457281
38557,1362285823849332742
38558,1362284046034890753
38559,1362283370802257926
38560,1362274991715323907
38561,1362269536523796480
38562,1362262429053444097
38563,1362261812155092996
38564,1362258763550519297
38565,1362255768708382720
38566,1362249205385990148
38567,1362248975257137155
38568,1362248933246971913
38569,1362247547507589121
38570,1362245644929413126
38571,1362244287673425920
38572,1362239019313229824
38573,1362226993488482308
38574,1362220293238980611
38575,1362217086689419266
38576,1362215008000737282
38577,1362214342867959809
38578,1362210870047240201
38579,1362207973829967875
38580,1362206718436999171
38581,1362205190917476353
38582,1362203044050575363
38583,1362202366318108672
38584,1362198897649537025
38585,1362197300517437442
38586,1362196761134198786
38587,1362196278160072709
38588,1362192039123779584
38589,1362189291804311558
38590,1362188928678301703
38591,1362182846769737733
38592,1362182130701373440
38593,1362181337315172352
38594,1362177291279888391
38595,1362175793141592067
38596,1362175672450506753
38597,1362172745413513222
38598,1362172169543901185
38599,1362170479465922563
38600,1362168164663103490
38601,1362167125478150152
38602,1362166815351259138
38603,1362166264307793925
38604,1362165426944282626
38605,1362165366743531522
38606,1362164809916182528
38607,1362164800021819399
38608,1362163567978512386
38609,1362162803235258370
38610,1362162233577472003
38611,1362161885077000194
38612,1362161601521082369
38613,1362161122032427008
38614,1362160744855457792
38615,1362160734495535117
38616,1362160389551771654
38617,1362160001163407361
38618,1362159668307623937
38619,1362159638624563203
38620,1362158817304313859
38621,1362157184726016002
38622,1362156115727941632
38623,1362155786168918023
38624,1362155455884181506
38625,1362155350770786305
38626,1362153980428713984
38627,1362153095761903616
38628,1362152836994334726
38629,1362151881305448448
38630,1362151671019827201
38631,1362151582004092929
38632,1362151009301200898
38633,1362150609265319937
38634,1362150578911137793
38635,1362150543351775235
38636,1362150449915326466
38637,1362149728272662533
38638,1362149718424506371
38639,1362149254349881344
38640,1362149006487543811
38641,1362148940318130180
38642,1362147681435602945
38643,1362147591039909901
38644,1362147559268089867
38645,1362147454859288580
38646,1362145077146058755
38647,1362145053460856832
38648,1362144903619313679
38649,1362144590967545862
38650,1362144029664813058
38651,1362143274027384832
38652,1362143257581416448
38653,1362143186014113795
38654,1362143064584773632
38655,1362142720559640581
38656,1362142272154910722
38657,1362141754196189192
38658,1362141648487120910
38659,1362141574596091910
38660,1362141550986297349
38661,1362141540181827586
38662,1362141004535595008
38663,1362140891981430794
38664,1362140758132862981
38665,1362139834593206276
38666,1362138499621801988
38667,1362137695087173641
38668,1362137421291388932
38669,1362137388387041280
38670,1362137105179230213
38671,1362136905169719300
38672,1362136092011593746
38673,1362135537549770760
38674,1362134890645487618
38675,1362134590761144322
38676,1362133969173684224
38677,1362133867428270085
38678,1362133102936604675
38679,1362132867426443264
38680,1362132297277964297
38681,1362132228491337731
38682,1362132208048353280
38683,1362131561177579520
38684,1362131314728701955
38685,1362131304398151687
38686,1362130801173872643
38687,1362129691394465792
38688,1362129259242913795
38689,1362129249365286916
38690,1362128037605748741
38691,1362127470082801665
38692,1362127457156030467
38693,1362127105178361859
38694,1362125699889434636
38695,1362125555378884614
38696,1362125153031901188
38697,1362124891504451584
38698,1362123997404659712
38699,1362123486190317569
38700,1362123185404211210
38701,1362122799469502464
38702,1362122437526245377
38703,1362122052912754693
38704,1362120080407027720
38705,1362119752202784781
38706,1362118595032023050
38707,1362115850942230529
38708,1362114592202231808
38709,1362114210872909825
38710,1362113806772633600
38711,1362113762661130243
38712,1362113329196503040
38713,1362113010513424386
38714,1362112601879150597
38715,1362112433133940742
38716,1362112337801584641
38717,1362112005570785280
38718,1362111585225830400
38719,1362111545447231491
38720,1362110864590053378
38721,1362109671516082181
38722,1362109558798381067
38723,1362109268527362051
38724,1362109134301237249
38725,1362108460603736067
38726,1362107281450684423
38727,1362107048213774346
38728,1362107044715630592
38729,1362107044090630144
38730,1362106920316923907
38731,1362106633665576966
38732,1362106319528988675
38733,1362106015135789056
38734,1362105952145715203
38735,1362105672817647624
38736,1362104906996416514
38737,1362103823863590919
38738,1362103800149008386
38739,1362103656695422980
38740,1362103417926127621
38741,1362103387928543240
38742,1362103297025392646
38743,1362103222865911812
38744,1362102544802213898
38745,1362102290895757312
38746,1362102186738671618
38747,1362101946182602754
38748,1362101939106889728
38749,1362100538582654976
38750,1362100103796899842
38751,1362100062973808644
38752,1362100056984334340
38753,1362099349308776452
38754,1362099252898447365
38755,1362099233663385600
38756,1362098946479452162
38757,1362098929635110917
38758,1362098825884815360
38759,1362098745622593541
38760,1362098569562509316
38761,1362098492806733824
38762,1362098403639975939
38763,1362098392017604608
38764,1362098374451879942
38765,1362098371910135810
38766,1362098275822821379
38767,1362098067487547396
38768,1362097759344599043
38769,1362097474895302659
38770,1362097031070834696
38771,1362096905874997251
38772,1362096716418338816
38773,1362096706503012353
38774,1362096226796269574
38775,1362096188229644288
38776,1362095399750819842
38777,1362095214228291585
38778,1362094165669126145
38779,1362092165225205765
38780,1362091850404941829
38781,1362089463141306369
38782,1362088873719980032
38783,1362088469095473156
38784,1362087600631218178
38785,1362085516989071363
38786,1362083437683875852
38787,1362083277692153865
38788,1362083222088278026
38789,1362083062616580096
38790,1362082891023474691
38791,1362082437065564161
38792,1362082006440562691
38793,1362080942538514434
38794,1362080561863524354
38795,1362080458503303170
38796,1362079392911011846
38797,1362079309159137284
38798,1362078009054949382
38799,1362077564383223810
38800,1362076687568093186
38801,1362076179193344001
38802,1362075523489419264
38803,1362075365485797378
38804,1362073567559622656
38805,1362073086867218432
38806,1362073068319821824
38807,1362072963667886089
38808,1362072917966794753
38809,1362072588390985728
38810,1362071423121055752
38811,1362070454362595331
38812,1362070430564184066
38813,1362069929932054532
38814,1362069795118661634
38815,1362069280381169672
38816,1362069020862795783
38817,1362067334379274246
38818,1362066447854428160
38819,1362065980021641224
38820,1362065519151640580
38821,1362065403405623297
38822,1362064635030102017
38823,1362064085861474305
38824,1362063878004219904
38825,1362063751575461890
38826,1362062734909710341
38827,1362061815618879490
38828,1362061790977351682
38829,1362061745800544260
38830,1362061743636111363
38831,1362061705602342919
38832,1362060241316290564
38833,1362060093190201350
38834,1362059844417683458
38835,1362059531237416963
38836,1362059217214074882
38837,1362058350528233472
38838,1362058201827586056
38839,1362058097502654464
38840,1362057496706260998
38841,1362056010584580098
38842,1362055760797179904
38843,1362054998968983560
38844,1362054271613681678
38845,1362054265817214976
38846,1362054204127240193
38847,1362053999072010247
38848,1362053294428930051
38849,1362053273931427843
38850,1362053086894829569
38851,1362052706945413127
38852,1362052150503727111
38853,1362051823662678020
38854,1362051668230238217
38855,1362051433550536705
38856,1362051094134800387
38857,1362050735832203269
38858,1362050207152799746
38859,1362049560579891201
38860,1362048367463968772
38861,1362048362824916996
38862,1362048216016027651
38863,1362048011182997510
38864,1362047866135527425
38865,1362047612573151234
38866,1362047413935091713
38867,1362047237732327428
38868,1362047147672281088
38869,1362046842012377089
38870,1362046698231640076
38871,1362046689754951681
38872,1362046679432769536
38873,1362045298386829314
38874,1362044982744514562
38875,1362044783590477830
38876,1362041611056742401
38877,1362041358890975238
38878,1362040503278202889
38879,1362039982400094213
38880,1362038226043691011
38881,1362037695967559692
38882,1362037627327836163
38883,1362037006767968256
38884,1362036178409635840
38885,1362035719305371649
38886,1362033861790748673
38887,1362033203104612352
38888,1362032803081302017
38889,1362032681425453057
38890,1362032438038380547
38891,1362032263790292994
38892,1362032006608146433
38893,1362031872184836106
38894,1362031378980864005
38895,1362030414110593024
38896,1362030297982844933
38897,1362029538625130498
38898,1362029028534865921
38899,1362028626506612739
38900,1362028412290945025
38901,1362027770830721025
38902,1362027629260464131
38903,1362027419947917315
38904,1362027188254629889
38905,1362027140061954053
38906,1362026364401053698
38907,1362025482120794113
38908,1362025432275632128
38909,1362025253648683008
38910,1362024993064910849
38911,1362024290762313729
38912,1362024212274282497
38913,1362024001502117889
38914,1362023996464590856
38915,1362023549326794755
38916,1362023421572481027
38917,1362023122690580484
38918,1362022532224872449
38919,1362022447495729154
38920,1362022403195420674
38921,1362021362286657536
38922,1362020779559448578
38923,1362020709065752577
38924,1362020620792451072
38925,1362020612957437958
38926,1362020537539719170
38927,1362020490622214145
38928,1362019464733224960
38929,1362018410058678273
38930,1362018227564531712
38931,1362017419955499008
38932,1362017408672792577
38933,1362017269224796160
38934,1362017118393413637
38935,1362017108561977345
38936,1362017064140099589
38937,1362016830173380612
38938,1362016452740608003
38939,1362016368816717826
38940,1362015848072949763
38941,1362015538336178178
38942,1362015477581680641
38943,1362014970607763457
38944,1362014918686498818
38945,1362013791844728833
38946,1362013556498194434
38947,1362013373941047296
38948,1362011742432280576
38949,1362011245189222401
38950,1362010275587780608
38951,1362008492756844548
38952,1362007945291120641
38953,1362006438252597249
38954,1362005642261770243
38955,1362004320623886338
38956,1362004134648496132
38957,1362002007083614211
38958,1362001680745852928
38959,1362001639905837058
38960,1362001309478645760
38961,1362000963507216385
38962,1362000410475696128
38963,1362000087459635205
38964,1361999575263895553
38965,1361998581188673536
38966,1361998490742779905
38967,1361997984536354820
38968,1361996962086719490
38969,1361994014451507201
38970,1361993119110168577
38971,1361992871172268036
38972,1361992517173018627
38973,1361990947576414210
38974,1361990656202338310
38975,1361989397885972482
38976,1361989029890314242
38977,1361989015696769024
38978,1361988986709934088
38979,1361988188420595715
38980,1361986699358842881
38981,1361986381803888642
38982,1361985421312487427
38983,1361985175790514176
38984,1361984390402895873
38985,1361983760477147136
38986,1361983408482697219
38987,1361982821657673729
38988,1361981925255229446
38989,1361981712440446978
38990,1361980621891977216
38991,1361977982118723585
38992,1361977558917656577
38993,1361976950189928449
38994,1361975074178367490
38995,1361974762365476865
38996,1361973453713264640
38997,1361973237400432641
38998,1361973063978524672
38999,1361972693726298114
39000,1361972691306176520
39001,1361972667872661506
